#dataset: yale
#way backdoor looks like: green_squares
#merge strategy: aggregation
#learning rate: 0.0001
#number of benign sources: 10
#number of malicious sources: 0
#batch size: 32
#distribution of data: equally distributed subset
#percentage of poisoned data in backdoored nodes: 1.0
#order of time backdoors being inserted: no
#model replacement: False
#starttime: 123756
training_type;epoch_number;learn_rate;avg_training_loss;avg_test_loss;test_accuracy;timestamp
normal;1;0.0001;6.9360;6.907572797628549;7.6923076923076925;123816
normal;2;0.0001;6.9075;6.907374271979699;7.6923076923076925;123835
normal;3;0.0001;6.9073;6.9071603261507475;7.6923076923076925;123853
normal;4;0.0001;6.9071;6.906938604208139;7.6923076923076925;123912
normal;5;0.0001;6.9069;6.906709238199087;7.6923076923076925;123930
normal;6;0.0001;6.9066;6.906469990656926;7.6923076923076925;123949
normal;7;0.0001;6.9064;6.906220956949087;7.6923076923076925;124003
normal;8;0.0001;6.9062;6.905962855999286;7.6923076923076925;124017
normal;9;0.0001;6.9059;6.905692819448618;7.6923076923076925;124031
normal;10;0.0001;6.9056;6.905410605210524;7.6923076923076925;124045
normal;11;0.0001;6.9053;6.905111004756047;7.6923076923076925;124100
normal;12;0.0001;6.9050;6.904794692993164;7.6923076923076925;124115
normal;13;0.0001;6.9047;6.90445740039532;7.6923076923076925;124129
normal;14;0.0001;6.9044;6.904100865584153;7.6923076923076925;124142
normal;15;0.0001;6.9040;6.903714297367976;7.6923076923076925;124155
normal;16;0.0001;6.9036;6.90330108495859;7.6923076923076925;124208
normal;17;0.0001;6.9032;6.902847957611084;7.6923076923076925;124221
normal;18;0.0001;6.9027;6.9023560157189;7.6923076923076925;124234
normal;19;0.0001;6.9022;6.901816830268273;7.6923076923076925;124247
normal;20;0.0001;6.9017;6.90122170815101;7.6923076923076925;124300
normal;21;0.0001;6.9011;6.900562491783729;7.6923076923076925;124313
normal;22;0.0001;6.9004;6.899825052114633;7.6923076923076925;124325
normal;23;0.0001;6.8996;6.89899661724384;7.6923076923076925;124339
normal;24;0.0001;6.8988;6.898058238396278;7.6923076923076925;124352
normal;25;0.0001;6.8978;6.896994370680589;7.6923076923076925;124405
normal;26;0.0001;6.8967;6.895777562948374;7.6923076923076925;124418
normal;27;0.0001;6.8954;6.894372749328613;7.6923076923076925;124431
normal;28;0.0001;6.8940;6.8927445558401255;7.6923076923076925;124444
normal;29;0.0001;6.8923;6.890849047440749;7.6923076923076925;124457
normal;30;0.0001;6.8903;6.888616576561561;7.6923076923076925;124510
normal;31;0.0001;6.8880;6.885977114163913;7.6923076923076925;124523
normal;32;0.0001;6.8852;6.88282851439256;7.6923076923076925;124537
normal;33;0.0001;6.8819;6.879041348970853;7.6923076923076925;124550
normal;34;0.0001;6.8779;6.874463947002704;7.6923076923076925;124603
normal;35;0.0001;6.8731;6.868884864220252;7.6923076923076925;124616
normal;36;0.0001;6.8672;6.862026317302997;7.6923076923076925;124629
normal;37;0.0001;6.8600;6.853529622004582;7.6923076923076925;124642
normal;38;0.0001;6.8510;6.842910260420579;7.6923076923076925;124655
normal;39;0.0001;6.8397;6.829517496549166;7.6923076923076925;124708
normal;40;0.0001;6.8255;6.812478270897499;7.6923076923076925;124721
normal;41;0.0001;6.8073;6.790600109100342;7.6923076923076925;124734
normal;42;0.0001;6.7839;6.762270626654992;7.6923076923076925;124747
normal;43;0.0001;6.7536;6.725259846907395;7.6923076923076925;124800
normal;44;0.0001;6.7138;6.676486264742338;7.6923076923076925;124813
normal;45;0.0001;6.6613;6.611661162743202;7.6923076923076925;124826
normal;46;0.0001;6.5914;6.524821032010592;7.6923076923076925;124839
normal;47;0.0001;6.4976;6.407530051011306;7.6923076923076925;124852
normal;48;0.0001;6.3707;6.247822937598595;7.6923076923076925;124905
normal;49;0.0001;6.1974;6.028759032029372;7.6923076923076925;124918
normal;50;0.0001;5.9588;5.726401035602276;7.6923076923076925;124932
normal;51;0.0001;5.6288;5.307180133232704;7.6923076923076925;124945
normal;52;0.0001;5.1715;4.728816017737755;7.6923076923076925;124957
normal;53;0.0001;4.5437;3.964188135587252;7.6923076923076925;125010
normal;54;0.0001;3.7433;3.1345119549677922;7.6923076923076925;125023
normal;55;0.0001;2.9751;2.6667261050297664;7.6923076923076925;125036
normal;56;0.0001;2.6301;2.583560188000019;7.6923076923076925;125049
normal;57;0.0001;2.5751;2.5781652670640214;7.6923076923076925;125102
normal;58;0.0001;2.5690;2.5801249504089356;7.6923076923076925;125115
normal;59;0.0001;2.5712;2.58238190137423;7.6923076923076925;125128
normal;60;0.0001;2.5696;2.5773549483372613;7.6923076923076925;125141
normal;61;0.0001;2.5702;2.571329219524677;7.6923076923076925;125154
normal;62;0.0001;2.5690;2.569831609725952;7.6923076923076925;125207
normal;63;0.0001;2.5674;2.5691513208242562;7.6923076923076925;125220
normal;64;0.0001;2.5671;2.569428487924429;10.76923076923077;125233
normal;65;0.0001;2.5631;2.571947743342473;7.6923076923076925;125246
normal;66;0.0001;2.5659;2.5718377700218786;7.6923076923076925;125259
normal;67;0.0001;2.5652;2.5694904474111704;7.6923076923076925;125312
normal;68;0.0001;2.5698;2.5686827182769774;7.6923076923076925;125325
normal;69;0.0001;2.5661;2.5679590445298417;7.6923076923076925;125338
normal;70;0.0001;2.5648;2.567748055091271;7.6923076923076925;125351
normal;71;0.0001;2.5663;2.568866406954252;7.6923076923076925;125404
normal;72;0.0001;2.5682;2.5693031567793625;7.6923076923076925;125419
normal;73;0.0001;2.5614;2.5688135403853196;7.6923076923076925;125433
normal;74;0.0001;2.5642;2.5684662378751315;7.6923076923076925;125447
normal;75;0.0001;2.5647;2.5679773330688476;7.6923076923076925;125500
normal;76;0.0001;2.5654;2.567631024580735;7.6923076923076925;125515
normal;77;0.0001;2.5634;2.5679764160743126;7.6923076923076925;125529
normal;78;0.0001;2.5655;2.5685659445249116;7.6923076923076925;125544
normal;79;0.0001;2.5672;2.5687651854294997;7.6923076923076925;125558
normal;80;0.0001;2.5702;2.5685752942011906;7.6923076923076925;125613
normal;81;0.0001;2.5631;2.5681231645437386;7.6923076923076925;125628
normal;82;0.0001;2.5630;2.567806937144353;7.6923076923076925;125643
normal;83;0.0001;2.5669;2.5678320444547214;7.6923076923076925;125657
normal;84;0.0001;2.5634;2.568165617722731;7.6923076923076925;125712
normal;85;0.0001;2.5618;2.5684968691605787;7.6923076923076925;125728
normal;86;0.0001;2.5652;2.5685320744147666;7.6923076923076925;125742
normal;87;0.0001;2.5652;2.5683585790487435;7.6923076923076925;125755
normal;88;0.0001;2.5597;2.5681231351999134;7.6923076923076925;125808
normal;89;0.0001;2.5632;2.5679761446439304;7.6923076923076925;125823
normal;90;0.0001;2.5629;2.568004270700308;7.6923076923076925;125837
normal;91;0.0001;2.5629;2.568094910108126;7.6923076923076925;125856
normal;92;0.0001;2.5636;2.5682276689089263;7.6923076923076925;125910
normal;93;0.0001;2.5633;2.5683214040902946;7.6923076923076925;125924
normal;94;0.0001;2.5629;2.5683506158682015;7.6923076923076925;125938
normal;95;0.0001;2.5631;2.5683615391071024;7.6923076923076925;125952
normal;96;0.0001;2.5648;2.5682698469895584;7.6923076923076925;130007
normal;97;0.0001;2.5608;2.568120340200571;7.6923076923076925;130028
normal;98;0.0001;2.5622;2.568082934159499;7.6923076923076925;130052
normal;99;0.0001;2.5676;2.56811156639686;7.6923076923076925;130107
normal;100;0.0001;2.5670;2.5681911028348483;7.6923076923076925;130121
normal;101;0.0001;2.5635;2.5682371139526365;7.6923076923076925;130135
normal;102;0.0001;2.5662;2.5682878787700947;7.6923076923076925;130149
normal;103;0.0001;2.5616;2.5682880841768707;7.6923076923076925;130202
normal;104;0.0001;2.5639;2.568278745504526;7.6923076923076925;130217
normal;105;0.0001;2.5638;2.5682191335237943;7.6923076923076925;130231
normal;106;0.0001;2.5632;2.5681646750523495;7.6923076923076925;130246
normal;107;0.0001;2.5649;2.5681097984313963;7.6923076923076925;130301
normal;108;0.0001;2.5638;2.5681139615865853;7.6923076923076925;130314
normal;109;0.0001;2.5634;2.5681699752807616;7.6923076923076925;130328
normal;110;0.0001;2.5637;2.568265166649452;7.6923076923076925;130342
normal;111;0.0001;2.5624;2.5683407966907206;7.6923076923076925;130356
normal;112;0.0001;2.5659;2.568332921541654;7.6923076923076925;130410
normal;113;0.0001;2.5646;2.5682775827554556;7.6923076923076925;130424
normal;114;0.0001;2.5623;2.5681983140798716;7.6923076923076925;130440
normal;115;0.0001;2.5637;2.5681735845712517;7.6923076923076925;130455
normal;116;0.0001;2.5665;2.5681746886326717;7.6923076923076925;130511
normal;117;0.0001;2.5623;2.568172792287973;7.6923076923076925;130527
normal;118;0.0001;2.5656;2.5682086871220515;7.6923076923076925;130552
normal;119;0.0001;2.5654;2.5682339448195237;7.6923076923076925;130613
normal;120;0.0001;2.5618;2.5682681413797233;7.6923076923076925;130643
normal;121;0.0001;2.5633;2.5682868223923903;7.6923076923076925;130707
normal;122;0.0001;2.5627;2.568286499610314;7.6923076923076925;130731
normal;123;0.0001;2.5629;2.5682647998516375;7.6923076923076925;130755
normal;124;0.0001;2.5660;2.5682527615473822;7.6923076923076925;130820
normal;125;0.0001;2.5643;2.568256161763118;7.6923076923076925;130844
normal;126;0.0001;2.5668;2.568243738321158;7.6923076923076925;130908
normal;127;0.0001;2.5651;2.5682361896221453;7.6923076923076925;130933
normal;128;0.0001;2.5647;2.5682381593264068;7.6923076923076925;131004
normal;129;0.0001;2.5628;2.5682452055124134;7.6923076923076925;131025
normal;130;0.0001;2.5618;2.568260493645301;7.6923076923076925;131045
normal;131;0.0001;2.5656;2.5682444425729605;7.6923076923076925;131105
normal;132;0.0001;2.5650;2.5682342676016;7.6923076923076925;131124
normal;133;0.0001;2.5644;2.568223630464994;7.6923076923076925;131145
normal;134;0.0001;2.5631;2.568230676651001;7.6923076923076925;131205
normal;135;0.0001;2.5636;2.568247424639188;7.6923076923076925;131225
normal;136;0.0001;2.5655;2.568235525718102;7.6923076923076925;131245
normal;137;0.0001;2.5657;2.5682294332064117;7.6923076923076925;131301
normal;138;0.0001;2.5619;2.568255351139949;7.6923076923076925;131317
normal;139;0.0001;2.5637;2.5682814818162183;7.6923076923076925;131331
normal;140;0.0001;2.5650;2.5682942170363208;7.6923076923076925;131348
normal;141;0.0001;2.5629;2.5682850470909706;7.6923076923076925;131403
normal;142;0.0001;2.5633;2.568261671066284;7.6923076923076925;131421
normal;143;0.0001;2.5648;2.568234693087064;7.6923076923076925;131437
normal;144;0.0001;2.5627;2.5682468781104455;7.6923076923076925;131453
normal;145;0.0001;2.5656;2.5682604569655196;7.6923076923076925;131507
normal;146;0.0001;2.5627;2.5682960767012375;7.6923076923076925;131523
normal;147;0.0001;2.5631;2.568317141899696;7.6923076923076925;131538
normal;148;0.0001;2.5623;2.5683256736168496;7.6923076923076925;131553
normal;149;0.0001;2.5655;2.568290956203754;7.6923076923076925;131608
normal;150;0.0001;2.5627;2.568253110005305;7.6923076923076925;131622
normal;151;0.0001;2.5658;2.5682225667513334;7.6923076923076925;131638
normal;152;0.0001;2.5665;2.568218656686636;7.6923076923076925;131653
normal;153;0.0001;2.5632;2.568211192351121;7.6923076923076925;131707
normal;154;0.0001;2.5663;2.568213833295382;7.6923076923076925;131722
normal;155;0.0001;2.5655;2.5682200248424825;7.6923076923076925;131736
normal;156;0.0001;2.5648;2.568235837496244;7.6923076923076925;131750
normal;157;0.0001;2.5633;2.568258043435904;7.6923076923076925;131805
normal;158;0.0001;2.5622;2.568290842496432;7.6923076923076925;131820
normal;159;0.0001;2.5651;2.5683047074538012;7.6923076923076925;131836
normal;160;0.0001;2.5618;2.5682819073016825;7.6923076923076925;131853
normal;161;0.0001;2.5638;2.5682429313659667;7.6923076923076925;131911
normal;162;0.0001;2.5670;2.5682041021493767;7.6923076923076925;131929
normal;163;0.0001;2.5635;2.5681688088637133;7.6923076923076925;131945
normal;164;0.0001;2.5638;2.5681518994844876;7.6923076923076925;132003
normal;165;0.0001;2.5652;2.5681530952453615;7.6923076923076925;132021
normal;166;0.0001;2.5639;2.56816289975093;7.6923076923076925;132040
normal;167;0.0001;2.5620;2.5681866792532113;7.6923076923076925;132058
normal;168;0.0001;2.5644;2.568205371269813;7.6923076923076925;132117
normal;169;0.0001;2.5637;2.5682123551001914;7.6923076923076925;132137
normal;170;0.0001;2.5619;2.568227841303899;7.6923076923076925;132154
normal;171;0.0001;2.5622;2.5682194636418267;7.6923076923076925;132211
normal;172;0.0001;2.5646;2.5681603064903844;7.6923076923076925;132228
normal;173;0.0001;2.5635;2.568093153146597;7.6923076923076925;132246
normal;174;0.0001;2.5639;2.568031230339637;7.6923076923076925;132303
normal;175;0.0001;2.5622;2.567966263110821;7.6923076923076925;132322
normal;176;0.0001;2.5632;2.5679262821490947;7.6923076923076925;132340
normal;177;0.0001;2.5623;2.5679185353792633;7.6923076923076925;132358
normal;178;0.0001;2.5639;2.567946632091816;7.6923076923076925;132417
normal;179;0.0001;2.5632;2.567976232675406;7.6923076923076925;132435
normal;180;0.0001;2.5637;2.5679972061744105;7.6923076923076925;132454
normal;181;0.0001;2.5640;2.5679981891925516;7.6923076923076925;132513
normal;182;0.0001;2.5628;2.5679742189554067;7.6923076923076925;132533
normal;183;0.0001;2.5634;2.56791296005249;7.6923076923076925;132551
normal;184;0.0001;2.5626;2.5678291064042313;7.6923076923076925;132610
normal;185;0.0001;2.5626;2.567734843034011;7.6923076923076925;132628
normal;186;0.0001;2.5655;2.5676422559298;7.6923076923076925;132646
normal;187;0.0001;2.5610;2.5675804358262284;7.6923076923076925;132709
normal;188;0.0001;2.5633;2.567551488142747;7.6923076923076925;132727
normal;189;0.0001;2.5600;2.567559840128972;7.6923076923076925;132745
normal;190;0.0001;2.5607;2.567576998930711;7.6923076923076925;132803
normal;191;0.0001;2.5636;2.5675584573012133;7.6923076923076925;132821
normal;192;0.0001;2.5644;2.5674841147202714;7.6923076923076925;132839
normal;193;0.0001;2.5626;2.5673981739924505;7.6923076923076925;132858
normal;194;0.0001;2.5604;2.567307941730206;7.6923076923076925;132915
normal;195;0.0001;2.5602;2.5672076151921197;7.6923076923076925;132932
normal;196;0.0001;2.5613;2.567106811816876;7.6923076923076925;132949
normal;197;0.0001;2.5593;2.5670427909264197;7.6923076923076925;133006
normal;198;0.0001;2.5619;2.5669833293327917;7.6923076923076925;133024
normal;199;0.0001;2.5622;2.56689845598661;7.6923076923076925;133044
normal;200;0.0001;2.5624;2.566813824726985;8.461538461538462;133105
normal;201;0.0001;2.5599;2.5667117302234357;7.6923076923076925;133127
normal;202;0.0001;2.5587;2.566598657461313;7.6923076923076925;133149
normal;203;0.0001;2.5595;2.5664867694561297;7.6923076923076925;133212
normal;204;0.0001;2.5613;2.5663430544046255;7.6923076923076925;133231
normal;205;0.0001;2.5570;2.5661984737102803;7.6923076923076925;133245
normal;206;0.0001;2.5609;2.566015529632568;7.6923076923076925;133259
normal;207;0.0001;2.5605;2.565825997866117;7.6923076923076925;133313
normal;208;0.0001;2.5619;2.5655960669884315;7.6923076923076925;133327
normal;209;0.0001;2.5583;2.565382715371939;7.6923076923076925;133344
normal;210;0.0001;2.5608;2.5652430020845856;7.6923076923076925;133405
normal;211;0.0001;2.5598;2.5651049760671762;7.6923076923076925;133420
normal;212;0.0001;2.5575;2.56494732269874;7.6923076923076925;133436
normal;213;0.0001;2.5598;2.564777895120474;7.6923076923076925;133458
normal;214;0.0001;2.5575;2.5645485217754658;7.6923076923076925;133521
normal;215;0.0001;2.5587;2.564307693334726;7.6923076923076925;133542
normal;216;0.0001;2.5559;2.5640283731313853;7.6923076923076925;133605
normal;217;0.0001;2.5580;2.563723619167621;7.6923076923076925;133635
normal;218;0.0001;2.5566;2.56344848045936;7.6923076923076925;133653
normal;219;0.0001;2.5576;2.56323482806866;7.6923076923076925;133708
normal;220;0.0001;2.5536;2.563000855079064;7.6923076923076925;133724
normal;221;0.0001;2.5575;2.562763060056246;7.6923076923076925;133741
normal;222;0.0001;2.5566;2.562476033430833;7.6923076923076925;133755
normal;223;0.0001;2.5545;2.5622058061453012;7.6923076923076925;133815
normal;224;0.0001;2.5546;2.5620176682105433;7.6923076923076925;133833
normal;225;0.0001;2.5545;2.561830164836003;7.6923076923076925;133857
normal;226;0.0001;2.5557;2.561620653592623;7.6923076923076925;133915
normal;227;0.0001;2.5490;2.5613468463604265;7.6923076923076925;133937
normal;228;0.0001;2.5536;2.5610301384559047;7.6923076923076925;133957
normal;229;0.0001;2.5511;2.560705471038818;7.6923076923076925;134012
normal;230;0.0001;2.5498;2.5603626067821796;7.6923076923076925;134029
normal;231;0.0001;2.5530;2.560134161435641;7.6923076923076925;134046
normal;232;0.0001;2.5566;2.5598701403691217;7.6923076923076925;134103
normal;233;0.0001;2.5482;2.559653505912194;7.6923076923076925;134123
normal;234;0.0001;2.5498;2.559479353978084;7.6923076923076925;134141
normal;235;0.0001;2.5547;2.559197763296274;7.6923076923076925;134156
normal;236;0.0001;2.5434;2.5589325794806848;7.6923076923076925;134211
normal;237;0.0001;2.5496;2.5585718668424167;7.6923076923076925;134226
normal;238;0.0001;2.5498;2.5582679675175592;7.6923076923076925;134247
normal;239;0.0001;2.5522;2.5579736269437348;7.6923076923076925;134309
normal;240;0.0001;2.5472;2.557902974348802;7.6923076923076925;134329
normal;241;0.0001;2.5513;2.5578640497647798;7.6923076923076925;134345
normal;242;0.0001;2.5438;2.557765953357403;7.6923076923076925;134400
normal;243;0.0001;2.5475;2.55732453419612;7.6923076923076925;134418
normal;244;0.0001;2.5485;2.5567848388965313;7.6923076923076925;134433
normal;245;0.0001;2.5439;2.5565042752486007;7.6923076923076925;134448
normal;246;0.0001;2.5466;2.556349959740272;7.6923076923076925;134504
normal;247;0.0001;2.5438;2.5563752907973067;7.6923076923076925;134520
normal;248;0.0001;2.5416;2.556318653546847;7.6923076923076925;134536
normal;249;0.0001;2.5426;2.5560190200805666;7.6923076923076925;134551
normal;250;0.0001;2.5448;2.5554958490224986;7.6923076923076925;134607
normal;251;0.0001;2.5434;2.5548807290884166;7.6923076923076925;134622
normal;252;0.0001;2.5436;2.5544062467721793;7.6923076923076925;134639
normal;253;0.0001;2.5462;2.5541127131535455;7.6923076923076925;134654
normal;254;0.0001;2.5497;2.5536710335658146;7.6923076923076925;134709
normal;255;0.0001;2.5474;2.553489846449632;7.6923076923076925;134725
normal;256;0.0001;2.5379;2.5537233132582444;7.6923076923076925;134741
normal;257;0.0001;2.5405;2.5538499318636383;7.6923076923076925;134759
normal;258;0.0001;2.5438;2.5535416162931;7.6923076923076925;134815
normal;259;0.0001;2.5452;2.552691863133357;7.6923076923076925;134830
normal;260;0.0001;2.5441;2.5518314288212705;7.6923076923076925;134852
normal;261;0.0001;2.5401;2.5515528055337757;7.6923076923076925;134911
normal;262;0.0001;2.5432;2.551397683070256;7.6923076923076925;134938
normal;263;0.0001;2.5445;2.5512602439293492;7.6923076923076925;134954
normal;264;0.0001;2.5405;2.5511979763324444;7.6923076923076925;135009
normal;265;0.0001;2.5370;2.550729619539701;7.6923076923076925;135026
normal;266;0.0001;2.5438;2.5497972158285287;7.6923076923076925;135040
normal;267;0.0001;2.5420;2.549002203574547;7.6923076923076925;135056
normal;268;0.0001;2.5373;2.548922905555138;7.6923076923076925;135113
normal;269;0.0001;2.5487;2.5487530158116267;7.6923076923076925;135136
normal;270;0.0001;2.5373;2.5478725323310267;7.6923076923076925;135156
normal;271;0.0001;2.5388;2.547125398195707;7.6923076923076925;135211
normal;272;0.0001;2.5392;2.5471021212064304;7.6923076923076925;135224
normal;273;0.0001;2.5398;2.547110946361835;7.6923076923076925;135238
normal;274;0.0001;2.5396;2.5465241835667536;7.6923076923076925;135254
normal;275;0.0001;2.5348;2.5456692879016583;7.6923076923076925;135308
normal;276;0.0001;2.5360;2.544501594396738;7.6923076923076925;135327
normal;277;0.0001;2.5352;2.543453099177434;7.6923076923076925;135348
normal;278;0.0001;2.5412;2.5437878682063175;7.6923076923076925;135414
normal;279;0.0001;2.5364;2.5439179787269004;7.6923076923076925;135438
normal;280;0.0001;2.5437;2.5421977483309233;7.6923076923076925;135457
normal;281;0.0001;2.5321;2.5404013340289775;7.6923076923076925;135514
normal;282;0.0001;2.5412;2.540400369350727;7.6923076923076925;135529
normal;283;0.0001;2.5410;2.541309298001803;7.6923076923076925;135544
normal;284;0.0001;2.5390;2.540016086284931;7.6923076923076925;135559
normal;285;0.0001;2.5399;2.538425119106586;7.6923076923076925;135616
normal;286;0.0001;2.5300;2.5382777947645923;7.6923076923076925;135631
normal;287;0.0001;2.5324;2.5390861657949593;7.6923076923076925;135646
normal;288;0.0001;2.5285;2.537702303666335;9.23076923076923;135706
normal;289;0.0001;2.5287;2.5356532096862794;7.6923076923076925;135724
normal;290;0.0001;2.5218;2.533724649135883;7.6923076923076925;135742
normal;291;0.0001;2.5327;2.5327135379497823;8.461538461538462;135757
normal;292;0.0001;2.5256;2.532564955491286;7.6923076923076925;135812
normal;293;0.0001;2.5178;2.530945796232957;10.76923076923077;135829
normal;294;0.0001;2.5354;2.5278835369990422;13.846153846153847;135845
normal;295;0.0001;2.5271;2.52657963679387;7.6923076923076925;135900
normal;296;0.0001;2.5305;2.5271875344789945;10.76923076923077;135915
normal;297;0.0001;2.5246;2.525510942018949;13.076923076923077;135929
normal;298;0.0001;2.5044;2.525019968472994;10.76923076923077;135947
normal;299;0.0001;2.5171;2.5236909866333006;10.0;140003
normal;300;0.0001;2.5310;2.5194817469670223;16.923076923076923;140021
normal;301;0.0001;2.5135;2.5182760458726148;13.076923076923077;140038
normal;302;0.0001;2.5218;2.517143645653358;10.76923076923077;140053
normal;303;0.0001;2.5191;2.5140718643481916;15.384615384615385;140108
normal;304;0.0001;2.5222;2.514118891495925;10.76923076923077;140124
normal;305;0.0001;2.5178;2.515103794978215;13.846153846153847;140141
normal;306;0.0001;2.5293;2.5091821010296163;15.384615384615385;140159
normal;307;0.0001;2.5139;2.508964017721323;10.76923076923077;140215
normal;308;0.0001;2.5031;2.5111298927894006;13.846153846153847;140228
normal;309;0.0001;2.5167;2.50657440332266;15.384615384615385;140245
normal;310;0.0001;2.5218;2.5019774473630463;12.307692307692308;140301
normal;311;0.0001;2.5144;2.501457929611206;16.153846153846153;140316
normal;312;0.0001;2.5118;2.5007014934833234;15.384615384615385;140331
normal;313;0.0001;2.5069;2.4991863617530234;12.307692307692308;140345
normal;314;0.0001;2.4973;2.4944424005655144;12.307692307692308;140401
normal;315;0.0001;2.4998;2.4885146948007435;15.384615384615385;140416
normal;316;0.0001;2.4878;2.4865897031930775;13.846153846153847;140430
normal;317;0.0001;2.5082;2.479645090836745;15.384615384615385;140445
normal;318;0.0001;2.4962;2.480087423324585;15.384615384615385;140501
normal;319;0.0001;2.5068;2.4804962451641375;15.384615384615385;140514
normal;320;0.0001;2.5248;2.4796754837036135;16.153846153846153;140529
normal;321;0.0001;2.4876;2.4832929354447586;13.846153846153847;140544
normal;322;0.0001;2.4855;2.479598038013165;15.384615384615385;140559
normal;323;0.0001;2.4746;2.471942373422476;20.0;140614
normal;324;0.0001;2.4830;2.463137567960299;12.307692307692308;140629
normal;325;0.0001;2.4903;2.4534095544081467;18.46153846153846;140644
normal;326;0.0001;2.5028;2.4517458585592418;16.923076923076923;140700
normal;327;0.0001;2.4718;2.4533182584322417;19.23076923076923;140716
normal;328;0.0001;2.4649;2.4512747837946964;15.384615384615385;140730
normal;329;0.0001;2.4905;2.4435047149658202;21.53846153846154;140744
normal;330;0.0001;2.4545;2.4457013276907116;15.384615384615385;140759
normal;331;0.0001;2.4749;2.4398113837608926;15.384615384615385;140816
normal;332;0.0001;2.4709;2.434591135611901;18.46153846153846;140831
normal;333;0.0001;2.4577;2.4400647493509147;18.46153846153846;140847
normal;334;0.0001;2.4457;2.4208465099334715;20.0;140903
normal;335;0.0001;2.4559;2.414270679767315;13.846153846153847;140918
normal;336;0.0001;2.4619;2.4164704579573413;13.076923076923077;140934
normal;337;0.0001;2.4577;2.410771685380202;18.46153846153846;140949
normal;338;0.0001;2.4700;2.4198378856365497;18.46153846153846;141004
normal;339;0.0001;2.4309;2.4152657692249004;18.46153846153846;141019
normal;340;0.0001;2.4387;2.395248347062331;18.46153846153846;141035
normal;341;0.0001;2.4365;2.378335431905893;16.923076923076923;141050
normal;342;0.0001;2.4084;2.3665785202613243;15.384615384615385;141105
normal;343;0.0001;2.3929;2.3522350824796234;20.76923076923077;141120
normal;344;0.0001;2.4292;2.357593191587008;15.384615384615385;141137
normal;345;0.0001;2.3830;2.359123156620906;24.615384615384617;141154
normal;346;0.0001;2.3865;2.3367673617142897;15.384615384615385;141212
normal;347;0.0001;2.3868;2.3171518692603477;17.692307692307693;141237
normal;348;0.0001;2.3656;2.298478915141179;15.384615384615385;141257
normal;349;0.0001;2.3954;2.3328806877136232;14.615384615384615;141321
normal;350;0.0001;2.3848;2.3465920008145846;13.846153846153847;141357
normal;351;0.0001;2.4100;2.3677967621729925;13.846153846153847;141432
normal;352;0.0001;2.3798;2.3101238837608924;16.153846153846153;141507
normal;353;0.0001;2.3351;2.284023853448721;20.0;141543
normal;354;0.0001;2.3462;2.3069616024310773;16.923076923076923;141623
normal;355;0.0001;2.3479;2.292495470780593;21.53846153846154;141707
normal;356;0.0001;2.3469;2.2885513489062967;20.0;141751
normal;357;0.0001;2.3209;2.223395010141226;19.23076923076923;141834
normal;358;0.0001;2.3162;2.183354297051063;33.84615384615385;141919
normal;359;0.0001;2.3341;2.222790065178504;24.615384615384617;142002
normal;360;0.0001;2.3274;2.219073999845065;23.076923076923077;142050
normal;361;0.0001;2.3173;2.1705675711998573;22.307692307692307;142122
normal;362;0.0001;2.2742;2.15192529971783;30.0;142141
normal;363;0.0001;2.3031;2.1763541515056906;27.692307692307693;142157
normal;364;0.0001;2.2660;2.1501161171839787;22.307692307692307;142214
normal;365;0.0001;2.2323;2.11805074765132;29.23076923076923;142231
normal;366;0.0001;2.2578;2.189024074261005;18.46153846153846;142248
normal;367;0.0001;2.2924;2.159838372010451;23.076923076923077;142305
normal;368;0.0001;2.2675;2.112427403376653;27.692307692307693;142322
normal;369;0.0001;2.2630;2.1726596172039327;26.923076923076923;142338
normal;370;0.0001;2.2924;2.1469865798950196;27.692307692307693;142355
normal;371;0.0001;2.2352;2.124267424069918;25.384615384615383;142413
normal;372;0.0001;2.2310;2.0958949822645923;29.23076923076923;142430
normal;373;0.0001;2.2375;2.175245002599863;23.076923076923077;142446
normal;374;0.0001;2.2678;2.1010582813849816;43.84615384615385;142503
normal;375;0.0001;2.2044;2.0781188414647027;31.53846153846154;142521
normal;376;0.0001;2.3095;2.081875892785879;32.30769230769231;142537
normal;377;0.0001;2.2543;2.120291473315312;36.92307692307692;142554
normal;378;0.0001;2.2654;2.047526029440073;27.692307692307693;142611
normal;379;0.0001;2.3223;2.043146876188425;36.92307692307692;142627
normal;380;0.0001;2.2223;2.0979035230783314;15.384615384615385;142645
normal;381;0.0001;2.2676;2.064188526226924;43.07692307692308;142702
normal;382;0.0001;2.1944;2.084104633331299;16.923076923076923;142718
normal;383;0.0001;2.2798;2.1375470876693727;36.92307692307692;142735
normal;384;0.0001;2.2870;2.028942900437575;42.30769230769231;142753
normal;385;0.0001;2.2916;2.1684205568753754;33.07692307692308;142809
normal;386;0.0001;2.3154;2.12243023285499;40.0;142826
normal;387;0.0001;2.3240;2.119267019858727;29.23076923076923;142843
normal;388;0.0001;2.2351;2.0722612582720243;50.0;142900
normal;389;0.0001;2.2222;2.046714049119216;43.07692307692308;142917
normal;390;0.0001;2.1988;2.1511339334341195;26.153846153846153;142934
normal;391;0.0001;2.2693;2.0434110201322113;36.92307692307692;142950
normal;392;0.0001;2.2243;2.0246463775634767;35.38461538461539;143007
normal;393;0.0001;2.2203;1.948003471814669;43.07692307692308;143025
normal;394;0.0001;2.1733;1.9613654210017277;22.307692307692307;143041
normal;395;0.0001;2.1218;2.099292645087609;26.153846153846153;143058
normal;396;0.0001;2.2195;1.9855282269991361;24.615384615384617;143115
normal;397;0.0001;2.1909;1.9644300900972806;35.38461538461539;143132
normal;398;0.0001;2.1565;1.864862192594088;41.53846153846154;143154
normal;399;0.0001;2.1221;1.8612952562478873;46.15384615384615;143215
normal;400;0.0001;2.1000;1.9056011640108548;31.53846153846154;143236
normal;401;0.0001;2.1373;1.8859330250666693;40.76923076923077;143257
normal;402;0.0001;2.1489;1.8709345670846793;46.92307692307692;143319
normal;403;0.0001;2.0813;1.8006236039675199;40.76923076923077;143340
normal;404;0.0001;2.0926;1.8121499978579008;38.46153846153846;143359
normal;405;0.0001;2.0788;1.835008061849154;39.23076923076923;143416
normal;406;0.0001;2.0954;1.8739446163177491;38.46153846153846;143433
normal;407;0.0001;2.0531;1.8828450129582333;29.23076923076923;143450
normal;408;0.0001;2.1135;1.8805262345534104;28.46153846153846;143507
normal;409;0.0001;2.1107;2.1568403244018555;20.0;143523
normal;410;0.0001;2.1783;1.8499063088343695;42.30769230769231;143541
normal;411;0.0001;2.1372;1.9627544476435734;31.53846153846154;143557
normal;412;0.0001;2.1265;1.8992677175081694;43.84615384615385;143614
normal;413;0.0001;2.1280;1.8675284459040715;40.0;143631
normal;414;0.0001;2.1109;2.1278940494243916;21.53846153846154;143647
normal;415;0.0001;2.1815;1.896847050006573;31.53846153846154;143705
normal;416;0.0001;2.1139;1.877953494512118;34.61538461538461;143722
normal;417;0.0001;2.0682;2.0822673064011794;30.76923076923077;143738
normal;418;0.0001;2.0708;1.7355998699481672;46.92307692307692;143755
normal;419;0.0001;2.1462;2.0190551977891187;29.23076923076923;143813
normal;420;0.0001;2.1032;1.7571061831254227;43.07692307692308;143829
normal;421;0.0001;2.0336;1.8532860022324782;32.30769230769231;143846
normal;422;0.0001;2.0569;1.8735840063828688;48.46153846153846;143903
normal;423;0.0001;1.9779;1.854953828224769;36.92307692307692;143919
normal;424;0.0001;2.0980;2.054802337059608;35.38461538461539;143937
normal;425;0.0001;2.1057;1.7922550714932954;35.38461538461539;143953
normal;426;0.0001;2.0255;1.853884188945477;33.84615384615385;144010
normal;427;0.0001;2.0085;1.9123112311730017;39.23076923076923;144027
normal;428;0.0001;2.0005;1.7343131817304172;37.69230769230769;144044
normal;429;0.0001;2.0796;1.8961695414323074;38.46153846153846;144101
normal;430;0.0001;2.1022;2.1493696946364182;26.923076923076923;144118
normal;431;0.0001;2.1430;1.9909290111981905;24.615384615384617;144134
normal;432;0.0001;2.0538;1.8873104829054612;40.0;144152
normal;433;0.0001;2.0503;1.8391695536099948;28.46153846153846;144209
normal;434;0.0001;1.9797;1.798043467448308;50.0;144225
normal;435;0.0001;1.9610;1.8885472407707802;26.923076923076923;144242
normal;436;0.0001;1.9950;1.7074823709634634;43.84615384615385;144259
normal;437;0.0001;1.9196;1.7454319146963266;39.23076923076923;144317
normal;438;0.0001;1.9577;1.8075906680180476;50.76923076923077;144334
normal;439;0.0001;1.9411;1.7786027945004976;41.53846153846154;144350
normal;440;0.0001;1.9102;1.8479066151839036;36.15384615384615;144407
normal;441;0.0001;2.0305;1.8620499244103066;45.38461538461539;144425
normal;442;0.0001;1.9556;1.857437779353215;40.76923076923077;144442
normal;443;0.0001;1.9771;1.7529306521782508;41.53846153846154;144458
normal;444;0.0001;1.9545;1.7413186916938195;58.46153846153846;144515
normal;445;0.0001;1.8903;1.6148777888371395;40.76923076923077;144531
normal;446;0.0001;1.9596;1.7978949051636917;40.76923076923077;144550
normal;447;0.0001;1.9193;1.6160663861494797;49.23076923076923;144606
normal;448;0.0001;1.8947;1.7237268081078163;48.46153846153846;144623
normal;449;0.0001;1.9063;1.6764189353355994;54.61538461538461;144639
normal;450;0.0001;1.8871;1.59211792579064;41.53846153846154;144657
normal;451;0.0001;1.9731;1.8881514329176683;39.23076923076923;144714
normal;452;0.0001;1.8490;1.5310213015629694;52.30769230769231;144731
normal;453;0.0001;1.9256;1.8591826658982498;32.30769230769231;144747
normal;454;0.0001;1.8693;1.7667029545857356;41.53846153846154;144805
normal;455;0.0001;1.7984;1.7619934632227972;26.153846153846153;144822
normal;456;0.0001;1.9071;1.758437705039978;55.38461538461539;144838
normal;457;0.0001;1.9173;1.6080779442420372;36.15384615384615;144855
normal;458;0.0001;1.8853;1.6555185868189886;47.69230769230769;144912
normal;459;0.0001;1.8704;1.862274246949416;40.0;144930
normal;460;0.0001;1.9316;1.7473749509224525;36.15384615384615;144947
normal;461;0.0001;1.8958;1.5819686192732592;51.53846153846154;145003
normal;462;0.0001;1.7706;1.8150497895020705;38.46153846153846;145020
normal;463;0.0001;1.8489;1.5675446913792537;38.46153846153846;145038
normal;464;0.0001;1.8273;1.7176198922670805;51.53846153846154;145055
normal;465;0.0001;1.8015;1.72899599808913;33.84615384615385;145111
normal;466;0.0001;1.7859;1.4978533488053543;49.23076923076923;145128
normal;467;0.0001;1.8407;1.6508396001962515;43.07692307692308;145145
normal;468;0.0001;1.8365;1.4877550308520977;46.15384615384615;145203
normal;469;0.0001;1.7473;1.5459343139941877;55.38461538461539;145219
normal;470;0.0001;1.7577;1.8571073165306677;28.46153846153846;145236
normal;471;0.0001;1.9390;1.8314534113957333;46.92307692307692;145253
normal;472;0.0001;1.8282;1.6849266675802377;32.30769230769231;145311
normal;473;0.0001;1.8318;1.7784768618070161;34.61538461538461;145327
normal;474;0.0001;1.9108;1.8484680652618408;31.53846153846154;145344
normal;475;0.0001;1.8503;1.5282372878148005;58.46153846153846;145400
normal;476;0.0001;1.7667;1.77145349245805;53.84615384615385;145419
normal;477;0.0001;1.8235;1.808691694186284;43.84615384615385;145435
normal;478;0.0001;1.7854;1.5659293541541466;52.30769230769231;145452
normal;479;0.0001;1.8126;1.705041657961332;34.61538461538461;145508
normal;480;0.0001;1.7927;1.7747229906228872;50.0;145525
normal;481;0.0001;1.7045;1.6473814524137056;34.61538461538461;145543
normal;482;0.0001;1.7605;1.6899690646391647;50.0;145600
normal;483;0.0001;1.7649;1.9488675631009615;40.76923076923077;145616
normal;484;0.0001;1.7634;1.7065828286684477;39.23076923076923;145633
normal;485;0.0001;1.8492;1.6598186346200796;45.38461538461539;145651
normal;486;0.0001;1.7914;1.8012238135704628;45.38461538461539;145708
normal;487;0.0001;1.7910;1.4801702646108774;62.30769230769231;145724
normal;488;0.0001;1.7694;1.682233870946444;34.61538461538461;145741
normal;489;0.0001;1.7767;1.8114951867323654;45.38461538461539;145757
normal;490;0.0001;1.7747;1.7132236333993764;50.76923076923077;145816
normal;491;0.0001;1.7670;1.4782579238598164;54.61538461538461;145832
normal;492;0.0001;1.7559;1.5333214172950158;61.53846153846154;145849
normal;493;0.0001;1.6967;1.6029281762930063;47.69230769230769;145905
normal;494;0.0001;1.5904;1.5438582713787372;45.38461538461539;145924
normal;495;0.0001;1.7078;1.6565739356554472;49.23076923076923;145940
normal;496;0.0001;1.7175;1.4575677633285522;53.84615384615385;145957
normal;497;0.0001;1.7062;1.555731406578651;42.30769230769231;150013
normal;498;0.0001;1.6695;1.6046551044170674;54.61538461538461;150031
normal;499;0.0001;1.6919;1.4909771699171799;47.69230769230769;150048
normal;500;0.0001;1.6941;1.5201805311899919;57.69230769230769;150105
normal;501;0.0001;1.7049;1.81959563768827;50.76923076923077;151940
normal;502;0.0001;1.6762;1.5312158474555382;53.84615384615385;152000
normal;503;0.0001;1.6302;1.3095539313096267;58.46153846153846;152019
normal;504;0.0001;1.6678;1.804229131111732;41.53846153846154;152036
normal;505;0.0001;1.6105;1.6299021189029401;53.07692307692308;152053
normal;506;0.0001;1.6213;1.4150640414311335;53.07692307692308;152110
normal;507;0.0001;1.7219;1.7675270594083345;50.76923076923077;152129
normal;508;0.0001;1.6180;1.895342438037579;36.92307692307692;152146
normal;509;0.0001;1.6913;1.5495418621943546;54.61538461538461;152202
normal;510;0.0001;1.7631;1.8255866188269394;52.30769230769231;152219
normal;511;0.0001;1.6560;1.640715533036452;42.30769230769231;152238
normal;512;0.0001;1.6906;1.4394827145796556;56.15384615384615;152255
normal;513;0.0001;1.6712;1.6922229051589965;45.38461538461539;152312
normal;514;0.0001;1.5783;1.5025014877319336;48.46153846153846;152329
normal;515;0.0001;1.5364;1.4001500368118287;53.84615384615385;152346
normal;516;0.0001;1.6053;1.506552028656006;51.53846153846154;152404
normal;517;0.0001;1.6117;1.7224285162412203;38.46153846153846;152421
normal;518;0.0001;1.6773;1.623269354380094;48.46153846153846;152438
normal;519;0.0001;1.7194;1.6501648059258094;62.30769230769231;152455
normal;520;0.0001;1.5789;1.6267152382777288;42.30769230769231;152514
normal;521;0.0001;1.6147;1.2841390261283288;53.07692307692308;152531
normal;522;0.0001;1.6200;1.665584765947782;58.46153846153846;152550
normal;523;0.0001;1.6057;1.852575448843149;44.61538461538461;152608
normal;524;0.0001;1.6010;1.3036313717181867;70.0;152626
normal;525;0.0001;1.7703;1.433865501330449;59.23076923076923;152645
normal;526;0.0001;1.5590;1.737793467595027;35.38461538461539;152703
normal;527;0.0001;1.5618;1.5036499133476844;62.30769230769231;152721
normal;528;0.0001;1.5316;1.332836758173429;53.84615384615385;152739
normal;529;0.0001;1.5130;1.4838350809537448;52.30769230769231;152759
normal;530;0.0001;1.6143;1.5725333617283748;50.76923076923077;152817
normal;531;0.0001;1.5597;1.4040299892425536;54.61538461538461;152834
normal;532;0.0001;1.5061;1.2663982180448679;64.61538461538461;152852
normal;533;0.0001;1.6082;1.7309301972389222;54.61538461538461;152913
normal;534;0.0001;1.5360;1.4904913975642278;55.38461538461539;152930
normal;535;0.0001;1.4595;1.627534952530494;48.46153846153846;152948
normal;536;0.0001;1.6172;1.7741540395296538;44.61538461538461;153006
normal;537;0.0001;1.5394;1.506347494858962;50.76923076923077;153024
normal;538;0.0001;1.5404;1.5221369358209462;50.76923076923077;153043
normal;539;0.0001;1.5284;1.5882547231820914;48.46153846153846;153101
normal;540;0.0001;1.4985;1.658137009694026;50.76923076923077;153119
normal;541;0.0001;1.5409;1.4539556466616117;57.69230769230769;153137
normal;542;0.0001;1.5514;1.9669165684626653;45.38461538461539;153157
normal;543;0.0001;1.7153;2.0014473328223596;59.23076923076923;153215
normal;544;0.0001;1.7481;1.9269348181211032;55.38461538461539;153233
normal;545;0.0001;1.8266;1.9065502093388484;33.84615384615385;153251
normal;546;0.0001;1.5950;1.9264353091900166;41.53846153846154;153309
normal;547;0.0001;1.7034;1.7158746517621555;53.84615384615385;153328
normal;548;0.0001;1.6000;1.6934077501296998;47.69230769230769;153345
normal;549;0.0001;1.5716;1.4981068684504582;57.69230769230769;153402
normal;550;0.0001;1.5218;1.755975343630864;38.46153846153846;153418
normal;551;0.0001;1.4679;1.6711094966301552;43.07692307692308;153437
normal;552;0.0001;1.5102;1.376706761580247;58.46153846153846;153454
normal;553;0.0001;1.4772;1.5183447535221393;47.69230769230769;153512
normal;554;0.0001;1.3995;1.5478111927325908;51.53846153846154;153530
normal;555;0.0001;1.4448;1.4964041599860558;51.53846153846154;153550
normal;556;0.0001;1.4939;1.5298109522232644;56.92307692307692;153608
normal;557;0.0001;1.4342;1.5993755634014424;44.61538461538461;153626
normal;558;0.0001;1.4432;1.374064144721398;55.38461538461539;153645
normal;559;0.0001;1.3589;1.448457644535945;50.0;153703
normal;560;0.0001;1.3720;1.4378016471862793;51.53846153846154;153723
normal;561;0.0001;1.4075;1.5429114928612342;57.69230769230769;153741
normal;562;0.0001;1.3587;1.434419457729046;44.61538461538461;153759
normal;563;0.0001;1.4210;1.3700479470766507;56.15384615384615;153817
normal;564;0.0001;1.4281;1.5327602551533626;50.0;153837
normal;565;0.0001;1.3762;1.321250579907344;59.23076923076923;153855
normal;566;0.0001;1.3613;1.2747488168569712;57.69230769230769;153912
normal;567;0.0001;1.4049;1.4513040570112374;44.61538461538461;153930
normal;568;0.0001;1.5092;1.5820084186700674;56.15384615384615;153948
normal;569;0.0001;1.5220;1.521005171078902;53.84615384615385;154008
normal;570;0.0001;1.4224;1.394300910142752;52.30769230769231;154026
normal;571;0.0001;1.4250;1.3186131330636832;58.46153846153846;154043
normal;572;0.0001;1.3763;1.6547585835823646;51.53846153846154;154101
normal;573;0.0001;1.4662;1.2890989028490507;60.0;154122
normal;574;0.0001;1.3092;1.364066455914424;51.53846153846154;154139
normal;575;0.0001;1.3877;1.5864237015063947;53.07692307692308;154156
normal;576;0.0001;1.4269;1.3985369022075946;54.61538461538461;154212
normal;577;0.0001;1.4219;1.322721870128925;60.76923076923077;154231
normal;578;0.0001;1.3667;1.4422402748694787;52.30769230769231;154248
normal;579;0.0001;1.3262;1.3749341772152828;56.92307692307692;154304
normal;580;0.0001;1.3805;1.3322318608944232;57.69230769230769;154321
normal;581;0.0001;1.3228;1.171038676225222;70.0;154338
normal;582;0.0001;1.2830;1.2601276516914368;60.76923076923077;154356
normal;583;0.0001;1.2465;1.4586637606987587;46.92307692307692;154413
normal;584;0.0001;1.3003;1.1474429873319774;64.61538461538461;154430
normal;585;0.0001;1.2727;1.3532072177300087;50.76923076923077;154446
normal;586;0.0001;1.3170;1.3392614795611455;63.84615384615385;154505
normal;587;0.0001;1.3508;1.1984111419090857;59.23076923076923;154522
normal;588;0.0001;1.2854;1.3028896038348858;57.69230769230769;154538
normal;589;0.0001;1.2321;1.2231644437863276;60.76923076923077;154555
normal;590;0.0001;1.2296;1.1875061383614174;63.84615384615385;154612
normal;591;0.0001;1.2149;1.1487038649045505;69.23076923076923;154631
normal;592;0.0001;1.2472;1.566564387541551;51.53846153846154;154647
normal;593;0.0001;1.4167;1.1911410276706402;70.0;154704
normal;594;0.0001;1.2359;1.260789680480957;53.84615384615385;154721
normal;595;0.0001;1.2772;1.373741494692289;60.76923076923077;154739
normal;596;0.0001;1.3541;1.4112853417029747;61.53846153846154;154756
normal;597;0.0001;1.4230;1.2056096700521617;63.84615384615385;154813
normal;598;0.0001;1.2077;1.2320603838333717;64.61538461538461;154829
normal;599;0.0001;1.2128;1.3101509020878719;56.92307692307692;154848
normal;600;0.0001;1.2589;1.2480636376601;66.15384615384616;154905
normal;601;0.0001;1.2497;1.2513736944932203;65.38461538461539;154922
normal;602;0.0001;1.2959;1.3218326495243953;41.53846153846154;154938
normal;603;0.0001;1.1804;1.1599416457689726;62.30769230769231;154955
normal;604;0.0001;1.2343;1.3291977075430064;66.92307692307692;155018
normal;605;0.0001;1.3681;1.2420857897171607;63.84615384615385;155038
normal;606;0.0001;1.2087;1.4656082153320313;46.15384615384615;155055
normal;607;0.0001;1.3675;1.770750006345602;49.23076923076923;155113
normal;608;0.0001;1.3996;1.1809893580583426;57.69230769230769;155133
normal;609;0.0001;1.2378;1.1716371976412259;60.0;155151
normal;610;0.0001;1.2942;1.5111268575374897;43.84615384615385;155208
normal;611;0.0001;1.3445;1.2529739563281719;58.46153846153846;155226
normal;612;0.0001;1.2617;1.2068471991098844;62.30769230769231;155243
normal;613;0.0001;1.3022;1.4917369329012358;52.30769230769231;155305
normal;614;0.0001;1.2108;1.0062427202096351;71.53846153846153;155324
normal;615;0.0001;1.1854;1.009980910557967;69.23076923076923;155341
normal;616;0.0001;1.1457;1.0913921007743248;61.53846153846154;155358
normal;617;0.0001;1.1799;1.0366750973921555;71.53846153846153;155417
normal;618;0.0001;1.0709;0.9795125851264367;70.0;155434
normal;619;0.0001;1.0481;1.0243260897122897;69.23076923076923;155451
normal;620;0.0001;1.1130;1.001167382643773;73.07692307692308;155507
normal;621;0.0001;1.1675;1.12991856107345;72.3076923076923;155526
normal;622;0.0001;1.0800;0.8941959390273461;76.15384615384616;155543
normal;623;0.0001;1.1265;0.9227305517746852;73.07692307692308;155600
normal;624;0.0001;1.0859;1.251767556483929;62.30769230769231;155617
normal;625;0.0001;1.2342;0.9301991022550142;73.07692307692308;155633
normal;626;0.0001;1.1345;0.9670957881670732;68.46153846153847;155652
normal;627;0.0001;1.0772;1.0665924292344313;77.6923076923077;155709
normal;628;0.0001;1.0641;0.845573181601671;74.61538461538461;155726
normal;629;0.0001;1.0988;1.5314864186140207;63.07692307692308;155743
normal;630;0.0001;1.1931;1.0679031225351188;68.46153846153847;155801
normal;631;0.0001;1.2634;1.3477904283083402;56.15384615384615;155818
normal;632;0.0001;1.4192;1.549020222058663;49.23076923076923;155835
normal;633;0.0001;1.4390;1.134988755446214;64.61538461538461;155852
normal;634;0.0001;1.2876;1.6605132983281061;47.69230769230769;155909
normal;635;0.0001;1.5656;1.8737530304835393;48.46153846153846;155927
normal;636;0.0001;1.4547;1.4128649069712713;50.0;155944
normal;637;0.0001;1.3950;1.4234184705294095;50.0;160001
normal;638;0.0001;1.3808;1.5476002344718347;60.0;160018
normal;639;0.0001;1.4365;1.7738117584815392;51.53846153846154;160037
normal;640;0.0001;1.5144;1.5012843718895545;56.15384615384615;160053
normal;641;0.0001;1.3110;1.2303384359066303;56.92307692307692;160110
normal;642;0.0001;1.2332;1.163357819043673;57.69230769230769;160127
normal;643;0.0001;1.2299;1.270484682229849;66.92307692307692;160146
normal;644;0.0001;1.2012;1.1013981135991904;60.0;160203
normal;645;0.0001;1.2365;1.0349555327342106;70.0;160220
normal;646;0.0001;1.0221;1.139357724556556;63.84615384615385;160236
normal;647;0.0001;1.1327;0.8284654736518859;73.07692307692308;160253
normal;648;0.0001;1.0889;0.9949490794768701;69.23076923076923;160312
normal;649;0.0001;1.0926;1.4436300277709961;55.38461538461539;160328
normal;650;0.0001;1.1480;0.6736583668452043;80.0;160345
normal;651;0.0001;0.9727;0.7894855054525228;78.46153846153847;160401
normal;652;0.0001;1.0429;0.9316099900465745;70.0;160420
normal;653;0.0001;1.0043;0.9342760076889625;71.53846153846153;160437
normal;654;0.0001;0.9743;0.8480911303025026;73.07692307692308;160453
normal;655;0.0001;0.9547;0.8389138226325695;75.38461538461539;160509
normal;656;0.0001;0.9855;0.8062763324150672;70.76923076923077;160526
normal;657;0.0001;1.0113;0.7709913533467513;82.3076923076923;160544
normal;658;0.0001;0.9334;0.9284864315619835;79.23076923076923;160601
normal;659;0.0001;0.9341;0.6446149149766335;80.0;160617
normal;660;0.0001;0.9375;0.7039421411661001;82.3076923076923;160633
normal;661;0.0001;0.8786;0.8504714695306924;75.38461538461539;160652
normal;662;0.0001;0.9586;0.6834528238727496;78.46153846153847;160708
normal;663;0.0001;0.8747;0.7663170612775363;78.46153846153847;160725
normal;664;0.0001;0.8494;0.6082285963571988;78.46153846153847;160741
normal;665;0.0001;0.8422;0.7041588510028445;79.23076923076923;160759
normal;666;0.0001;0.8762;0.698095356959563;81.53846153846153;160816
normal;667;0.0001;0.8241;0.6200779053454216;80.0;160832
normal;668;0.0001;0.8779;0.5936985527380154;84.61538461538461;160849
normal;669;0.0001;0.8269;0.7643028919513409;75.38461538461539;160905
normal;670;0.0001;0.9073;0.876942025239651;77.6923076923077;160923
normal;671;0.0001;0.9323;0.7969582984080681;78.46153846153847;160940
normal;672;0.0001;0.9558;0.9158678412437439;76.15384615384616;160957
normal;673;0.0001;0.9974;0.7109976692841603;80.0;161013
normal;674;0.0001;0.8594;0.649494024595389;81.53846153846153;161032
normal;675;0.0001;0.7836;0.6618502103365385;79.23076923076923;161048
normal;676;0.0001;0.8701;0.9306862679811624;75.38461538461539;161105
normal;677;0.0001;0.9052;0.5757465320137831;83.07692307692308;161124
normal;678;0.0001;0.8908;0.7121976577318632;83.07692307692308;161141
normal;679;0.0001;0.8800;0.5180253198513618;82.3076923076923;161200
normal;680;0.0001;0.7632;0.5579033361031459;84.61538461538461;161217
normal;681;0.0001;0.7496;0.8093729415765175;79.23076923076923;161235
normal;682;0.0001;0.9592;0.7035239600218259;76.92307692307692;161252
normal;683;0.0001;0.8496;0.766372516980538;77.6923076923077;161311
normal;684;0.0001;0.9410;1.0364745049522472;76.92307692307692;161328
normal;685;0.0001;1.1014;0.6590365915917433;76.92307692307692;161345
normal;686;0.0001;0.9771;0.8371378330083994;82.3076923076923;161403
normal;687;0.0001;0.9819;1.3003766536712646;59.23076923076923;161422
normal;688;0.0001;0.9655;0.7933425031029261;75.38461538461539;161439
normal;689;0.0001;0.9131;0.9144291410079369;72.3076923076923;161456
normal;690;0.0001;0.9023;0.8443543140704816;72.3076923076923;161514
normal;691;0.0001;0.8786;0.9449645138703859;72.3076923076923;161531
normal;692;0.0001;0.8675;0.5719446887190526;80.0;161550
normal;693;0.0001;0.8417;0.6455040248540732;83.84615384615384;161607
normal;694;0.0001;0.8031;0.6296568687145526;77.6923076923077;161625
normal;695;0.0001;0.7882;0.85482593362148;75.38461538461539;161642
normal;696;0.0001;0.7926;0.5323729843474352;86.15384615384616;161701
normal;697;0.0001;0.7304;0.5273496352709257;85.38461538461539;161719
normal;698;0.0001;0.7893;0.712825896189763;80.76923076923077;161736
normal;699;0.0001;0.7872;0.5440443308880696;81.53846153846153;161753
normal;700;0.0001;0.7561;0.49670983008467234;87.6923076923077;161810
normal;701;0.0001;0.7164;0.563416235263531;84.61538461538461;161829
normal;702;0.0001;0.7354;0.805527976155281;76.15384615384616;161846
normal;703;0.0001;0.7700;0.43387043321361907;89.23076923076923;161904
normal;704;0.0001;0.7370;0.5247945970067611;84.61538461538461;161921
normal;705;0.0001;0.6645;0.8102411893697885;74.61538461538461;161940
normal;706;0.0001;0.7454;0.5464909275277303;87.6923076923077;161957
normal;707;0.0001;0.7222;0.49864369513323675;80.76923076923077;162014
normal;708;0.0001;0.7479;0.7698888941453054;82.3076923076923;162031
normal;709;0.0001;0.7549;0.5502359591997587;83.84615384615384;162052
normal;710;0.0001;0.6878;0.4962350397155835;85.38461538461539;162109
normal;711;0.0001;0.7568;0.7853577120946004;79.23076923076923;162126
normal;712;0.0001;0.7605;0.5537907508703378;80.0;162143
normal;713;0.0001;0.7202;0.6852453644459064;76.92307692307692;162200
normal;714;0.0001;0.6791;0.41162633604298415;90.76923076923077;162220
normal;715;0.0001;0.6703;0.5347330783422176;86.92307692307692;162237
normal;716;0.0001;0.6115;0.5916871611888592;81.53846153846153;162254
normal;717;0.0001;0.7167;0.6446974327931038;82.3076923076923;162311
normal;718;0.0001;0.8463;0.8664254894336829;76.92307692307692;162331
normal;719;0.0001;0.9107;0.5393324129283428;82.3076923076923;162348
normal;720;0.0001;0.8732;0.9332174045535234;75.38461538461539;162405
normal;721;0.0001;0.9058;0.7882447735621378;71.53846153846153;162422
normal;722;0.0001;0.8767;0.5822505087806629;78.46153846153847;162439
normal;723;0.0001;0.7415;0.7858193991275934;77.6923076923077;162459
normal;724;0.0001;0.8906;0.5826660288354525;80.0;162516
normal;725;0.0001;0.7830;0.6688157182473403;77.6923076923077;162533
normal;726;0.0001;0.7830;0.6730260738959679;80.0;162550
normal;727;0.0001;0.7088;0.4438485494313332;83.07692307692308;162610
normal;728;0.0001;0.7336;0.6379292513996077;80.76923076923077;162627
normal;729;0.0001;0.7529;0.544715288052192;84.61538461538461;162644
normal;730;0.0001;0.7165;1.2214148924900936;63.07692307692308;162701
normal;731;0.0001;0.7791;0.5161243591457605;82.3076923076923;162721
normal;732;0.0001;0.6781;0.8062712160404771;78.46153846153847;162738
normal;733;0.0001;0.7008;0.40490863781708936;84.61538461538461;162755
normal;734;0.0001;0.6297;0.530777175609882;86.92307692307692;162812
normal;735;0.0001;0.6134;0.44769903227973445;85.38461538461539;162830
normal;736;0.0001;0.5797;0.4260650330151503;83.07692307692308;162849
normal;737;0.0001;0.6331;0.4853798591173612;86.15384615384616;162907
normal;738;0.0001;0.6551;0.45202630781210384;82.3076923076923;162924
normal;739;0.0001;0.6283;0.6919796537894469;83.07692307692308;162941
normal;740;0.0001;0.6642;0.390288340816131;87.6923076923077;163000
normal;741;0.0001;0.6252;0.5934818632327593;85.38461538461539;163018
normal;742;0.0001;0.6508;0.42192459050565956;81.53846153846153;163035
normal;743;0.0001;0.6607;0.6280316071441541;83.07692307692308;163052
normal;744;0.0001;0.6505;0.3728913114621089;87.6923076923077;163109
normal;745;0.0001;0.6283;0.5333645186745204;86.92307692307692;163129
normal;746;0.0001;0.5815;0.547300968462458;87.6923076923077;163146
normal;747;0.0001;0.6728;0.31572262512949795;90.76923076923077;163204
normal;748;0.0001;0.6248;0.6317877633067278;85.38461538461539;163221
normal;749;0.0001;0.6194;0.41031972618343737;90.0;163241
normal;750;0.0001;0.6135;0.9889937212404151;69.23076923076923;163258
normal;751;0.0001;0.6368;0.4879000003521259;87.6923076923077;163315
normal;752;0.0001;0.6441;0.5669050135578101;85.38461538461539;163332
normal;753;0.0001;0.5330;0.3815496967675594;83.07692307692308;163352
normal;754;0.0001;0.5225;0.4193617710700402;89.23076923076923;163410
normal;755;0.0001;0.5731;0.547636841581418;80.76923076923077;163427
normal;756;0.0001;0.5472;0.32756870201287364;88.46153846153847;163444
normal;757;0.0001;0.5282;0.726961710003133;81.53846153846153;163501
normal;758;0.0001;0.5811;0.4178906693481482;86.15384615384616;163521
normal;759;0.0001;0.6281;0.5503936831767743;83.84615384615384;163539
normal;760;0.0001;0.6090;0.35725747301028327;90.0;163556
normal;761;0.0001;0.5137;0.5376480970442152;86.15384615384616;163613
normal;762;0.0001;0.5873;0.4075864117879134;84.61538461538461;163633
normal;763;0.0001;0.5177;0.6212869893472929;80.76923076923077;163651
normal;764;0.0001;0.6845;0.4047235273254605;83.84615384615384;163707
normal;765;0.0001;0.5566;0.46236286570246404;88.46153846153847;163724
normal;766;0.0001;0.5890;0.7031032422987314;84.61538461538461;163739
normal;767;0.0001;0.6157;0.2975889310240746;90.76923076923077;163756
normal;768;0.0001;0.5977;0.7267365211334366;82.3076923076923;163811
normal;769;0.0001;0.6518;0.40907497640985707;86.15384615384616;163826
normal;770;0.0001;0.6008;0.5985717721856557;88.46153846153847;163841
normal;771;0.0001;0.6046;0.43656494915485383;86.15384615384616;163859
normal;772;0.0001;0.6332;0.4449204966103515;83.07692307692308;163914
normal;773;0.0001;0.5282;0.4548949600985417;90.76923076923077;163929
normal;774;0.0001;0.5603;0.4154312115449172;88.46153846153847;163944
normal;775;0.0001;0.5157;0.6897860070260672;76.15384615384616;164002
normal;776;0.0001;0.5436;0.3732730387387654;91.53846153846153;164017
normal;777;0.0001;0.4958;0.5877619778880706;81.53846153846153;164032
normal;778;0.0001;0.5609;0.349798170878337;90.76923076923077;164047
normal;779;0.0001;0.4891;0.4842066731590491;86.15384615384616;164102
normal;780;0.0001;0.5184;0.4701789735207477;88.46153846153847;164120
normal;781;0.0001;0.5277;0.2633837953209877;95.38461538461539;164135
normal;782;0.0001;0.5619;1.2496992202905508;73.07692307692308;164150
normal;783;0.0001;0.7633;0.4938228973366607;83.07692307692308;164205
normal;784;0.0001;0.7055;0.9075698131552109;77.6923076923077;164223
normal;785;0.0001;0.7039;0.45716305042688665;83.07692307692308;164238
normal;786;0.0001;0.5891;0.6081570575228677;75.38461538461539;164253
normal;787;0.0001;0.5994;0.47790366722127564;86.92307692307692;164308
normal;788;0.0001;0.6016;0.5434841193831884;82.3076923076923;164323
normal;789;0.0001;0.5802;0.7102734474035409;82.3076923076923;164341
normal;790;0.0001;0.6312;0.4777884304810029;83.07692307692308;164356
normal;791;0.0001;0.5022;0.4922532662391089;84.61538461538461;164411
normal;792;0.0001;0.5638;0.344897446093651;91.53846153846153;164426
normal;793;0.0001;0.5103;0.618007284632096;84.61538461538461;164444
normal;794;0.0001;0.5026;0.35421512959381707;83.84615384615384;164459
normal;795;0.0001;0.4762;0.6253536539510466;82.3076923076923;164514
normal;796;0.0001;0.5057;0.4237969534328351;86.15384615384616;164529
normal;797;0.0001;0.5245;0.7203975913616327;84.61538461538461;164547
normal;798;0.0001;0.5152;0.24470037400292663;93.07692307692308;164602
normal;799;0.0001;0.4983;0.40992496251307714;84.61538461538461;164617
normal;800;0.0001;0.4504;0.4831212577051841;89.23076923076923;164632
normal;801;0.0001;0.5163;0.3966061504271168;88.46153846153847;164648
normal;802;0.0001;0.4323;0.31900555099575567;89.23076923076923;164706
normal;803;0.0001;0.4896;0.4661551809798066;87.6923076923077;164721
normal;804;0.0001;0.4585;0.2735183758965622;86.92307692307692;164736
normal;805;0.0001;0.4418;0.31679786301146334;93.07692307692308;164751
normal;806;0.0001;0.4592;0.5285560772969172;86.15384615384616;164808
normal;807;0.0001;0.4797;0.34044278755497476;85.38461538461539;164823
normal;808;0.0001;0.4363;0.4932567986646273;84.61538461538461;164838
normal;809;0.0001;0.4764;0.21916847833647177;94.61538461538461;164853
normal;810;0.0001;0.4309;0.5610426942746226;80.76923076923077;164908
normal;811;0.0001;0.4092;0.2988918525668291;92.3076923076923;164926
normal;812;0.0001;0.4275;0.3815040860683299;88.46153846153847;164941
normal;813;0.0001;0.4268;0.28326774809079674;86.92307692307692;164956
normal;814;0.0001;0.3977;0.508049425138877;86.15384615384616;165011
normal;815;0.0001;0.5186;0.22498151745933753;95.38461538461539;165028
normal;816;0.0001;0.3970;0.37942284454116953;86.92307692307692;165044
normal;817;0.0001;0.4681;0.3570732932842265;93.84615384615384;165059
normal;818;0.0001;0.3958;0.36158858390095144;92.3076923076923;165114
normal;819;0.0001;0.4224;0.32731502798045625;91.53846153846153;165131
normal;820;0.0001;0.4451;0.42672357967732333;88.46153846153847;165146
normal;821;0.0001;0.4399;0.48623270326150725;79.23076923076923;165201
normal;822;0.0001;0.4634;0.32136226485554986;93.07692307692308;165216
normal;823;0.0001;0.4015;0.3377655463723036;90.76923076923077;165231
normal;824;0.0001;0.3761;0.5936445837441939;85.38461538461539;165249
normal;825;0.0001;0.4497;0.2202163955483299;94.61538461538461;165304
normal;826;0.0001;0.4140;0.614975577291961;81.53846153846153;165319
normal;827;0.0001;0.6610;0.4910362156143842;86.92307692307692;165334
normal;828;0.0001;0.6107;0.49569295968932026;86.92307692307692;165351
normal;829;0.0001;0.5036;0.40190631752977;91.53846153846153;165406
normal;830;0.0001;0.5205;0.219372007308098;96.15384615384616;165421
normal;831;0.0001;0.4761;0.7564870337275071;81.53846153846153;165436
normal;832;0.0001;0.5220;0.41855624435612787;88.46153846153847;165451
normal;833;0.0001;0.4780;0.6682720351176193;79.23076923076923;165509
normal;834;0.0001;0.4969;0.23881662114738272;88.46153846153847;165524
normal;835;0.0001;0.4284;0.6916415880165564;85.38461538461539;165539
normal;836;0.0001;0.4535;0.3499749938312631;92.3076923076923;165554
normal;837;0.0001;0.3737;0.4169734887492198;82.3076923076923;165611
normal;838;0.0001;0.4336;0.22757655947039335;93.84615384615384;165626
normal;839;0.0001;0.3449;0.5080553419793992;90.76923076923077;165641
normal;840;0.0001;0.4014;0.34685348245100334;85.38461538461539;165656
normal;841;0.0001;0.4384;0.7111216650917553;83.07692307692308;165714
normal;842;0.0001;0.4497;0.22004890052888257;93.07692307692308;165729
normal;843;0.0001;0.3875;0.5371413658973044;83.07692307692308;165744
normal;844;0.0001;0.3977;0.23520000667664975;94.61538461538461;165759
normal;845;0.0001;0.3767;0.4228439517480393;89.23076923076923;165814
normal;846;0.0001;0.3345;0.4211357154811804;82.3076923076923;165831
normal;847;0.0001;0.3754;0.3082712143373031;93.84615384615384;165847
normal;848;0.0001;0.3593;0.2467466353546255;93.84615384615384;165902
normal;849;0.0001;0.3765;0.3126053644270332;87.6923076923077;165917
normal;850;0.0001;0.3161;0.4090051510219032;90.76923076923077;165934
normal;851;0.0001;0.3124;0.28100098714662286;94.61538461538461;165949
normal;852;0.0001;0.3588;0.49188127824320244;89.23076923076923;170004
normal;853;0.0001;0.3803;0.2675114503506428;93.84615384615384;170019
normal;854;0.0001;0.3427;0.3603552230636034;91.53846153846153;170034
normal;855;0.0001;0.3222;0.19309716827343576;94.61538461538461;170052
normal;856;0.0001;0.3646;0.34531361452088905;92.3076923076923;170107
normal;857;0.0001;0.3638;0.3151052583761227;93.07692307692308;170122
normal;858;0.0001;0.3272;0.3030677189779593;93.84615384615384;170137
normal;859;0.0001;0.3184;0.2832993238582276;93.84615384615384;170154
normal;860;0.0001;0.2952;0.2729883357130278;93.84615384615384;170209
normal;861;0.0001;0.3555;0.5669900903478264;87.6923076923077;170224
normal;862;0.0001;0.3981;0.15523491750041452;97.6923076923077;170239
normal;863;0.0001;0.3618;0.7574710103161544;79.23076923076923;170257
normal;864;0.0001;0.4613;0.22441794050302213;96.15384615384616;170312
normal;865;0.0001;0.5099;0.33315351905229573;93.07692307692308;170327
normal;866;0.0001;0.4835;0.6521891675495471;85.38461538461539;170342
normal;867;0.0001;0.4308;0.3218378616255135;90.0;170357
normal;868;0.0001;0.3866;0.5035601028467331;88.46153846153847;170415
normal;869;0.0001;0.3586;0.1555557642920086;99.23076923076923;170430
normal;870;0.0001;0.3918;0.7073319632273454;83.84615384615384;170445
normal;871;0.0001;0.3940;0.2662740457050789;90.76923076923077;170500
normal;872;0.0001;0.3902;0.501006787542988;83.84615384615384;170520
normal;873;0.0001;0.3922;0.20526216117521892;95.38461538461539;170535
normal;874;0.0001;0.4029;0.6118968731401345;89.23076923076923;170550
normal;875;0.0001;0.3970;0.3003856026218273;91.53846153846153;170605
normal;876;0.0001;0.3491;0.35619749837026643;83.07692307692308;170620
normal;877;0.0001;0.3717;0.182809580275968;96.15384615384616;170639
normal;878;0.0001;0.3169;0.465051953200824;88.46153846153847;170654
normal;879;0.0001;0.3338;0.29647858203030547;87.6923076923077;170709
normal;880;0.0001;0.3575;0.37082134472842043;91.53846153846153;170724
normal;881;0.0001;0.3437;0.11638635754027815;99.23076923076923;170742
normal;882;0.0001;0.3809;0.7621489043714693;86.92307692307692;170757
normal;883;0.0001;0.4192;0.3039723319502977;87.6923076923077;170812
normal;884;0.0001;0.3147;0.25682120317270835;93.07692307692308;170827
normal;885;0.0001;0.2947;0.20184029154367567;95.38461538461539;170846
normal;886;0.0001;0.2512;0.39120301328685647;89.23076923076923;170901
normal;887;0.0001;0.3015;0.3316063699948315;92.3076923076923;170916
normal;888;0.0001;0.2828;0.1684356568954312;96.15384615384616;170931
normal;889;0.0001;0.3217;0.25474215162774694;93.84615384615384;170946
normal;890;0.0001;0.3068;0.45512474760493765;89.23076923076923;171005
normal;891;0.0001;0.3108;0.2648916810952449;93.84615384615384;171020
normal;892;0.0001;0.3213;0.22057761396639622;94.61538461538461;171035
normal;893;0.0001;0.3376;0.13934621865896937;96.15384615384616;171050
normal;894;0.0001;0.2932;0.36184917158411384;92.3076923076923;171109
normal;895;0.0001;0.2904;0.25433955339070125;86.15384615384616;171124
normal;896;0.0001;0.3220;0.5675820396286816;87.6923076923077;171139
normal;897;0.0001;0.3620;0.13283680851857824;98.46153846153847;171154
normal;898;0.0001;0.3353;0.6468906071699726;80.76923076923077;171209
normal;899;0.0001;0.4091;0.2245321776682081;94.61538461538461;171228
normal;900;0.0001;0.3591;0.6441980828067664;83.84615384615384;171243
normal;901;0.0001;0.3406;0.1530955425481527;95.38461538461539;171258
normal;902;0.0001;0.3126;0.2787131148354652;92.3076923076923;171313
normal;903;0.0001;0.3042;0.2174169623454173;95.38461538461539;171332
normal;904;0.0001;0.2963;0.39023105710064276;90.0;171347
normal;905;0.0001;0.3001;0.26309257963126026;93.84615384615384;171402
normal;906;0.0001;0.3026;0.21987982486338856;95.38461538461539;171417
normal;907;0.0001;0.2660;0.24942476725062498;93.84615384615384;171436
normal;908;0.0001;0.2764;0.4029802199847137;90.0;171451
normal;909;0.0001;0.2940;0.12658142216588694;97.6923076923077;171506
normal;910;0.0001;0.3595;0.31756695043609046;93.07692307692308;171521
normal;911;0.0001;0.2575;0.18069490518850775;93.84615384615384;171536
normal;912;0.0001;0.2538;0.5178386668459727;86.92307692307692;171555
normal;913;0.0001;0.3033;0.18069121583472364;95.38461538461539;171610
normal;914;0.0001;0.2418;0.5648994977521608;84.61538461538461;171625
normal;915;0.0001;0.3281;0.1647898044795371;96.15384615384616;171640
normal;916;0.0001;0.2567;0.30800534093734594;93.84615384615384;171700
normal;917;0.0001;0.2411;0.24000027108749447;86.92307692307692;171715
normal;918;0.0001;0.2524;0.21561959759968047;95.38461538461539;171730
normal;919;0.0001;0.2529;0.26961608357154404;92.3076923076923;171745
normal;920;0.0001;0.3165;0.41858955530781083;90.76923076923077;171800
normal;921;0.0001;0.2483;0.1596143692790065;95.38461538461539;171819
normal;922;0.0001;0.3097;0.5129996831582713;87.6923076923077;171834
normal;923;0.0001;0.2928;0.14175403918197843;96.15384615384616;171849
normal;924;0.0001;0.2238;0.3344755286453829;93.84615384615384;171904
normal;925;0.0001;0.2810;0.13060641458813244;97.6923076923077;171923
normal;926;0.0001;0.3207;0.5229775474600991;88.46153846153847;171938
normal;927;0.0001;0.3791;0.12640189536435242;96.92307692307692;171953
normal;928;0.0001;0.3966;0.5247503253121557;86.92307692307692;172008
normal;929;0.0001;0.3293;0.1332797812880017;98.46153846153847;172027
normal;930;0.0001;0.2803;0.49139947840460363;88.46153846153847;172043
normal;931;0.0001;0.3012;0.19625019673258065;95.38461538461539;172058
normal;932;0.0001;0.3461;0.6276192092372535;85.38461538461539;172113
normal;933;0.0001;0.4182;0.1429101589601487;96.92307692307692;172128
normal;934;0.0001;0.5032;0.4703992284258325;89.23076923076923;172147
normal;935;0.0001;0.5674;0.18431889063750323;94.61538461538461;172202
normal;936;0.0001;0.6952;0.5300132045737252;86.15384615384616;172217
normal;937;0.0001;0.6660;0.4200668125055157;85.38461538461539;172232
normal;938;0.0001;0.6043;0.36047078204842714;90.0;172251
normal;939;0.0001;0.4630;1.3474737208479872;63.07692307692308;172306
normal;940;0.0001;0.6372;0.2704601865548354;94.61538461538461;172321
normal;941;0.0001;0.5552;0.4817499747643104;86.92307692307692;172336
normal;942;0.0001;0.4658;0.7916525704786181;82.3076923076923;172351
normal;943;0.0001;0.4417;0.25881978984062487;94.61538461538461;172410
normal;944;0.0001;0.4480;0.36675313552125144;89.23076923076923;172425
normal;945;0.0001;0.4114;0.3617095325858547;87.6923076923077;172440
normal;946;0.0001;0.3693;0.18183845010801003;96.15384615384616;172455
normal;947;0.0001;0.2798;0.39011718144085117;90.0;172515
normal;948;0.0001;0.3550;0.17768412169019798;96.15384615384616;172530
normal;949;0.0001;0.3530;0.23481835654506888;95.38461538461539;172545
normal;950;0.0001;0.3099;0.44710024368161194;87.6923076923077;172600
normal;951;0.0001;0.3011;0.1876966701963773;95.38461538461539;172619
normal;952;0.0001;0.2882;0.20714807688715295;94.61538461538461;172634
normal;953;0.0001;0.2633;0.21771992352928815;95.38461538461539;172649
normal;954;0.0001;0.2428;0.22434385001677304;95.38461538461539;172704
normal;955;0.0001;0.2568;0.3116787472739816;93.07692307692308;172719
normal;956;0.0001;0.2260;0.13809044807791138;96.92307692307692;172738
normal;957;0.0001;0.2265;0.2153979784735174;94.61538461538461;172753
normal;958;0.0001;0.2442;0.4718463583605906;85.38461538461539;172808
normal;959;0.0001;0.3152;0.12503073048383856;97.6923076923077;172823
normal;960;0.0001;0.3242;0.2471977887245325;91.53846153846153;172843
normal;961;0.0001;0.2882;0.18586039513152522;93.84615384615384;172858
normal;962;0.0001;0.2233;0.27235321585747163;90.0;172913
normal;963;0.0001;0.2922;0.21674657234683625;94.61538461538461;172928
normal;964;0.0001;0.2569;0.12195760111118524;99.23076923076923;172943
normal;965;0.0001;0.2424;0.3166055523718779;93.84615384615384;173002
normal;966;0.0001;0.2512;0.16179932507399755;95.38461538461539;173017
normal;967;0.0001;0.2612;0.15492927207020468;96.15384615384616;173032
normal;968;0.0001;0.2127;0.28337019028482385;93.84615384615384;173047
normal;969;0.0001;0.2571;0.11801744098864639;96.92307692307692;173106
normal;970;0.0001;0.2400;0.25137974482229486;94.61538461538461;173121
normal;971;0.0001;0.2825;0.09504142536002641;98.46153846153847;173139
normal;972;0.0001;0.2962;0.22161949579245768;93.07692307692308;173158
normal;973;0.0001;0.2652;0.23667222719013808;95.38461538461539;173223
normal;974;0.0001;0.2301;0.1274800236404889;96.15384615384616;173241
normal;975;0.0001;0.2097;0.37265433944127063;91.53846153846153;173259
normal;976;0.0001;0.2039;0.08297876364264924;99.23076923076923;173317
normal;977;0.0001;0.2313;0.3307654108171566;93.07692307692308;173335
normal;978;0.0001;0.3349;0.09580196286193453;99.23076923076923;173358
normal;979;0.0001;0.2750;0.2726065942872992;95.38461538461539;173416
normal;980;0.0001;0.2961;0.25420412008539084;95.38461538461539;173435
normal;981;0.0001;0.2751;0.20699929209569326;91.53846153846153;173455
normal;982;0.0001;0.2391;0.22668373621283816;94.61538461538461;173521
normal;983;0.0001;0.2636;0.12287819830772395;96.15384615384616;173543
normal;984;0.0001;0.2047;0.30335807948487437;93.84615384615384;173603
normal;985;0.0001;0.1913;0.14000997864042383;96.92307692307692;173623
normal;986;0.0001;0.2216;0.23455584003274382;94.61538461538461;173641
normal;987;0.0001;0.2139;0.15936718849339881;96.15384615384616;173704
normal;988;0.0001;0.2321;0.17947607031092047;95.38461538461539;173722
normal;989;0.0001;0.2078;0.27158263544731126;93.84615384615384;173739
normal;990;0.0001;0.1976;0.16893617739800762;96.15384615384616;173757
normal;991;0.0001;0.2013;0.1401595106490836;96.92307692307692;173820
normal;992;0.0001;0.1814;0.1784666299790283;96.15384615384616;173838
normal;993;0.0001;0.1703;0.28436848382189056;93.84615384615384;173856
normal;994;0.0001;0.2076;0.17061060880883955;94.61538461538461;173913
normal;995;0.0001;0.1871;0.11164299937252228;96.15384615384616;173936
normal;996;0.0001;0.2078;0.12546766170895493;96.15384615384616;173954
normal;997;0.0001;0.1990;0.25438722555014603;94.61538461538461;174012
normal;998;0.0001;0.2204;0.08978169998758509;98.46153846153847;174029
normal;999;0.0001;0.2074;0.2978145030824565;93.84615384615384;174047
normal;1000;0.0001;0.2706;0.09996946018789178;97.6923076923077;174110

