#dataset: yale
#way backdoor looks like: green_squares
#merge strategy: aggregation
#learning rate: 0.0001
#number of benign sources: 5
#number of malicious sources: 0
#batch size: 32
#distribution of data: equally distributed subset
#percentage of poisoned data in backdoored nodes: 1.0
#order of time backdoors being inserted: no
#model replacement: False
#starttime: 104619
training_type;epoch_number;learn_rate;avg_training_loss;avg_test_loss;test_accuracy;timestamp
normal;1;0.0001;6.9241;6.907228491856501;7.6923076923076925;104639
normal;2;0.0001;6.9070;6.906633619161752;7.6923076923076925;104658
normal;3;0.0001;6.9064;6.9059714170602655;7.6923076923076925;104715
normal;4;0.0001;6.9057;6.90522054525522;7.6923076923076925;104733
normal;5;0.0001;6.9049;6.904352547572209;7.6923076923076925;104751
normal;6;0.0001;6.9039;6.90330286026001;7.6923076923076925;104809
normal;7;0.0001;6.9028;6.901978866870587;7.6923076923076925;104827
normal;8;0.0001;6.9013;6.900218024620643;7.6923076923076925;104845
normal;9;0.0001;6.8993;6.89774272625263;7.6923076923076925;104909
normal;10;0.0001;6.8964;6.894048463381254;7.6923076923076925;104936
normal;11;0.0001;6.8919;6.888122118436373;7.6923076923076925;104957
normal;12;0.0001;6.8844;6.87771313740657;7.6923076923076925;105016
normal;13;0.0001;6.8706;6.857106810349684;7.6923076923076925;105034
normal;14;0.0001;6.8408;6.807993954878587;7.6923076923076925;105052
normal;15;0.0001;6.7603;6.656795024871826;7.6923076923076925;105110
normal;16;0.0001;6.4731;6.055902349031888;7.6923076923076925;105129
normal;17;0.0001;5.2667;3.71515563084529;7.6923076923076925;105206
normal;18;0.0001;3.0113;2.7268471204317533;7.6923076923076925;105225
normal;19;0.0001;2.6781;2.654585632911095;7.6923076923076925;105246
normal;20;0.0001;2.6480;2.599539019511296;7.6923076923076925;105307
normal;21;0.0001;2.6293;2.5854829494769755;7.6923076923076925;105330
normal;22;0.0001;2.6088;2.584836959838867;9.23076923076923;105355
normal;23;0.0001;2.5749;2.575259784551767;7.6923076923076925;105424
normal;24;0.0001;2.5796;2.5695745321420524;7.6923076923076925;105444
normal;25;0.0001;2.5757;2.567263258420504;8.461538461538462;105513
normal;26;0.0001;2.5703;2.566342287797194;7.6923076923076925;105535
normal;27;0.0001;2.5678;2.5663787034841685;7.6923076923076925;105602
normal;28;0.0001;2.5734;2.5651511595799374;7.6923076923076925;105626
normal;29;0.0001;2.5689;2.5648638211763823;7.6923076923076925;105650
normal;30;0.0001;2.5672;2.564913294865535;9.23076923076923;105711
normal;31;0.0001;2.5716;2.564786089383639;7.6923076923076925;105730
normal;32;0.0001;2.5634;2.564551591873169;7.6923076923076925;105751
normal;33;0.0001;2.5632;2.564432925444383;7.6923076923076925;105810
normal;34;0.0001;2.5671;2.564358065678523;7.6923076923076925;105829
normal;35;0.0001;2.5633;2.5642365015470063;7.6923076923076925;105851
normal;36;0.0001;2.5648;2.5641002068152794;7.6923076923076925;105909
normal;37;0.0001;2.5637;2.5639251708984374;7.6923076923076925;105927
normal;38;0.0001;2.5651;2.5637418636908897;7.6923076923076925;105946
normal;39;0.0001;2.5625;2.563617134094238;7.6923076923076925;110005
normal;40;0.0001;2.5644;2.5634379386901855;7.6923076923076925;110025
normal;41;0.0001;2.5644;2.56319302045382;7.6923076923076925;110045
normal;42;0.0001;2.5603;2.562936936891996;7.6923076923076925;110104
normal;43;0.0001;2.5622;2.562725668687087;7.6923076923076925;110124
normal;44;0.0001;2.5584;2.5624535047090973;7.6923076923076925;110144
normal;45;0.0001;2.5624;2.562115529867319;7.6923076923076925;110203
normal;46;0.0001;2.5588;2.5617839923271766;7.6923076923076925;110224
normal;47;0.0001;2.5586;2.561425964648907;7.6923076923076925;110248
normal;48;0.0001;2.5621;2.56100833599384;7.6923076923076925;110307
normal;49;0.0001;2.5572;2.5605274200439454;7.6923076923076925;110329
normal;50;0.0001;2.5566;2.560025658974281;7.6923076923076925;110354
normal;51;0.0001;2.5571;2.559556953723614;7.6923076923076925;110420
normal;52;0.0001;2.5576;2.559056751544659;7.6923076923076925;110439
normal;53;0.0001;2.5551;2.5585068189180813;7.6923076923076925;110458
normal;54;0.0001;2.5551;2.5580630155710073;7.6923076923076925;110518
normal;55;0.0001;2.5527;2.5577251837803767;7.6923076923076925;110537
normal;56;0.0001;2.5547;2.5574383148780235;7.6923076923076925;110556
normal;57;0.0001;2.5502;2.5571324275090146;7.6923076923076925;110614
normal;58;0.0001;2.5521;2.556770522777851;7.6923076923076925;110633
normal;59;0.0001;2.5546;2.5563085702749397;7.6923076923076925;110651
normal;60;0.0001;2.5533;2.555772399902344;7.6923076923076925;110709
normal;61;0.0001;2.5548;2.5552382689255935;7.6923076923076925;110727
normal;62;0.0001;2.5523;2.5547278074117807;7.6923076923076925;110745
normal;63;0.0001;2.5506;2.5542004952063926;7.6923076923076925;110804
normal;64;0.0001;2.5486;2.5535924764779896;7.6923076923076925;110822
normal;65;0.0001;2.5475;2.552884101867676;7.6923076923076925;110840
normal;66;0.0001;2.5419;2.552054375868577;7.6923076923076925;110859
normal;67;0.0001;2.5470;2.5512035663311297;7.6923076923076925;110918
normal;68;0.0001;2.5453;2.550403242844802;7.6923076923076925;110936
normal;69;0.0001;2.5496;2.5494323070232685;7.6923076923076925;110954
normal;70;0.0001;2.5455;2.5486228796151966;7.6923076923076925;111013
normal;71;0.0001;2.5432;2.547767077959501;7.6923076923076925;111033
normal;72;0.0001;2.5436;2.546757826438317;7.6923076923076925;111054
normal;73;0.0001;2.5432;2.5457473754882813;7.6923076923076925;111115
normal;74;0.0001;2.5422;2.544328051346999;7.6923076923076925;111136
normal;75;0.0001;2.5408;2.5429458691523625;7.6923076923076925;111156
normal;76;0.0001;2.5421;2.5416281370016245;7.6923076923076925;111215
normal;77;0.0001;2.5367;2.540110874176025;7.6923076923076925;111233
normal;78;0.0001;2.5423;2.5383293335254375;7.6923076923076925;111255
normal;79;0.0001;2.5355;2.5365600402538595;7.6923076923076925;111315
normal;80;0.0001;2.5397;2.5344454765319826;7.6923076923076925;111334
normal;81;0.0001;2.5363;2.5325269038860614;7.6923076923076925;111353
normal;82;0.0001;2.5347;2.5303887073810283;7.6923076923076925;111412
normal;83;0.0001;2.5265;2.5271569875570443;7.6923076923076925;111432
normal;84;0.0001;2.5246;2.5243309094355655;10.0;111452
normal;85;0.0001;2.5226;2.519639147244967;7.6923076923076925;111510
normal;86;0.0001;2.5185;2.5145903734060435;11.538461538461538;111529
normal;87;0.0001;2.5088;2.508794725858248;12.307692307692308;111548
normal;88;0.0001;2.5098;2.5017232418060305;11.538461538461538;111606
normal;89;0.0001;2.5046;2.4923825117257925;21.53846153846154;111625
normal;90;0.0001;2.5060;2.4843558164743276;23.846153846153847;111644
normal;91;0.0001;2.5073;2.4737281579237718;20.0;111705
normal;92;0.0001;2.4978;2.4661348342895506;20.76923076923077;111729
normal;93;0.0001;2.5018;2.4525354165297286;34.61538461538461;111749
normal;94;0.0001;2.4861;2.440448577587421;32.30769230769231;111809
normal;95;0.0001;2.4781;2.432904500227708;31.53846153846154;111828
normal;96;0.0001;2.4859;2.4150574243985687;26.153846153846153;111847
normal;97;0.0001;2.4383;2.3977775390331564;32.30769230769231;111907
normal;98;0.0001;2.4608;2.3890282997718226;24.615384615384617;111928
normal;99;0.0001;2.4373;2.381476857112004;19.23076923076923;111948
normal;100;0.0001;2.4475;2.367614643390362;20.0;112007
normal;101;0.0001;2.4268;2.324246777020968;26.153846153846153;112026
normal;102;0.0001;2.4005;2.2885979652404784;33.07692307692308;112045
normal;103;0.0001;2.3775;2.272033537351168;26.923076923076923;112104
normal;104;0.0001;2.3459;2.299476880293626;21.53846153846154;112122
normal;105;0.0001;2.3755;2.348758869904738;20.0;112141
normal;106;0.0001;2.3844;2.3078470706939695;23.846153846153847;112201
normal;107;0.0001;2.3451;2.233405010516827;33.07692307692308;112224
normal;108;0.0001;2.2772;2.1909553894629847;31.53846153846154;112245
normal;109;0.0001;2.2677;2.2145230439993053;21.53846153846154;112308
normal;110;0.0001;2.3418;2.295700058570275;18.46153846153846;112327
normal;111;0.0001;2.3826;2.2653177444751447;14.615384615384615;112346
normal;112;0.0001;2.2665;2.2338491256420427;34.61538461538461;112406
normal;113;0.0001;2.2650;2.136631749226497;36.15384615384615;112425
normal;114;0.0001;2.1697;1.9998294646923358;30.0;112443
normal;115;0.0001;2.1489;2.101547351250282;30.0;112502
normal;116;0.0001;2.3726;2.3508407977911143;30.76923076923077;112522
normal;117;0.0001;2.3507;2.2927082281846265;19.23076923076923;112540
normal;118;0.0001;2.2761;2.2936240122868465;27.692307692307693;112559
normal;119;0.0001;2.2794;2.21025972366333;49.23076923076923;112617
normal;120;0.0001;2.2027;2.0466914543738732;44.61538461538461;112636
normal;121;0.0001;2.0576;1.834515564258282;46.92307692307692;112655
normal;122;0.0001;1.9357;2.0905530636127176;37.69230769230769;112714
normal;123;0.0001;2.4042;2.2456223762952363;24.615384615384617;112732
normal;124;0.0001;2.2390;2.1862977834848256;42.30769230769231;112751
normal;125;0.0001;2.1918;2.178053951263428;39.23076923076923;112810
normal;126;0.0001;2.1706;2.1179882489717925;49.23076923076923;112828
normal;127;0.0001;2.0794;1.9321881551008957;35.38461538461539;112847
normal;128;0.0001;1.9203;1.6931058443509615;46.92307692307692;112906
normal;129;0.0001;1.9425;1.918788477090689;30.76923076923077;112925
normal;130;0.0001;2.0795;2.1727728110093336;23.076923076923077;112944
normal;131;0.0001;2.1550;1.9660705529726468;41.53846153846154;113004
normal;132;0.0001;2.0366;1.9901738020089956;33.84615384615385;113024
normal;133;0.0001;2.0164;1.9047459382277268;40.76923076923077;113044
normal;134;0.0001;1.8939;1.6359233416043795;40.0;113104
normal;135;0.0001;1.7347;1.4865171524194571;43.07692307692308;113124
normal;136;0.0001;1.8648;1.6339205155005823;38.46153846153846;113144
normal;137;0.0001;1.8817;1.9064611728374774;33.07692307692308;113216
normal;138;0.0001;1.8980;1.7752603787642258;40.76923076923077;113234
normal;139;0.0001;1.8524;1.6793478672321027;46.92307692307692;113258
normal;140;0.0001;1.7316;1.6526797147897574;33.07692307692308;113325
normal;141;0.0001;1.7036;1.6114172000151414;39.23076923076923;113348
normal;142;0.0001;1.7858;1.693392511514517;39.23076923076923;113409
normal;143;0.0001;1.7871;1.608556476006141;36.15384615384615;113431
normal;144;0.0001;1.7140;1.5642979731926552;46.15384615384615;113453
normal;145;0.0001;1.6275;1.452558187338022;46.15384615384615;113514
normal;146;0.0001;1.5570;1.4195224138406606;39.23076923076923;113535
normal;147;0.0001;1.6992;1.5366379187657282;44.61538461538461;113558
normal;148;0.0001;1.6721;1.608685748393719;36.92307692307692;113625
normal;149;0.0001;1.6677;1.5008647258465106;56.92307692307692;113651
normal;150;0.0001;1.5407;1.3565731268662673;52.30769230769231;113715
normal;151;0.0001;1.4878;1.4495996695298414;41.53846153846154;113737
normal;152;0.0001;1.5340;1.6020624014047475;33.84615384615385;113801
normal;153;0.0001;1.6874;1.5920840520125168;35.38461538461539;113823
normal;154;0.0001;1.6458;1.5526055115919846;43.07692307692308;113847
normal;155;0.0001;1.5591;1.4195261991941013;40.76923076923077;113910
normal;156;0.0001;1.4848;1.3101714794452375;46.92307692307692;113933
normal;157;0.0001;1.5282;1.4353444888041569;42.30769230769231;113955
normal;158;0.0001;1.5466;1.3420061349868775;52.30769230769231;114018
normal;159;0.0001;1.4803;1.3266093767606295;50.76923076923077;114042
normal;160;0.0001;1.3834;1.2035856833824745;60.76923076923077;114105
normal;161;0.0001;1.3955;1.1433805905855619;59.23076923076923;114129
normal;162;0.0001;1.4103;1.2336790341597337;54.61538461538461;114154
normal;163;0.0001;1.4084;1.3061681288939255;47.69230769230769;114217
normal;164;0.0001;1.3526;1.1623077942774847;63.84615384615385;114243
normal;165;0.0001;1.3442;1.060133592899029;62.30769230769231;114306
normal;166;0.0001;1.3757;1.2408388651334323;49.23076923076923;114331
normal;167;0.0001;1.3593;1.1791586729196402;54.61538461538461;114359
normal;168;0.0001;1.2915;1.1170521846184365;68.46153846153847;114421
normal;169;0.0001;1.2597;1.1317955237168533;64.61538461538461;114442
normal;170;0.0001;1.2711;1.080343855344332;66.15384615384616;114503
normal;171;0.0001;1.2558;1.056847491631141;66.15384615384616;114524
normal;172;0.0001;1.1901;1.0872081719912015;68.46153846153847;114545
normal;173;0.0001;1.2290;0.981078184567965;63.84615384615385;114606
normal;174;0.0001;1.2441;1.023269800039438;60.0;114627
normal;175;0.0001;1.1280;1.0669984817504883;60.76923076923077;114650
normal;176;0.0001;1.1297;1.0787230601677529;66.15384615384616;114712
normal;177;0.0001;1.1454;1.0775029365832989;59.23076923076923;114735
normal;178;0.0001;1.1151;1.0610511669745812;58.46153846153846;114757
normal;179;0.0001;1.1021;1.022806205199315;56.92307692307692;114819
normal;180;0.0001;1.1915;0.9551192650428185;65.38461538461539;114842
normal;181;0.0001;1.1219;1.0033167894069965;76.92307692307692;114905
normal;182;0.0001;1.0423;0.9718786019545335;79.23076923076923;114926
normal;183;0.0001;1.0392;0.7794963103074294;81.53846153846153;114950
normal;184;0.0001;0.9890;0.7812952628502479;84.61538461538461;115012
normal;185;0.0001;0.9868;0.8355778602453379;73.84615384615384;115034
normal;186;0.0001;0.9830;0.8193493879758394;77.6923076923077;115057
normal;187;0.0001;0.9264;0.772431441453787;76.15384615384616;115120
normal;188;0.0001;0.9292;0.8753337658368624;72.3076923076923;115143
normal;189;0.0001;0.8986;1.0398221043440012;67.6923076923077;115206
normal;190;0.0001;0.9958;0.8813601016998291;70.0;115229
normal;191;0.0001;0.9180;0.7676426410675049;73.84615384615384;115251
normal;192;0.0001;0.8591;0.7087773378078754;80.0;115316
normal;193;0.0001;0.8511;0.8638950274540828;68.46153846153847;115338
normal;194;0.0001;0.8602;0.7855217621876643;77.6923076923077;115407
normal;195;0.0001;0.8467;0.6638614076834458;76.92307692307692;115429
normal;196;0.0001;0.8168;0.7767065690113948;75.38461538461539;115453
normal;197;0.0001;0.7710;0.6166652019207294;80.0;115515
normal;198;0.0001;0.8094;0.5420297842759353;85.38461538461539;115537
normal;199;0.0001;0.8318;0.6100364464979905;83.84615384615384;115557
normal;200;0.0001;0.7374;0.46552189863645116;88.46153846153847;115620
normal;201;0.0001;0.6757;0.43587064834741446;89.23076923076923;115643
normal;202;0.0001;0.7216;0.7178252680943562;73.07692307692308;115708
normal;203;0.0001;0.7845;0.5796838879585267;84.61538461538461;115729
normal;204;0.0001;0.6687;0.4314149177991427;84.61538461538461;115749
normal;205;0.0001;0.6199;0.4016933881319486;90.0;115809
normal;206;0.0001;0.6010;0.4065983552199144;91.53846153846153;115829
normal;207;0.0001;0.5914;0.39505518124653743;93.07692307692308;115854
normal;208;0.0001;0.5409;0.3095419530685131;94.61538461538461;115921
normal;209;0.0001;0.5654;0.37728440027970533;90.0;115949
normal;210;0.0001;0.6042;0.4046621139232929;86.92307692307692;120010
normal;211;0.0001;0.6649;0.5018103306110089;83.07692307692308;120032
normal;212;0.0001;0.5845;0.5236791849136353;86.92307692307692;120054
normal;213;0.0001;0.5509;0.3701224968983577;88.46153846153847;120120
normal;214;0.0001;0.4644;0.4469725187008198;89.23076923076923;120142
normal;215;0.0001;0.5582;0.35040031579824593;90.0;120205
normal;216;0.0001;0.4927;0.289843225479126;91.53846153846153;120230
normal;217;0.0001;0.4309;0.2421254744896522;92.3076923076923;120253
normal;218;0.0001;0.4531;0.36913213913257303;91.53846153846153;120317
normal;219;0.0001;0.5377;0.34960791422770576;90.0;120341
normal;220;0.0001;0.5248;0.4011241527704092;85.38461538461539;120405
normal;221;0.0001;0.5136;0.34104598852304313;90.0;120429
normal;222;0.0001;0.4412;0.43271771027491646;84.61538461538461;120453
normal;223;0.0001;0.4943;0.39150907076322117;87.6923076923077;120517
normal;224;0.0001;0.5095;0.3849186668029198;87.6923076923077;120540
normal;225;0.0001;0.4795;0.2750666049810556;93.07692307692308;120603
normal;226;0.0001;0.4178;0.17779452502727508;96.92307692307692;120628
normal;227;0.0001;0.3871;0.34949375436856195;93.07692307692308;120653
normal;228;0.0001;0.3031;0.17717967858681313;95.38461538461539;120716
normal;229;0.0001;0.3424;0.22619202641340402;93.84615384615384;120740
normal;230;0.0001;0.3662;0.25878210067749025;93.07692307692308;120805
normal;231;0.0001;0.3797;0.28854965430039625;90.76923076923077;120830
normal;232;0.0001;0.3618;0.2608017689906634;90.76923076923077;120853
normal;233;0.0001;0.3831;0.1912829325749324;96.92307692307692;120916
normal;234;0.0001;0.4151;0.3651455567433284;89.23076923076923;120942
normal;235;0.0001;0.3647;0.209848912862631;92.3076923076923;121012
normal;236;0.0001;0.3633;0.28961920188023493;91.53846153846153;121042
normal;237;0.0001;0.3427;0.16566218596238355;95.38461538461539;121113
normal;238;0.0001;0.2926;0.17910911435118088;94.61538461538461;121141
normal;239;0.0001;0.2850;0.24962188188846296;94.61538461538461;121211
normal;240;0.0001;0.2587;0.19863845602824137;93.84615384615384;121238
normal;241;0.0001;0.3308;0.17973642991139338;94.61538461538461;121302
normal;242;0.0001;0.2982;0.18020674540446355;95.38461538461539;121327
normal;243;0.0001;0.2845;0.21527369641340696;94.61538461538461;121349
normal;244;0.0001;0.2664;0.17090836316347122;94.61538461538461;121415
normal;245;0.0001;0.2356;0.11255802168295934;96.92307692307692;121441
normal;246;0.0001;0.2704;0.2633112722864518;94.61538461538461;121504
normal;247;0.0001;0.2866;0.176931837029182;93.84615384615384;121533
normal;248;0.0001;0.2653;0.18315972617039314;94.61538461538461;121559
normal;249;0.0001;0.2303;0.21331579318413368;95.38461538461539;121624
normal;250;0.0001;0.2704;0.1918927040667488;95.38461538461539;121650
normal;251;0.0001;0.2620;0.230453596665309;93.07692307692308;121715
normal;252;0.0001;0.2466;0.12964798842485134;96.15384615384616;121742
normal;253;0.0001;0.2265;0.21808356654185515;93.84615384615384;121811
normal;254;0.0001;0.2498;0.09205618787270325;97.6923076923077;121833
normal;255;0.0001;0.1924;0.17453764562423413;93.84615384615384;121859
normal;256;0.0001;0.2478;0.19234937887925369;93.84615384615384;121921
normal;257;0.0001;0.2411;0.10610449268267705;97.6923076923077;121943
normal;258;0.0001;0.2182;0.11902328170835971;96.15384615384616;122007
normal;259;0.0001;0.1720;0.1347822031006217;96.15384615384616;122030
normal;260;0.0001;0.2101;0.15232039185670707;94.61538461538461;122055
normal;261;0.0001;0.2231;0.10668433767098646;97.6923076923077;122119
normal;262;0.0001;0.1996;0.19152502294343252;94.61538461538461;122141
normal;263;0.0001;0.2273;0.08094309820578649;97.6923076923077;122203
normal;264;0.0001;0.2011;0.1652707206371885;94.61538461538461;122225
normal;265;0.0001;0.2325;0.1464937760279729;96.15384615384616;122246
normal;266;0.0001;0.1966;0.09956968707533984;97.6923076923077;122307
normal;267;0.0001;0.1988;0.1844078825213588;95.38461538461539;122328
normal;268;0.0001;0.1788;0.1341691385094936;95.38461538461539;122350
normal;269;0.0001;0.1865;0.07074893187158383;97.6923076923077;122412
normal;270;0.0001;0.1689;0.29578224752958004;90.0;122433
normal;271;0.0001;0.1819;0.0629055917263031;98.46153846153847;122454
normal;272;0.0001;0.1595;0.13992782820445987;96.15384615384616;122515
normal;273;0.0001;0.1635;0.17466618688060687;96.15384615384616;122537
normal;274;0.0001;0.2145;0.19374690938454409;94.61538461538461;122559
normal;275;0.0001;0.2434;0.18374592541502072;94.61538461538461;122620
normal;276;0.0001;0.1915;0.09548002785215011;96.92307692307692;122641
normal;277;0.0001;0.1526;0.10426581400231673;95.38461538461539;122703
normal;278;0.0001;0.1816;0.08811594110268813;96.92307692307692;122724
normal;279;0.0001;0.1958;0.07022585148851458;97.6923076923077;122746
normal;280;0.0001;0.1591;0.18764848165357342;94.61538461538461;122807
normal;281;0.0001;0.1304;0.04762937999688662;99.23076923076923;122828
normal;282;0.0001;0.1308;0.11757385469973088;96.15384615384616;122850
normal;283;0.0001;0.1258;0.06409080856694625;98.46153846153847;122911
normal;284;0.0001;0.1367;0.06682453877650775;96.92307692307692;122933
normal;285;0.0001;0.1488;0.13186339168594433;96.15384615384616;122954
normal;286;0.0001;0.1082;0.03343428120446893;98.46153846153847;123015
normal;287;0.0001;0.1704;0.0828093851558291;97.6923076923077;123037
normal;288;0.0001;0.1456;0.16770901558920742;93.07692307692308;123059
normal;289;0.0001;0.2201;0.06589789476532203;98.46153846153847;123120
normal;290;0.0001;0.1961;0.17130963131785393;93.84615384615384;123141
normal;291;0.0001;0.1867;0.04757541468940102;98.46153846153847;123202
normal;292;0.0001;0.1613;0.11619559990671965;96.92307692307692;123224
normal;293;0.0001;0.1706;0.10776618168904231;96.15384615384616;123246
normal;294;0.0001;0.1236;0.11998958848954107;96.15384615384616;123307
normal;295;0.0001;0.1391;0.058915318434055036;98.46153846153847;123328
normal;296;0.0001;0.1120;0.06736591775776245;97.6923076923077;123349
normal;297;0.0001;0.1379;0.12798235949415426;96.15384615384616;123410
normal;298;0.0001;0.1938;0.14292914294279538;96.15384615384616;123432
normal;299;0.0001;0.1798;0.12294253992328708;96.92307692307692;123454
normal;300;0.0001;0.1654;0.100401938190827;96.15384615384616;123515
