tensor([1., 0., 0., 0., 0., 0., 0., 0., 0., 0., 0., 0., 0., 0., 0., 0., 0., 0.,
        0., 0., 0., 0., 0., 0., 0., 0., 0., 0., 0., 0., 0., 0., 0., 0., 0., 0.,
        0., 0., 0., 0., 0., 0., 0.])
tensor([1., 0., 0., 0., 0., 0., 0., 0., 0., 0., 0., 0., 0., 0., 0., 0., 0., 0.,
        0., 0., 0., 0., 0., 0., 0., 0., 0., 0., 0., 0., 0., 0., 0., 0., 0., 0.,
        0., 0., 0., 0., 0., 0., 0.])
tensor([1., 0., 0., 0., 0., 0., 0., 0., 0., 0., 0., 0., 0., 0., 0., 0., 0., 0.,
        0., 0., 0., 0., 0., 0., 0., 0., 0., 0., 0., 0., 0., 0., 0., 0., 0., 0.,
        0., 0., 0., 0., 0., 0., 0.])
tensor([1., 0., 0., 0., 0., 0., 0., 0., 0., 0., 0., 0., 0., 0., 0., 0., 0., 0.,
        0., 0., 0., 0., 0., 0., 0., 0., 0., 0., 0., 0., 0., 0., 0., 0., 0., 0.,
        0., 0., 0., 0., 0., 0., 0.])
tensor([1., 0., 0., 0., 0., 0., 0., 0., 0., 0., 0., 0., 0., 0., 0., 0., 0., 0.,
        0., 0., 0., 0., 0., 0., 0., 0., 0., 0., 0., 0., 0., 0., 0., 0., 0., 0.,
        0., 0., 0., 0., 0., 0., 0.])
tensor([1., 0., 0., 0., 0., 0., 0., 0., 0., 0., 0., 0., 0., 0., 0., 0., 0., 0.,
        0., 0., 0., 0., 0., 0., 0., 0., 0., 0., 0., 0., 0., 0., 0., 0., 0., 0.,
        0., 0., 0., 0., 0., 0., 0.])
tensor([1., 0., 0., 0., 0., 0., 0., 0., 0., 0., 0., 0., 0., 0., 0., 0., 0., 0.,
        0., 0., 0., 0., 0., 0., 0., 0., 0., 0., 0., 0., 0., 0., 0., 0., 0., 0.,
        0., 0., 0., 0., 0., 0., 0.])
tensor([1., 0., 0., 0., 0., 0., 0., 0., 0., 0., 0., 0., 0., 0., 0., 0., 0., 0.,
        0., 0., 0., 0., 0., 0., 0., 0., 0., 0., 0., 0., 0., 0., 0., 0., 0., 0.,
        0., 0., 0., 0., 0., 0., 0.])
tensor([1., 0., 0., 0., 0., 0., 0., 0., 0., 0., 0., 0., 0., 0., 0., 0., 0., 0.,
        0., 0., 0., 0., 0., 0., 0., 0., 0., 0., 0., 0., 0., 0., 0., 0., 0., 0.,
        0., 0., 0., 0., 0., 0., 0.])
tensor([1., 0., 0., 0., 0., 0., 0., 0., 0., 0., 0., 0., 0., 0., 0., 0., 0., 0.,
        0., 0., 0., 0., 0., 0., 0., 0., 0., 0., 0., 0., 0., 0., 0., 0., 0., 0.,
        0., 0., 0., 0., 0., 0., 0.])
tensor([1., 0., 0., 0., 0., 0., 0., 0., 0., 0., 0., 0., 0., 0., 0., 0., 0., 0.,
        0., 0., 0., 0., 0., 0., 0., 0., 0., 0., 0., 0., 0., 0., 0., 0., 0., 0.,
        0., 0., 0., 0., 0., 0., 0.])
tensor([1., 0., 0., 0., 0., 0., 0., 0., 0., 0., 0., 0., 0., 0., 0., 0., 0., 0.,
        0., 0., 0., 0., 0., 0., 0., 0., 0., 0., 0., 0., 0., 0., 0., 0., 0., 0.,
        0., 0., 0., 0., 0., 0., 0.])
tensor([1., 0., 0., 0., 0., 0., 0., 0., 0., 0., 0., 0., 0., 0., 0., 0., 0., 0.,
        0., 0., 0., 0., 0., 0., 0., 0., 0., 0., 0., 0., 0., 0., 0., 0., 0., 0.,
        0., 0., 0., 0., 0., 0., 0.])
tensor([0.5000, 0.5375, 0.0000, 0.0000, 0.0000, 0.0000, 0.0000, 0.0000, 0.0000,
        0.0000, 0.0000, 0.0000, 0.0000, 0.0000, 0.0000, 0.0000, 0.0000, 0.6111,
        0.0000, 0.0000, 0.0000, 0.0000, 0.0000, 0.0000, 0.0000, 0.0000, 0.0000,
        0.0000, 0.0000, 0.0000, 0.0000, 0.0000, 0.0000, 0.0000, 0.0000, 0.0000,
        0.0000, 0.0000, 0.0000, 0.0000, 0.0000, 0.0000, 0.0000])
tensor([1.0000, 0.0000, 0.0000, 0.0000, 0.0000, 0.0000, 0.0000, 0.0000, 0.0000,
        0.0000, 0.0000, 0.0000, 0.0000, 0.0000, 0.0000, 0.0000, 0.0000, 0.0000,
        0.0000, 0.0000, 0.0000, 0.0000, 0.0000, 0.0000, 0.0000, 0.0000, 0.0000,
        0.0000, 0.0000, 0.0000, 0.0000, 0.0000, 0.0000, 0.0000, 0.0000, 0.0000,
        0.0000, 0.0000, 0.5623, 0.0000, 0.0000, 0.0000, 0.0000])
tensor([0.5500, 0.0000, 0.2093, 0.0000, 0.0000, 0.0000, 0.0000, 0.0000, 0.0000,
        0.0000, 0.0000, 0.0000, 0.5290, 0.0750, 0.0000, 0.0000, 0.0000, 0.0000,
        0.0000, 0.0000, 0.0000, 0.0000, 0.0000, 0.0000, 0.0000, 0.0000, 0.0000,
        0.0000, 0.0000, 0.0000, 0.0000, 0.0000, 0.0000, 0.0000, 0.0000, 0.0000,
        0.0000, 0.0000, 0.8522, 0.0000, 0.0000, 0.0000, 0.0000])
tensor([1.0000, 0.0000, 0.0000, 0.0000, 0.0000, 0.0000, 0.0000, 0.0000, 0.0000,
        0.0000, 0.0000, 0.0000, 0.5333, 0.0000, 0.0000, 0.0000, 0.0000, 0.0000,
        0.0000, 0.0000, 0.0000, 0.0000, 0.0000, 0.0000, 0.0000, 0.0000, 0.0000,
        0.0000, 0.0000, 0.0000, 0.0000, 0.0000, 0.0000, 0.0000, 0.0000, 0.0000,
        0.0000, 0.0000, 0.8246, 0.0000, 0.0000, 0.0000, 0.0000])
tensor([0.0000, 0.3389, 0.3347, 0.0000, 0.1394, 0.1048, 0.0000, 0.0000, 0.0000,
        0.0229, 0.7379, 0.0000, 0.7406, 0.7792, 0.0037, 0.0000, 0.0000, 0.8972,
        0.0000, 0.0000, 0.0000, 0.0000, 0.0000, 0.0000, 0.0000, 0.0000, 0.0000,
        0.0000, 0.0000, 0.0000, 0.0000, 0.0000, 0.0000, 0.0000, 0.0000, 0.0000,
        0.0000, 0.0000, 0.9116, 0.0000, 0.0000, 0.0000, 0.0000])
tensor([0.9667, 0.0000, 0.0600, 0.0000, 0.0015, 0.0000, 0.0000, 0.0000, 0.0000,
        0.0000, 0.0197, 0.0000, 0.4580, 0.4681, 0.0000, 0.0000, 0.0000, 0.0000,
        0.0000, 0.0000, 0.0000, 0.0000, 0.0000, 0.0000, 0.0000, 0.0000, 0.0000,
        0.0000, 0.0000, 0.0000, 0.0000, 0.0000, 0.0000, 0.0000, 0.0000, 0.0000,
        0.0000, 0.0000, 0.7681, 0.0000, 0.0000, 0.0000, 0.0000])
tensor([0.0000, 0.2569, 0.3800, 0.0000, 0.1030, 0.2175, 0.0000, 0.0000, 0.0000,
        0.0271, 0.7212, 0.1857, 0.7348, 0.9361, 0.0815, 0.0000, 0.0000, 0.5472,
        0.0205, 0.0000, 0.0000, 0.0000, 0.0000, 0.0000, 0.0000, 0.5979, 0.0000,
        0.0000, 0.0000, 0.0000, 0.0000, 0.0000, 0.0000, 0.0000, 0.0000, 0.0000,
        0.0000, 0.0000, 0.9043, 0.0000, 0.0000, 0.0000, 0.0000])
tensor([0.4333, 0.0750, 0.2480, 0.0000, 0.0015, 0.0000, 0.0000, 0.0000, 0.0000,
        0.0479, 0.0667, 0.0238, 0.4652, 0.7042, 0.1889, 0.0000, 0.0000, 0.5222,
        0.0179, 0.0000, 0.0000, 0.0000, 0.0000, 0.0000, 0.0000, 0.0292, 0.0000,
        0.0000, 0.0000, 0.0000, 0.0000, 0.0000, 0.0000, 0.0000, 0.0000, 0.0000,
        0.0000, 0.0000, 0.0000, 0.0000, 0.0000, 0.0000, 0.0000])
tensor([0.0167, 0.5306, 0.1360, 0.0000, 0.0167, 0.0778, 0.0000, 0.0000, 0.0000,
        0.1979, 0.7364, 0.3476, 0.5986, 0.8972, 0.0000, 0.0000, 0.0000, 0.0000,
        0.0128, 0.0000, 0.0000, 0.0000, 0.0000, 0.0000, 0.0000, 0.5021, 0.0000,
        0.0000, 0.0000, 0.0000, 0.0000, 0.0000, 0.0000, 0.0000, 0.0000, 0.0000,
        0.0000, 0.0000, 0.7522, 0.0000, 0.0000, 0.0000, 0.0000])
tensor([0.4833, 0.1083, 0.2880, 0.0000, 0.0000, 0.0000, 0.0000, 0.0000, 0.0000,
        0.0958, 0.0909, 0.1262, 0.4493, 0.9069, 0.0296, 0.0000, 0.0000, 0.0000,
        0.0231, 0.0000, 0.0000, 0.0000, 0.0000, 0.0000, 0.0000, 0.0500, 0.0000,
        0.0000, 0.0000, 0.0000, 0.0000, 0.0000, 0.0000, 0.0000, 0.0000, 0.0000,
        0.0000, 0.0000, 0.4087, 0.0000, 0.0000, 0.0000, 0.0000])
tensor([0.0167, 0.4181, 0.0853, 0.0000, 0.0591, 0.2540, 0.0000, 0.0000, 0.0000,
        0.0354, 0.7742, 0.3429, 0.7464, 0.8292, 0.0037, 0.0000, 0.0000, 0.5500,
        0.0846, 0.0000, 0.0000, 0.0000, 0.0000, 0.0000, 0.0000, 0.4458, 0.0000,
        0.0000, 0.0000, 0.0000, 0.0000, 0.0000, 0.0000, 0.0000, 0.0000, 0.0000,
        0.0000, 0.0000, 0.9623, 0.0000, 0.0000, 0.0000, 0.0000])
tensor([0.2667, 0.2569, 0.1733, 0.0000, 0.0061, 0.0000, 0.0000, 0.0000, 0.0000,
        0.0625, 0.0955, 0.0881, 0.5812, 0.7722, 0.0296, 0.0000, 0.0000, 0.3389,
        0.0564, 0.0000, 0.0000, 0.0000, 0.0000, 0.0000, 0.0000, 0.1146, 0.0000,
        0.0000, 0.0000, 0.0000, 0.0000, 0.0000, 0.0000, 0.0000, 0.0000, 0.0000,
        0.0000, 0.0000, 0.0000, 0.0000, 0.0000, 0.0000, 0.0000])
tensor([0.0833, 0.5097, 0.1200, 0.0000, 0.0636, 0.1127, 0.0000, 0.0000, 0.0000,
        0.3604, 0.8182, 0.2714, 0.5638, 0.8958, 0.3481, 0.0000, 0.0000, 0.7639,
        0.0385, 0.0000, 0.0000, 0.0000, 0.0000, 0.0000, 0.0000, 0.4896, 0.0000,
        0.0000, 0.0000, 0.0000, 0.0000, 0.0000, 0.0000, 0.0000, 0.0000, 0.0000,
        0.0000, 0.0000, 0.8565, 0.0000, 0.0000, 0.0000, 0.0000])
tensor([0.4500, 0.0639, 0.3240, 0.0000, 0.0015, 0.0000, 0.0000, 0.0000, 0.0000,
        0.1875, 0.1394, 0.0476, 0.4623, 0.9153, 0.4407, 0.2762, 0.0000, 0.2639,
        0.0154, 0.0000, 0.0000, 0.0000, 0.0000, 0.0000, 0.0000, 0.0146, 0.0000,
        0.0000, 0.0000, 0.0000, 0.0000, 0.0000, 0.0000, 0.0000, 0.0000, 0.0000,
        0.0000, 0.0000, 0.5826, 0.0000, 0.0000, 0.0000, 0.0000])
tensor([0.0500, 0.4903, 0.0373, 0.0000, 0.0136, 0.1556, 0.0000, 0.0000, 0.0000,
        0.4167, 0.8121, 0.5071, 0.7072, 0.9083, 0.3778, 0.0048, 0.0000, 0.9028,
        0.0282, 0.0000, 0.0000, 0.0000, 0.0000, 0.0000, 0.0000, 0.3229, 0.0000,
        0.0000, 0.0000, 0.0000, 0.0000, 0.0000, 0.0000, 0.0000, 0.0000, 0.0000,
        0.0000, 0.0000, 0.7232, 0.0000, 0.0000, 0.0000, 0.0000])
tensor([0.3333, 0.1958, 0.1973, 0.0000, 0.1394, 0.0000, 0.0000, 0.0000, 0.0000,
        0.2604, 0.3591, 0.1571, 0.6522, 0.9153, 0.5963, 0.2429, 0.0000, 0.8028,
        0.1154, 0.0000, 0.0000, 0.0000, 0.0000, 0.0000, 0.0000, 0.0875, 0.0000,
        0.0000, 0.0000, 0.0000, 0.0000, 0.0000, 0.0000, 0.0000, 0.0000, 0.0051,
        0.0000, 0.0000, 0.8928, 0.0000, 0.0000, 0.0000, 0.0000])
tensor([0.3167, 0.4347, 0.2427, 0.0067, 0.0136, 0.0079, 0.0000, 0.0000, 0.0000,
        0.3271, 0.7288, 0.2595, 0.6710, 0.9139, 0.6148, 0.2714, 0.0000, 0.7417,
        0.1103, 0.0000, 0.0000, 0.0000, 0.0000, 0.0000, 0.0000, 0.3063, 0.0000,
        0.0000, 0.0000, 0.0000, 0.0000, 0.0000, 0.0000, 0.0000, 0.0000, 0.2103,
        0.0000, 0.0000, 0.8275, 0.0000, 0.0000, 0.0000, 0.0000])
tensor([0.3500, 0.3514, 0.2067, 0.0022, 0.0152, 0.0000, 0.0000, 0.0000, 0.0000,
        0.2708, 0.3121, 0.1619, 0.5072, 0.9222, 0.6333, 0.5667, 0.0000, 0.5972,
        0.1077, 0.0000, 0.0000, 0.0000, 0.1500, 0.0000, 0.0000, 0.1167, 0.0000,
        0.0000, 0.0000, 0.0000, 0.0000, 0.0000, 0.0000, 0.0000, 0.0000, 0.3205,
        0.0000, 0.0000, 0.7058, 0.0000, 0.0000, 0.0000, 0.0000])
tensor([0.5000, 0.3708, 0.1347, 0.0000, 0.0015, 0.0000, 0.0000, 0.0000, 0.0000,
        0.3479, 0.4879, 0.2262, 0.5754, 0.9167, 0.6185, 0.2714, 0.0000, 0.7556,
        0.0974, 0.0000, 0.0000, 0.0000, 0.2583, 0.0000, 0.0000, 0.3146, 0.0000,
        0.0000, 0.0000, 0.0000, 0.0000, 0.0000, 0.0000, 0.0000, 0.0000, 0.2462,
        0.0000, 0.0000, 0.6652, 0.0000, 0.0000, 0.0000, 0.0000])
tensor([0.8000, 0.1889, 0.0240, 0.0000, 0.0152, 0.0000, 0.0000, 0.0000, 0.0000,
        0.2438, 0.4470, 0.2952, 0.6870, 0.9194, 0.5815, 0.3333, 0.0000, 0.8028,
        0.0154, 0.0000, 0.0000, 0.0000, 0.5083, 0.0000, 0.0000, 0.1500, 0.0000,
        0.0000, 0.0067, 0.0000, 0.0000, 0.0074, 0.0000, 0.0000, 0.0000, 0.0000,
        0.0000, 0.0000, 0.4870, 0.0000, 0.0000, 0.0000, 0.0000])
tensor([0.2833, 0.3889, 0.0733, 0.1467, 0.1530, 0.1063, 0.0000, 0.0022, 0.0000,
        0.4479, 0.8561, 0.5833, 0.7652, 0.9236, 0.6074, 0.3000, 0.0000, 0.8389,
        0.1103, 0.0000, 0.0000, 0.0000, 0.4500, 0.0000, 0.0000, 0.3042, 0.0000,
        0.0000, 0.0467, 0.0000, 0.0000, 0.0074, 0.0000, 0.0143, 0.5000, 0.5128,
        0.0000, 0.0000, 0.9435, 0.0000, 0.0000, 0.0000, 0.0000])
tensor([0.3500, 0.2736, 0.3280, 0.0711, 0.1485, 0.0143, 0.0000, 0.0000, 0.0000,
        0.4167, 0.3500, 0.1143, 0.5159, 0.9167, 0.6926, 0.7381, 0.0000, 0.5500,
        0.3564, 0.0000, 0.0000, 0.0000, 0.3917, 0.0000, 0.0000, 0.1500, 0.0000,
        0.0000, 0.0000, 0.0000, 0.0000, 0.0000, 0.0000, 0.1048, 0.0000, 0.3513,
        0.0000, 0.0000, 0.8841, 0.6667, 0.0000, 0.0000, 0.0000])
tensor([0.3500, 0.2389, 0.2547, 0.1489, 0.1788, 0.1333, 0.0000, 0.0333, 0.0133,
        0.5042, 0.8621, 0.2810, 0.6899, 0.9347, 0.6148, 0.7190, 0.0000, 0.6722,
        0.2462, 0.0000, 0.0000, 0.0000, 0.3583, 0.0000, 0.0000, 0.5333, 0.0000,
        0.0000, 0.0067, 0.0000, 0.0000, 0.0000, 0.0000, 0.0524, 0.0000, 0.2564,
        0.0000, 0.0000, 0.9130, 0.0000, 0.0000, 0.0000, 0.0000])
tensor([0.5833, 0.1500, 0.2093, 0.0533, 0.2015, 0.0714, 0.0000, 0.0111, 0.0156,
        0.3479, 0.5061, 0.1524, 0.4551, 0.9528, 0.6370, 0.8143, 0.0000, 0.5167,
        0.1872, 0.0000, 0.0000, 0.0000, 0.4750, 0.0000, 0.0000, 0.3313, 0.0000,
        0.0000, 0.0000, 0.0000, 0.0000, 0.0000, 0.0000, 0.0286, 0.5250, 0.1615,
        0.0000, 0.0000, 0.7899, 0.6667, 0.0000, 0.0000, 0.0000])
tensor([0.6167, 0.2444, 0.2347, 0.0622, 0.1106, 0.0270, 0.0000, 0.0000, 0.0000,
        0.4917, 0.5955, 0.1357, 0.4696, 0.9653, 0.5111, 0.7429, 0.0000, 0.4389,
        0.1564, 0.0000, 0.0000, 0.0000, 0.3167, 0.0000, 0.0000, 0.4396, 0.0000,
        0.0000, 0.0067, 0.0000, 0.0000, 0.0000, 0.0167, 0.0238, 0.4917, 0.2410,
        0.0000, 0.0000, 0.7507, 0.3667, 0.0000, 0.0000, 0.0000])
tensor([0.7167, 0.1208, 0.1680, 0.0000, 0.0106, 0.0000, 0.0000, 0.0000, 0.0000,
        0.6125, 0.5500, 0.0524, 0.4391, 0.9653, 0.6963, 0.6714, 0.0000, 0.6444,
        0.0897, 0.0000, 0.0000, 0.0000, 0.5000, 0.0000, 0.0000, 0.1500, 0.0000,
        0.0000, 0.0467, 0.0222, 0.0000, 0.0000, 0.0000, 0.0000, 0.5167, 0.0000,
        0.0000, 0.0000, 0.3913, 0.3000, 0.0000, 0.0000, 0.0000])
tensor([0.5833, 0.3764, 0.2293, 0.1822, 0.2576, 0.0095, 0.0000, 0.0044, 0.0000,
        0.7521, 0.6348, 0.4095, 0.7275, 0.8819, 0.7704, 0.4857, 0.0133, 0.8444,
        0.2564, 0.0000, 0.0000, 0.0000, 0.7333, 0.0000, 0.0000, 0.4083, 0.0000,
        0.0000, 0.5267, 0.2889, 0.0000, 0.2519, 0.0000, 0.0000, 0.4583, 0.0000,
        0.0000, 0.0000, 0.9014, 0.3889, 0.0000, 0.0000, 0.0000])
tensor([0.6000, 0.5611, 0.2880, 0.0911, 0.1955, 0.0048, 0.0000, 0.0000, 0.0089,
        0.6958, 0.2348, 0.1786, 0.6406, 0.8792, 0.7815, 0.7238, 0.0533, 0.7556,
        0.4590, 0.0000, 0.0000, 0.0000, 0.6917, 0.0000, 0.0000, 0.4021, 0.0000,
        0.0000, 0.4533, 0.0000, 0.0000, 0.0000, 0.0000, 0.3619, 0.2333, 0.5872,
        0.5250, 0.8833, 0.8754, 0.6667, 0.1556, 0.0000, 0.0000])
tensor([0.8333, 0.2708, 0.1293, 0.0311, 0.0561, 0.0000, 0.0000, 0.0000, 0.0000,
        0.5229, 0.3121, 0.1690, 0.4696, 0.9667, 0.8222, 0.8333, 0.0467, 0.7500,
        0.2692, 0.0000, 0.0000, 0.0000, 0.6750, 0.0000, 0.0000, 0.5000, 0.0500,
        0.0000, 0.3600, 0.1000, 0.0000, 0.0741, 0.0000, 0.0333, 0.6917, 0.2744,
        0.0417, 0.0000, 0.6493, 0.5889, 0.0000, 0.0000, 0.0000])
tensor([0.7333, 0.2167, 0.2360, 0.2444, 0.2318, 0.0460, 0.0000, 0.0000, 0.0578,
        0.4896, 0.5045, 0.1286, 0.6710, 0.8931, 0.4556, 0.7381, 0.0000, 0.8472,
        0.2256, 0.0000, 0.0000, 0.0000, 0.6833, 0.0533, 0.0000, 0.6354, 0.0000,
        0.0000, 0.4400, 0.0000, 0.0000, 0.0111, 0.0667, 0.1381, 0.5750, 0.1205,
        0.0667, 0.0000, 0.9536, 0.4667, 0.0000, 0.0000, 0.0000])
tensor([0.5667, 0.5319, 0.1880, 0.2400, 0.4091, 0.1286, 0.0000, 0.1711, 0.1111,
        0.6562, 0.8167, 0.4071, 0.6565, 0.9083, 0.7296, 0.8333, 0.0933, 0.8917,
        0.5179, 0.0000, 0.0000, 0.0000, 0.6417, 0.0000, 0.0000, 0.6208, 0.0056,
        0.0000, 0.2600, 0.0000, 0.0000, 0.0185, 0.0000, 0.5762, 0.6583, 0.5205,
        0.4750, 0.7833, 0.9420, 0.6667, 0.4889, 0.0000, 0.0000])
tensor([0.7667, 0.4597, 0.2840, 0.0867, 0.2152, 0.0159, 0.0000, 0.0000, 0.0289,
        0.6542, 0.6212, 0.2905, 0.5116, 0.9736, 0.8370, 0.8524, 0.1000, 0.7194,
        0.4282, 0.0000, 0.0000, 0.0000, 0.6917, 0.0000, 0.0000, 0.7250, 0.1444,
        0.0000, 0.4333, 0.0111, 0.0000, 0.0444, 0.0833, 0.2333, 0.6667, 0.3769,
        0.2917, 0.1500, 0.7174, 0.4556, 0.0111, 0.0000, 0.0000])
tensor([0.8167, 0.3014, 0.3333, 0.2867, 0.0864, 0.0238, 0.0000, 0.0000, 0.0800,
        0.6521, 0.6591, 0.0595, 0.6928, 0.9667, 0.7741, 0.9095, 0.0133, 0.9528,
        0.3051, 0.0000, 0.0000, 0.0000, 0.7250, 0.1267, 0.0000, 0.7208, 0.0611,
        0.0000, 0.5000, 0.0000, 0.0000, 0.3148, 0.1667, 0.0810, 0.5333, 0.3026,
        0.1917, 0.0000, 0.7261, 0.3111, 0.0000, 0.0000, 0.0000])
tensor([0.7167, 0.3292, 0.3787, 0.5511, 0.3333, 0.1365, 0.0000, 0.3889, 0.2622,
        0.8104, 0.8742, 0.3833, 0.7217, 0.9292, 0.7926, 0.7000, 0.2733, 0.8000,
        0.5872, 0.0000, 0.0000, 0.0000, 0.9333, 0.0467, 0.0000, 0.6646, 0.0222,
        0.0000, 0.5800, 0.0000, 0.0200, 0.2741, 0.2667, 0.5810, 0.7000, 0.5538,
        0.1833, 0.4833, 0.9391, 0.6000, 0.4667, 0.3167, 0.0000])
tensor([0.7167, 0.5153, 0.5093, 0.2956, 0.6091, 0.1048, 0.0000, 0.1889, 0.0578,
        0.7771, 0.8394, 0.3857, 0.6913, 0.9306, 0.7111, 0.9095, 0.2800, 0.6556,
        0.5231, 0.0000, 0.0000, 0.0000, 0.7667, 0.0000, 0.0000, 0.5188, 0.0333,
        0.0500, 0.4267, 0.0000, 0.0000, 0.0333, 0.2333, 0.9619, 0.7167, 0.3513,
        0.3917, 0.7500, 0.8841, 0.6000, 0.6778, 0.4500, 0.0000])
tensor([0.7667, 0.5167, 0.4040, 0.1489, 0.2212, 0.0667, 0.0000, 0.0756, 0.0778,
        0.7250, 0.7212, 0.3714, 0.5130, 0.9750, 0.7963, 0.8905, 0.1867, 0.7389,
        0.4128, 0.0000, 0.0000, 0.0000, 0.6750, 0.0133, 0.0000, 0.6708, 0.4389,
        0.0000, 0.3867, 0.0000, 0.0333, 0.0852, 0.3000, 0.2810, 0.6417, 0.3333,
        0.1917, 0.0500, 0.6884, 0.3333, 0.0333, 0.1667, 0.0333])
tensor([0.6667, 0.3736, 0.4680, 0.1822, 0.2212, 0.0952, 0.0000, 0.0133, 0.1733,
        0.7042, 0.6167, 0.0762, 0.5623, 0.9750, 0.8519, 0.9381, 0.1000, 0.9194,
        0.3308, 0.0000, 0.0000, 0.0000, 0.6917, 0.0200, 0.0000, 0.7104, 0.3556,
        0.0000, 0.5000, 0.0333, 0.0000, 0.2333, 0.1667, 0.1476, 0.4917, 0.1667,
        0.1333, 0.0000, 0.6275, 0.3333, 0.0000, 0.0000, 0.0000])
tensor([0.7667, 0.4208, 0.7053, 0.4089, 0.4879, 0.0048, 0.0000, 0.4289, 0.2422,
        0.9729, 0.9212, 0.3929, 0.8203, 0.9514, 0.8815, 0.7048, 0.2600, 0.8278,
        0.5795, 0.0000, 0.0000, 0.0000, 0.8000, 0.1867, 0.0000, 0.5875, 0.3167,
        0.0333, 0.7133, 0.0000, 0.0267, 0.3556, 0.2167, 0.8095, 0.6750, 0.5000,
        0.0917, 0.4167, 0.9130, 0.5444, 0.4000, 0.4167, 0.0000])
tensor([0.8000, 0.7722, 0.6640, 0.4089, 0.1636, 0.0444, 0.0000, 0.4222, 0.1756,
        0.8979, 0.8318, 0.4429, 0.7681, 0.9236, 0.8296, 0.8905, 0.6600, 0.6917,
        0.5410, 0.0000, 0.0000, 0.0111, 0.8250, 0.2267, 0.0000, 0.5458, 0.2389,
        0.0500, 0.6733, 0.0000, 0.0267, 0.1074, 0.2000, 0.9571, 0.8000, 0.6051,
        0.7333, 0.9167, 0.8014, 0.7222, 0.6778, 0.4667, 0.0000])
tensor([0.7833, 0.6639, 0.5333, 0.1511, 0.1424, 0.0841, 0.0000, 0.1111, 0.2600,
        0.8562, 0.6758, 0.4262, 0.5464, 0.9667, 0.9296, 0.8952, 0.3200, 0.8056,
        0.4513, 0.0000, 0.0000, 0.0111, 0.8417, 0.2000, 0.0000, 0.7979, 0.6722,
        0.0333, 0.6600, 0.0111, 0.0667, 0.2889, 0.1667, 0.5143, 0.6833, 0.4385,
        0.5250, 0.2333, 0.6797, 0.3444, 0.0111, 0.3000, 0.0444])
tensor([0.7833, 0.5264, 0.6720, 0.3022, 0.3727, 0.0079, 0.0000, 0.0111, 0.3089,
        0.8813, 0.7818, 0.1476, 0.7188, 0.9667, 0.9296, 0.9286, 0.1067, 0.9472,
        0.4051, 0.0000, 0.0000, 0.0000, 0.7000, 0.0267, 0.0000, 0.7167, 0.5722,
        0.0333, 0.6133, 0.0333, 0.0333, 0.3407, 0.1500, 0.3048, 0.5500, 0.3692,
        0.4333, 0.0167, 0.6725, 0.3222, 0.0000, 0.0000, 0.0000])
tensor([0.8167, 0.5889, 0.8000, 0.4956, 0.5318, 0.0540, 0.0000, 0.5089, 0.3933,
        0.9708, 0.8364, 0.4762, 0.8203, 0.9528, 0.9630, 0.9143, 0.6333, 0.8861,
        0.6564, 0.0000, 0.0000, 0.0556, 0.9250, 0.4600, 0.0222, 0.6500, 0.5278,
        0.1167, 0.7867, 0.0000, 0.0333, 0.4296, 0.3667, 0.8952, 0.7167, 0.7205,
        0.5000, 0.7000, 0.8246, 0.6111, 0.3556, 0.5667, 0.0000])
tensor([0.8167, 0.7236, 0.6573, 0.4133, 0.2485, 0.0619, 0.0000, 0.4444, 0.4044,
        0.8146, 0.3697, 0.5310, 0.7855, 0.8833, 0.8815, 0.9190, 0.7600, 0.8556,
        0.6333, 0.0000, 0.0222, 0.0000, 0.9583, 0.3733, 0.0222, 0.7042, 0.2722,
        0.1333, 0.7533, 0.0000, 0.0600, 0.2259, 0.1833, 0.9571, 0.7583, 0.7872,
        0.7417, 0.9667, 0.8754, 0.7778, 0.6444, 0.7333, 0.0778])
tensor([0.8000, 0.7319, 0.5693, 0.1178, 0.2985, 0.0302, 0.0000, 0.0911, 0.6089,
        0.8604, 0.2985, 0.4048, 0.7638, 0.9417, 0.9407, 0.8810, 0.4933, 0.9472,
        0.5128, 0.0000, 0.0000, 0.0000, 0.9917, 0.2733, 0.0000, 0.8708, 0.7000,
        0.0333, 0.8333, 0.0889, 0.0600, 0.4407, 0.5833, 0.4095, 0.5667, 0.6590,
        0.7333, 0.8500, 0.7551, 0.3556, 0.1889, 0.4167, 0.0111])
tensor([0.8167, 0.5861, 0.6600, 0.0933, 0.5621, 0.0032, 0.0000, 0.0489, 0.4444,
        0.9250, 0.4318, 0.1833, 0.7507, 0.9569, 0.9815, 0.9143, 0.4800, 0.9861,
        0.4667, 0.0000, 0.0222, 0.0000, 0.9917, 0.3133, 0.0333, 0.7292, 0.7167,
        0.2333, 0.8267, 0.1556, 0.0000, 0.5889, 0.5667, 0.1952, 0.4333, 0.5231,
        0.6667, 0.8167, 0.5899, 0.4111, 0.0111, 0.2333, 0.0000])
tensor([0.7833, 0.5181, 0.6907, 0.6133, 0.3242, 0.1000, 0.0000, 0.4178, 0.5222,
        0.8375, 0.4985, 0.4619, 0.8116, 0.9250, 0.8481, 0.9429, 0.8067, 0.8500,
        0.6513, 0.0000, 0.0222, 0.0000, 0.9167, 0.5133, 0.0111, 0.7146, 0.3556,
        0.0167, 0.6800, 0.0333, 0.0200, 0.4000, 0.3667, 0.9571, 0.7750, 0.7590,
        0.7333, 0.8167, 0.9029, 0.3444, 0.6333, 0.7667, 0.0222])
tensor([0.7667, 0.6875, 0.6840, 0.6800, 0.6621, 0.3508, 0.0000, 0.5822, 0.7067,
        0.9167, 0.7288, 0.5857, 0.8000, 0.9417, 0.9296, 0.9286, 0.7533, 0.8861,
        0.6769, 0.0000, 0.0111, 0.0111, 0.9667, 0.1733, 0.0000, 0.8083, 0.4389,
        0.0333, 0.7067, 0.0000, 0.1467, 0.3074, 0.7000, 0.9190, 0.7250, 0.6615,
        0.7333, 0.8667, 0.8928, 0.4444, 0.3111, 0.5833, 0.2556])
tensor([0.8167, 0.7306, 0.6587, 0.3222, 0.5636, 0.2333, 0.0000, 0.2911, 0.5644,
        0.9083, 0.7182, 0.3524, 0.6942, 0.9583, 0.9407, 0.9238, 0.5933, 0.8917,
        0.4103, 0.0000, 0.0333, 0.0667, 0.9417, 0.1400, 0.0000, 0.8417, 0.7444,
        0.0833, 0.6467, 0.1111, 0.0733, 0.3407, 0.5667, 0.6476, 0.7250, 0.4692,
        0.7083, 0.3500, 0.7348, 0.4000, 0.0000, 0.3833, 0.2111])
tensor([0.8333, 0.6167, 0.6427, 0.5267, 0.3136, 0.1349, 0.0000, 0.2844, 0.5467,
        0.8687, 0.7258, 0.3524, 0.6043, 0.9722, 0.9074, 0.9429, 0.6467, 0.9722,
        0.4872, 0.0000, 0.0333, 0.0889, 0.9500, 0.1867, 0.0000, 0.7333, 0.7000,
        0.0333, 0.6933, 0.0889, 0.0133, 0.3741, 0.6167, 0.7048, 0.7417, 0.4179,
        0.5000, 0.1667, 0.6783, 0.3333, 0.0000, 0.3500, 0.2889])
tensor([0.7833, 0.3708, 0.5400, 0.6778, 0.2758, 0.5841, 0.0000, 0.3600, 0.6867,
        0.9750, 0.8227, 0.3167, 0.8623, 0.9597, 0.9741, 0.8429, 0.6467, 0.9194,
        0.4436, 0.0000, 0.0000, 0.0000, 0.6833, 0.1800, 0.0000, 0.7479, 0.5556,
        0.0000, 0.6733, 0.1000, 0.1200, 0.3444, 0.4000, 0.5905, 0.7500, 0.4923,
        0.2833, 0.0000, 0.6986, 0.3111, 0.0111, 0.1667, 0.0778])
tensor([0.8167, 0.6819, 0.5960, 0.7133, 0.7303, 0.3476, 0.0600, 0.7111, 0.7244,
        0.8896, 0.9030, 0.5476, 0.8188, 0.9750, 0.9185, 0.8857, 0.7667, 0.9278,
        0.6282, 0.0000, 0.0889, 0.0889, 0.9167, 0.3133, 0.0000, 0.5938, 0.6667,
        0.1333, 0.7333, 0.1000, 0.0400, 0.4926, 0.7333, 0.6857, 0.7250, 0.4718,
        0.3000, 0.1000, 0.7826, 0.3111, 0.0556, 0.5500, 0.1667])
tensor([0.7833, 0.7278, 0.5573, 0.7289, 0.6773, 0.4921, 0.3333, 0.7311, 0.6022,
        0.8167, 0.7864, 0.6738, 0.8348, 0.9236, 0.8667, 0.9048, 0.8533, 0.9222,
        0.6410, 0.0500, 0.0111, 0.0444, 0.9250, 0.1467, 0.0000, 0.7479, 0.6111,
        0.0833, 0.6333, 0.0889, 0.0867, 0.3000, 0.5667, 0.9238, 0.8333, 0.8821,
        0.7583, 0.9167, 0.9406, 0.8889, 0.4111, 0.6333, 0.5000])
tensor([0.8000, 0.7681, 0.7693, 0.6333, 0.8470, 0.4397, 0.6067, 0.7844, 0.6889,
        0.9312, 0.7394, 0.6524, 0.8464, 0.9403, 0.9667, 0.9571, 0.8600, 0.9528,
        0.7308, 0.0000, 0.1444, 0.1111, 0.9917, 0.3400, 0.1000, 0.8104, 0.7722,
        0.2500, 0.8000, 0.2333, 0.2067, 0.6296, 0.7833, 0.9190, 0.8333, 0.8949,
        0.7667, 0.9167, 0.9290, 0.7889, 0.5222, 0.7000, 0.6111])
tensor([0.8333, 0.7569, 0.8520, 0.6356, 0.8258, 0.1413, 0.3200, 0.5089, 0.7867,
        0.9688, 0.7500, 0.5976, 0.8725, 0.9472, 0.9667, 0.9524, 0.7800, 0.9472,
        0.6462, 0.0333, 0.1778, 0.1778, 0.9833, 0.4267, 0.0889, 0.8542, 0.7611,
        0.3333, 0.8200, 0.2333, 0.1533, 0.6519, 0.9333, 0.8905, 0.8083, 0.8487,
        0.7500, 0.8833, 0.8812, 0.6444, 0.2333, 0.6000, 0.4556])
tensor([0.8500, 0.7875, 0.8507, 0.5022, 0.6985, 0.0873, 0.0867, 0.4022, 0.7689,
        0.9667, 0.7409, 0.5238, 0.8217, 0.9556, 0.9630, 0.9524, 0.7000, 0.9750,
        0.5513, 0.0000, 0.1667, 0.1556, 0.9750, 0.4933, 0.0111, 0.8646, 0.7389,
        0.3833, 0.8267, 0.3222, 0.1067, 0.5926, 0.9000, 0.8476, 0.7417, 0.6051,
        0.7417, 0.8000, 0.8000, 0.6000, 0.0333, 0.5667, 0.2111])
tensor([0.8500, 0.7278, 0.7787, 0.4733, 0.6076, 0.1286, 0.0333, 0.3422, 0.7844,
        0.9604, 0.6167, 0.3905, 0.7942, 0.9514, 0.9667, 0.9524, 0.6533, 0.9917,
        0.5256, 0.0000, 0.1333, 0.0222, 0.9833, 0.4267, 0.0444, 0.8500, 0.7667,
        0.3167, 0.8333, 0.3222, 0.0533, 0.6074, 0.8167, 0.7762, 0.6500, 0.4923,
        0.6167, 0.5000, 0.7348, 0.5889, 0.0000, 0.5000, 0.0667])
tensor([0.8500, 0.5472, 0.7000, 0.8022, 0.5712, 0.4825, 0.0533, 0.5533, 0.7956,
        0.9729, 0.7015, 0.4595, 0.8913, 0.9542, 0.9815, 0.9190, 0.7267, 0.9750,
        0.7077, 0.0000, 0.1889, 0.0111, 0.9833, 0.6000, 0.0222, 0.8708, 0.7444,
        0.2167, 0.8133, 0.2222, 0.2533, 0.7519, 0.8167, 0.8524, 0.6417, 0.6051,
        0.7500, 0.5000, 0.8217, 0.4444, 0.0111, 0.4833, 0.0222])
tensor([0.7833, 0.5833, 0.7253, 0.8689, 0.6848, 0.6476, 0.4000, 0.6978, 0.8400,
        0.9104, 0.8045, 0.6810, 0.8348, 0.9611, 0.9407, 0.8571, 0.8067, 0.9194,
        0.6897, 0.0000, 0.1333, 0.1222, 0.9750, 0.4933, 0.0000, 0.8729, 0.7056,
        0.0833, 0.6400, 0.2778, 0.3000, 0.6444, 0.8833, 0.9333, 0.8583, 0.6308,
        0.7167, 0.5000, 0.9159, 0.4556, 0.3556, 0.6000, 0.4556])
tensor([0.8167, 0.7042, 0.7467, 0.8267, 0.8455, 0.6952, 0.5667, 0.7600, 0.8111,
        0.9479, 0.8591, 0.6071, 0.8159, 0.9597, 0.9481, 0.8571, 0.8133, 0.9417,
        0.6385, 0.0000, 0.1111, 0.0444, 0.9667, 0.1400, 0.0000, 0.8833, 0.7222,
        0.1833, 0.6267, 0.1889, 0.1400, 0.4852, 0.9167, 0.8810, 0.8667, 0.6974,
        0.7333, 0.7833, 0.8652, 0.5222, 0.1556, 0.5833, 0.5667])
tensor([0.8500, 0.8264, 0.7653, 0.7156, 0.8136, 0.6968, 0.2400, 0.6689, 0.7911,
        0.9271, 0.8364, 0.5833, 0.7986, 0.9611, 0.9481, 0.8000, 0.7067, 0.9444,
        0.5154, 0.0000, 0.1556, 0.1111, 0.9583, 0.1733, 0.0111, 0.8854, 0.7611,
        0.3000, 0.6867, 0.2556, 0.0867, 0.5296, 0.8333, 0.7095, 0.8583, 0.4692,
        0.6833, 0.2833, 0.7681, 0.5444, 0.0111, 0.3833, 0.3333])
tensor([0.8500, 0.8167, 0.6880, 0.6667, 0.5803, 0.5429, 0.1133, 0.5867, 0.7756,
        0.9563, 0.8015, 0.4571, 0.7754, 0.9694, 0.9481, 0.8333, 0.6667, 0.9750,
        0.4949, 0.0000, 0.1667, 0.0000, 0.9333, 0.2000, 0.0111, 0.8271, 0.7500,
        0.0833, 0.6667, 0.2444, 0.0733, 0.2852, 0.5000, 0.5190, 0.8583, 0.4256,
        0.5333, 0.0000, 0.6623, 0.4556, 0.0000, 0.3667, 0.2444])
tensor([0.8500, 0.5903, 0.6613, 0.8133, 0.5500, 0.6286, 0.2600, 0.8044, 0.7533,
        0.9479, 0.8227, 0.4381, 0.8304, 0.9653, 0.9630, 0.8476, 0.8000, 0.9667,
        0.6718, 0.0000, 0.1667, 0.0000, 0.9583, 0.3867, 0.0222, 0.8083, 0.7500,
        0.0667, 0.7400, 0.3000, 0.1067, 0.6148, 0.8167, 0.3286, 0.6083, 0.3846,
        0.4750, 0.0167, 0.6507, 0.3000, 0.0000, 0.1167, 0.0889])
tensor([0.8333, 0.7000, 0.8133, 0.8556, 0.6439, 0.6159, 0.5467, 0.7222, 0.7156,
        0.8542, 0.7939, 0.6429, 0.8203, 0.9389, 0.9000, 0.7857, 0.8733, 0.8750,
        0.6641, 0.0667, 0.0889, 0.1222, 0.8417, 0.3267, 0.0556, 0.7604, 0.6389,
        0.2333, 0.5933, 0.1667, 0.1467, 0.5926, 0.8833, 0.9667, 0.8583, 0.8333,
        0.7917, 0.9167, 0.9522, 0.6444, 0.3889, 0.8500, 0.4778])
tensor([0.8167, 0.8889, 0.9013, 0.8267, 0.8818, 0.3873, 0.6267, 0.8444, 0.7978,
        0.9667, 0.8439, 0.7119, 0.9072, 0.9625, 0.9593, 0.8810, 0.8667, 0.9500,
        0.7487, 0.0833, 0.2333, 0.2333, 0.9583, 0.5267, 0.2444, 0.8646, 0.7833,
        0.3667, 0.7867, 0.2778, 0.2133, 0.5111, 1.0000, 0.9048, 0.9333, 0.8949,
        0.8417, 0.9167, 0.9261, 0.8556, 0.1222, 0.6167, 0.6556])
tensor([0.8500, 0.8736, 0.8547, 0.7844, 0.8455, 0.6413, 0.5067, 0.6889, 0.8467,
        0.9438, 0.8182, 0.6024, 0.8855, 0.9708, 0.9593, 0.8905, 0.7533, 0.9917,
        0.6795, 0.0333, 0.2444, 0.1333, 0.9583, 0.5267, 0.1000, 0.8687, 0.8000,
        0.3833, 0.7733, 0.4889, 0.1200, 0.8185, 1.0000, 0.8905, 0.8417, 0.7410,
        0.8083, 0.8167, 0.8232, 0.6667, 0.0222, 0.5667, 0.3111])
tensor([0.8333, 0.7333, 0.8653, 0.8356, 0.7364, 0.4714, 0.4800, 0.6644, 0.8511,
        0.9750, 0.7606, 0.6214, 0.8942, 0.9611, 0.9444, 0.9190, 0.7800, 0.9528,
        0.6795, 0.0000, 0.2556, 0.1111, 0.9667, 0.5533, 0.1222, 0.8687, 0.7944,
        0.3333, 0.7800, 0.4000, 0.2867, 0.7852, 0.9500, 0.9190, 0.7750, 0.6692,
        0.8250, 0.8167, 0.8565, 0.6333, 0.2000, 0.6167, 0.2778])
tensor([0.8333, 0.7611, 0.9587, 0.7756, 0.8606, 0.4476, 0.6000, 0.7200, 0.8978,
        0.9708, 0.7667, 0.6714, 0.9290, 0.9597, 0.9667, 0.9286, 0.8000, 0.9694,
        0.7231, 0.0000, 0.2556, 0.2000, 0.9750, 0.7133, 0.2333, 0.8813, 0.8167,
        0.4333, 0.8467, 0.4111, 0.4200, 0.8296, 1.0000, 0.9238, 0.7917, 0.8538,
        0.8333, 0.9167, 0.8855, 0.6667, 0.2333, 0.6333, 0.5556])
tensor([0.8000, 0.8028, 0.9013, 0.8356, 0.8515, 0.5714, 0.4267, 0.6489, 0.8844,
        0.9708, 0.7909, 0.6286, 0.9275, 0.9750, 0.9667, 0.9190, 0.7000, 0.9806,
        0.6897, 0.0000, 0.2667, 0.1444, 0.9750, 0.7200, 0.1444, 0.9042, 0.8167,
        0.4500, 0.8333, 0.5333, 0.3533, 0.8556, 1.0000, 0.9000, 0.7917, 0.7051,
        0.8417, 0.9000, 0.8145, 0.6556, 0.0333, 0.5500, 0.2889])
tensor([0.8667, 0.7847, 0.8640, 0.8644, 0.7758, 0.5349, 0.3867, 0.6644, 0.8844,
        0.9729, 0.7909, 0.5905, 0.9029, 0.9694, 0.9593, 0.9048, 0.7467, 0.9750,
        0.6872, 0.0000, 0.2667, 0.1000, 0.9750, 0.6533, 0.1222, 0.8938, 0.8056,
        0.4333, 0.8000, 0.4778, 0.2867, 0.8481, 0.9333, 0.8952, 0.7583, 0.6359,
        0.8417, 0.6833, 0.8261, 0.6667, 0.0333, 0.5667, 0.2222])
tensor([0.8333, 0.7708, 0.9400, 0.8778, 0.8136, 0.6317, 0.6200, 0.7533, 0.8800,
        0.9750, 0.8167, 0.6310, 0.9043, 0.9639, 0.9704, 0.8857, 0.7867, 0.9694,
        0.7231, 0.0000, 0.3778, 0.1333, 0.9667, 0.6467, 0.1778, 0.9062, 0.7944,
        0.4000, 0.7467, 0.6333, 0.4333, 0.8593, 0.9667, 0.9286, 0.8000, 0.8103,
        0.8250, 0.7833, 0.8812, 0.6667, 0.2000, 0.5667, 0.4889])
tensor([0.8333, 0.8264, 0.9280, 0.8911, 0.8833, 0.7603, 0.7067, 0.8444, 0.8756,
        0.9771, 0.8727, 0.6833, 0.8899, 0.9667, 0.9704, 0.8619, 0.8000, 0.9722,
        0.7256, 0.0667, 0.4444, 0.2000, 0.9667, 0.6667, 0.1667, 0.9062, 0.7889,
        0.4500, 0.7333, 0.5000, 0.3733, 0.8926, 1.0000, 0.9143, 0.8750, 0.8487,
        0.8333, 0.7833, 0.8899, 0.6556, 0.2889, 0.5500, 0.5444])
tensor([0.8333, 0.8611, 0.8760, 0.8800, 0.8833, 0.7968, 0.6667, 0.8356, 0.8756,
        0.9729, 0.8909, 0.6905, 0.8826, 0.9750, 0.9704, 0.8524, 0.7733, 0.9778,
        0.7026, 0.1333, 0.3778, 0.2222, 0.9583, 0.6400, 0.1444, 0.9083, 0.8111,
        0.4667, 0.7533, 0.5556, 0.4133, 0.8593, 1.0000, 0.8952, 0.8917, 0.7564,
        0.8250, 0.8000, 0.8420, 0.6556, 0.0444, 0.5667, 0.4556])
tensor([0.8333, 0.8528, 0.8627, 0.8600, 0.8273, 0.8016, 0.6133, 0.8511, 0.8756,
        0.9688, 0.8727, 0.7024, 0.8754, 0.9806, 0.9667, 0.8571, 0.7533, 0.9778,
        0.6744, 0.0333, 0.4556, 0.2111, 0.9750, 0.5933, 0.1000, 0.9083, 0.8167,
        0.4333, 0.7533, 0.5889, 0.3533, 0.8519, 0.9500, 0.8524, 0.8833, 0.6103,
        0.8333, 0.5333, 0.8159, 0.6444, 0.0222, 0.5333, 0.2778])
tensor([0.8667, 0.8139, 0.8120, 0.8689, 0.8212, 0.8095, 0.5933, 0.8289, 0.8711,
        0.9542, 0.8636, 0.6000, 0.8971, 0.9778, 0.9667, 0.8571, 0.7533, 0.9861,
        0.6538, 0.0000, 0.5000, 0.0778, 0.9500, 0.5667, 0.0778, 0.8750, 0.8056,
        0.3167, 0.7533, 0.6111, 0.3067, 0.8481, 0.9000, 0.6905, 0.8333, 0.6026,
        0.8167, 0.2000, 0.7841, 0.6333, 0.0111, 0.3333, 0.2444])
tensor([0.8167, 0.7431, 0.8320, 0.8556, 0.8606, 0.8270, 0.6733, 0.8400, 0.9089,
        0.9771, 0.8985, 0.6071, 0.9203, 0.9778, 0.9815, 0.8476, 0.7733, 0.9833,
        0.7077, 0.0000, 0.5111, 0.0889, 0.9583, 0.6333, 0.1111, 0.8458, 0.8111,
        0.3167, 0.7867, 0.5222, 0.3333, 0.8778, 0.9667, 0.6714, 0.8583, 0.7051,
        0.8250, 0.2167, 0.8087, 0.6000, 0.0111, 0.3833, 0.2000])
tensor([0.8333, 0.7931, 0.8133, 0.8667, 0.8470, 0.8032, 0.7267, 0.8867, 0.8622,
        0.9583, 0.8924, 0.7429, 0.9087, 0.9736, 0.9556, 0.8286, 0.9067, 0.9556,
        0.7077, 0.1833, 0.5667, 0.2222, 0.9000, 0.5867, 0.2000, 0.8396, 0.8111,
        0.4167, 0.7400, 0.5222, 0.2200, 0.8111, 1.0000, 0.8571, 0.9000, 0.9026,
        0.8417, 0.8500, 0.8928, 0.6111, 0.2333, 0.7167, 0.6778])
tensor([0.8333, 0.8597, 0.9093, 0.8600, 0.8485, 0.7635, 0.7333, 0.8756, 0.7956,
        0.9667, 0.8167, 0.7667, 0.9188, 0.9583, 0.9259, 0.8381, 0.9267, 0.9417,
        0.7256, 0.3000, 0.5222, 0.3222, 0.9167, 0.5467, 0.2778, 0.8417, 0.7833,
        0.3833, 0.7533, 0.4333, 0.2800, 0.7296, 1.0000, 0.9333, 0.9333, 0.9359,
        0.8750, 0.8667, 0.9507, 0.8333, 0.4778, 0.7333, 0.7444])
tensor([0.8500, 0.9083, 0.9160, 0.8289, 0.8879, 0.7730, 0.7067, 0.9089, 0.8867,
        0.9500, 0.8909, 0.7619, 0.9377, 0.9819, 0.9519, 0.8524, 0.8667, 0.9750,
        0.7436, 0.2833, 0.5111, 0.3111, 0.9417, 0.6600, 0.2778, 0.8833, 0.8111,
        0.4500, 0.8067, 0.6000, 0.3200, 0.8519, 1.0000, 0.9333, 0.9500, 0.8744,
        0.8750, 0.9333, 0.8652, 0.6556, 0.2778, 0.6000, 0.7778])
tensor([0.8333, 0.9069, 0.8827, 0.8422, 0.8636, 0.7714, 0.6200, 0.8600, 0.8822,
        0.9542, 0.8894, 0.7310, 0.9188, 0.9833, 0.9667, 0.8571, 0.7933, 0.9861,
        0.6590, 0.1333, 0.4222, 0.2444, 0.9583, 0.7267, 0.1111, 0.9021, 0.8278,
        0.4667, 0.8133, 0.7222, 0.1867, 0.8704, 1.0000, 0.8810, 0.8833, 0.6769,
        0.8667, 0.7167, 0.7971, 0.6667, 0.0000, 0.5000, 0.2444])
tensor([0.8333, 0.8361, 0.9080, 0.8733, 0.8242, 0.7587, 0.6400, 0.8311, 0.9200,
        0.9750, 0.8712, 0.6667, 0.9348, 0.9833, 0.9667, 0.9048, 0.8533, 0.9722,
        0.7077, 0.0500, 0.5778, 0.1444, 0.9750, 0.7133, 0.2778, 0.8542, 0.8222,
        0.4500, 0.8200, 0.6556, 0.3333, 0.8704, 0.9333, 0.8429, 0.8333, 0.7436,
        0.8667, 0.5833, 0.8232, 0.6667, 0.0333, 0.5333, 0.3444])
tensor([0.8333, 0.7944, 0.9427, 0.8800, 0.8242, 0.7476, 0.7533, 0.8556, 0.9067,
        0.9750, 0.8561, 0.7310, 0.9449, 0.9750, 0.9593, 0.8905, 0.8200, 0.9444,
        0.7282, 0.0333, 0.6111, 0.1889, 0.9500, 0.7400, 0.2889, 0.8542, 0.8222,
        0.4167, 0.8200, 0.7000, 0.4467, 0.8889, 0.9500, 0.9190, 0.8833, 0.8590,
        0.9000, 0.9333, 0.8913, 0.6667, 0.2556, 0.6333, 0.6556])
tensor([0.8333, 0.8764, 0.9627, 0.9111, 0.9045, 0.7667, 0.7533, 0.8889, 0.9156,
        0.9771, 0.8924, 0.7643, 0.9478, 0.9819, 0.9778, 0.8762, 0.8400, 0.9500,
        0.7513, 0.1167, 0.6000, 0.2222, 0.9583, 0.8267, 0.3444, 0.8854, 0.8278,
        0.4500, 0.8600, 0.6667, 0.5400, 0.9296, 1.0000, 0.9333, 0.9167, 0.8974,
        0.8917, 0.9000, 0.9145, 0.6889, 0.3111, 0.5833, 0.7333])
tensor([0.8333, 0.9042, 0.9560, 0.8978, 0.9152, 0.7937, 0.7333, 0.8978, 0.9067,
        0.9792, 0.9061, 0.7810, 0.9391, 0.9792, 0.9852, 0.8810, 0.8533, 0.9556,
        0.7538, 0.3167, 0.6222, 0.2889, 0.9500, 0.8067, 0.3444, 0.9146, 0.8556,
        0.4667, 0.8133, 0.7444, 0.5667, 0.9222, 1.0000, 0.9476, 0.9333, 0.9128,
        0.9000, 0.8833, 0.9087, 0.8444, 0.2778, 0.5667, 0.7667])
tensor([0.8833, 0.9042, 0.9587, 0.9067, 0.9167, 0.8016, 0.7400, 0.9044, 0.9022,
        0.9688, 0.9106, 0.7667, 0.9362, 0.9847, 0.9852, 0.8714, 0.8533, 0.9583,
        0.7487, 0.3833, 0.6333, 0.2778, 0.9500, 0.8067, 0.3556, 0.9146, 0.8500,
        0.4667, 0.8267, 0.7444, 0.5467, 0.9185, 1.0000, 0.9476, 0.8833, 0.9103,
        0.9083, 0.8833, 0.9174, 0.8667, 0.3333, 0.6000, 0.7556])
tensor([0.8500, 0.9056, 0.9600, 0.9289, 0.9152, 0.7746, 0.7600, 0.8933, 0.9133,
        0.9771, 0.9061, 0.7857, 0.9275, 0.9875, 0.9852, 0.9000, 0.8733, 0.9583,
        0.7487, 0.2333, 0.6000, 0.3222, 0.9500, 0.8333, 0.3889, 0.9146, 0.8389,
        0.5000, 0.8733, 0.7667, 0.5000, 0.9185, 1.0000, 0.9476, 0.9250, 0.8974,
        0.9000, 0.8833, 0.9029, 0.7111, 0.3000, 0.5667, 0.7556])
tensor([0.8500, 0.9028, 0.9547, 0.9178, 0.9045, 0.7778, 0.7667, 0.8822, 0.9111,
        0.9792, 0.8864, 0.7690, 0.9319, 0.9889, 0.9815, 0.9000, 0.8400, 0.9583,
        0.7308, 0.2833, 0.6111, 0.2778, 0.9500, 0.8133, 0.3556, 0.9042, 0.8278,
        0.4667, 0.8667, 0.7667, 0.4800, 0.9222, 1.0000, 0.9476, 0.8917, 0.8795,
        0.8750, 0.9000, 0.8725, 0.6667, 0.2222, 0.5667, 0.7556])
tensor([0.8667, 0.9014, 0.9560, 0.8911, 0.8758, 0.7746, 0.7667, 0.8733, 0.9133,
        0.9604, 0.8697, 0.7881, 0.9377, 0.9875, 0.9852, 0.9143, 0.8267, 0.9611,
        0.7359, 0.1833, 0.6444, 0.2778, 0.9583, 0.8133, 0.3111, 0.9146, 0.8278,
        0.4667, 0.8733, 0.8111, 0.4533, 0.9259, 1.0000, 0.9333, 0.9333, 0.8385,
        0.9083, 0.9167, 0.8580, 0.6667, 0.1333, 0.5667, 0.7000])
