#dataset: gtsrb
#way backdoor looks like: backdoor_green_1_percent
#merge strategy: aggregation
#learning rate: 0.0001
#number of benign sources: 4
#number of malicious sources: 1
#batch size: 512
#distribution of data: equally distributed subset
#percentage of poisoned data in backdoored nodes: 0.5
#order of time backdoors being inserted: no
#model replacement: False
#starttime: 055529
training_type;epoch_number;learn_rate;avg_training_loss;avg_test_loss;test_accuracy;timestamp
backdoor;1;0.0001;3.7631221771240235;3.7626959310669044;0.0;055746
normal;1;0.0001;4.698098373413086;3.7445735928376136;5.019794140934284;055746
backdoor;2;0.0001;3.9017890135447186;4.498321431719492;0.0;060108
normal;2;0.0001;4.610939053694407;3.5123389406423198;5.938242280285036;060108
backdoor;3;0.0001;3.8899736722310383;4.465227048848228;0.0;060510
normal;3;0.0001;4.472051541010539;3.4767352541382124;5.7007125890736345;060510
backdoor;4;0.0001;4.00825301806132;4.494346897732334;0.0;060941
normal;4;0.0001;4.486427168051402;3.4738508959941607;5.938242280285036;060941
backdoor;5;0.0001;4.076803239186605;4.553533321812525;0.0;061349
normal;5;0.0001;4.49851168791453;3.467752193592884;5.938242280285036;061349
backdoor;6;0.0001;4.084594821929931;4.551399584941607;0.0;061759
normal;6;0.0001;4.494300846258799;3.4594936102038796;5.938242280285036;061759
backdoor;7;0.0001;4.061122385660807;4.474444787877944;0.0;062207
normal;7;0.0001;4.475511725743612;3.446785414115078;5.938242280285036;062207
backdoor;8;0.0001;3.998054567972819;4.673341341841721;0.0;062617
normal;8;0.0001;4.431134148438772;3.3954290612010096;10.269200316706256;062617
backdoor;9;0.0001;3.9565013726552327;4.494543254063984;0.0;063026
normal;9;0.0001;4.350669324398041;3.2910486989991585;10.934283452098178;063026
backdoor;10;0.0001;3.891603962580363;4.717985364320443;0.0;063435
normal;10;0.0001;4.150001001358032;3.0202222665528504;17.30799683293745;063435
backdoor;11;0.0001;3.883064381281535;4.595880112455463;0.0;063846
normal;11;0.0001;3.8522379557291666;2.7395361676068886;22.96912114014252;063846
backdoor;12;0.0001;3.933166233698527;5.273551248654617;0.0791765637371338;064258
normal;12;0.0001;3.5678054332733153;2.466637221915516;29.208234362628662;064258
backdoor;13;0.0001;4.045321448644002;5.642423222316038;0.11084718923198733;064710
normal;13;0.0001;3.326917850971222;2.261912200758595;30.965954077593032;064710
backdoor;14;0.0001;4.069238106409709;5.908942409101593;0.07125890736342043;065123
normal;14;0.0001;3.142598340908686;2.1403961749465714;33.24623911322249;065123
backdoor;15;0.0001;4.067157649993897;5.9942111126317545;0.023752969121140142;065537
normal;15;0.0001;3.0149929523468018;2.054990584493533;36.12826603325416;065537
backdoor;16;0.0001;4.140378642082214;6.249883467794314;0.055423594615993665;065953
normal;16;0.0001;2.9303678890069325;1.9762443101509921;38.353127474267616;065953
backdoor;17;0.0001;4.1458285570144655;6.407982992502969;0.14251781472684086;070408
normal;17;0.0001;2.8469582200050354;1.9075034968360303;39.87331749802058;070408
backdoor;18;0.0001;4.175469199816386;6.560744584446754;0.3167062549485352;070823
normal;18;0.0001;2.7714264492193856;1.8363042497672641;42.351543942992876;070823
backdoor;19;0.0001;4.18270304997762;6.6894827582207546;0.4750593824228028;071237
normal;19;0.0001;2.690513491630554;1.7545225546648837;45.01979414093428;071237
backdoor;20;0.0001;4.228152751922607;6.863037360667805;0.601741884402217;071650
normal;20;0.0001;2.6208066483338675;1.6641836539394592;47.957244655581945;071650
backdoor;21;0.0001;4.281136520703634;7.06729066536149;0.665083135391924;072100
normal;21;0.0001;2.5278849144776663;1.5538864274678112;50.736342042755346;072100
backdoor;22;0.0001;4.405456256866455;7.4440934786037705;0.5700712589073634;072510
normal;22;0.0001;2.4473737279574075;1.4330601333533595;53.82422802850356;072510
backdoor;23;0.0001;4.508816107114156;7.812964911019151;0.5146476642913698;072921
normal;23;0.0001;2.357867548863093;1.3197012362929441;56.951702296120345;072921
backdoor;24;0.0001;4.506227779388428;7.872093856702791;0.5859065716547902;073333
normal;24;0.0001;2.2701142658789952;1.2313259792252371;60.24544734758511;073333
backdoor;25;0.0001;4.529948163032532;7.9676295047134795;0.6096595407759303;073745
normal;25;0.0001;2.2032625575860343;1.1626058939422583;63.45209817893903;073745
backdoor;26;0.0001;4.514355727036794;8.051642430442152;0.7759303246239113;074156
normal;26;0.0001;2.1394626557826997;1.1080271270099558;65.55819477434679;074156
backdoor;27;0.0001;4.535462160905202;8.078152294264648;0.7600950118764845;074607
normal;27;0.0001;2.1004671374956767;1.0620953376389455;67.36342042755345;074607
backdoor;28;0.0001;4.556746935844421;8.121079619612281;0.7996832937450514;075020
normal;28;0.0001;2.059904466072718;1.0253428564124512;68.85193982581156;075020
backdoor;29;0.0001;4.553452606995901;8.131280503080463;0.9184481393507522;075431
normal;29;0.0001;2.0192116141319274;0.9882866860191122;70.2375296912114;075431
backdoor;30;0.0001;4.569295374552409;8.208759989855503;0.9184481393507522;075843
normal;30;0.0001;1.9918496916691462;0.954180110831725;71.63895486935867;075843
backdoor;31;0.0001;4.525682957967122;8.110179330277612;1.10055423594616;080254
normal;31;0.0001;1.946936626235644;0.9229287359701294;72.62866191607284;080254
backdoor;32;0.0001;4.594048889478048;8.212289687252573;0.9738717339667459;080707
normal;32;0.0001;1.9332165042559306;0.8970366881937615;73.80839271575614;080707
backdoor;33;0.0001;4.610028946399689;8.157455606226494;1.1084718923198733;081120
normal;33;0.0001;1.9085516383250554;0.8663282978846172;74.84560570071258;081120
backdoor;34;0.0001;4.57388201157252;8.13296140065197;1.2747426761678544;081533
normal;34;0.0001;1.8667186667521796;0.8405421917719776;75.89073634204276;081533
backdoor;35;0.0001;4.561691133181254;8.128492950656918;1.4093428345209817;081946
normal;35;0.0001;1.8315158089001973;0.8133966254130867;76.9754552652415;081946
backdoor;36;0.0001;4.634098466237386;8.185681509952742;1.330166270783848;082359
normal;36;0.0001;1.8267180462678274;0.7854451775267685;77.83847980997625;082359
backdoor;37;0.0001;4.607427569230397;8.121247811819577;1.3776722090261282;082810
normal;37;0.0001;1.7938422362009685;0.7639291474862601;78.6381631037213;082810
backdoor;38;0.0001;4.5876948873202;8.261964978288301;1.1559778305621535;083222
normal;38;0.0001;1.769080535074075;0.7392494503694778;79.44576405384007;083222
backdoor;39;0.0001;4.562978029251099;8.148962296027563;1.3539192399049882;083633
normal;39;0.0001;1.7385329181949298;0.7181557215119012;80.31670625494854;083633
backdoor;40;0.0001;4.586883993943532;8.214279558992725;1.187648456057007;084044
normal;40;0.0001;1.7192625845472018;0.6968092053821893;80.79968329374505;084044
backdoor;41;0.0001;4.481920146942139;8.156190675567844;1.3143309580364213;084455
normal;41;0.0001;1.6747523670395215;0.6735031750121007;81.64687252573238;084455
backdoor;42;0.0001;4.532205776373545;8.194928717896378;1.3143309580364213;084906
normal;42;0.0001;1.6636519437034925;0.6572059284007842;82.31987331749802;084906
backdoor;43;0.0001;4.519727647304535;8.116384638818785;1.6152019002375297;085319
normal;43;0.0001;1.641686849296093;0.6374318812257792;82.95328582739509;085319
backdoor;44;0.0001;4.507851149638494;8.145105415398605;1.5676959619952493;085731
normal;44;0.0001;1.6203169112404188;0.6183479532587651;83.46793349168647;085731
backdoor;45;0.0001;4.522579131523768;8.169483137092984;1.5281076801266824;090145
normal;45;0.0001;1.6094878842433293;0.6033437561252621;84.10926365795724;090145
backdoor;46;0.0001;4.519912940263748;8.101135959459125;1.5914489311163895;090557
normal;46;0.0001;1.589398725827535;0.5888365989437391;84.55265241488519;090557
backdoor;47;0.0001;4.507055872678757;7.999981558974168;1.6468725257323833;091010
normal;47;0.0001;1.5706343625982602;0.5760919509005754;85.11480601741884;091010
backdoor;48;0.0001;4.499624305963517;8.01650823621833;1.765637371338084;091424
normal;48;0.0001;1.5567372719446817;0.5651445212103692;85.47110055423595;091424
backdoor;49;0.0001;4.530704333384832;8.121318792371833;1.6864608076009502;091837
normal;49;0.0001;1.5480063786109288;0.5469629147273628;86.09659540775931;091837
backdoor;50;0.0001;4.507780985037486;8.069405642258017;1.8448139350752177;092250
normal;50;0.0001;1.5291508868336678;0.5357721025190557;86.39746634996041;092250
backdoor;51;0.0001;4.5247430821259815;7.96523961348847;2.0823436262866193;092701
normal;51;0.0001;1.5210803630451362;0.525561497160488;86.75376088677751;092701
backdoor;52;0.0001;4.580296544233958;8.060081616036966;1.9714964370546317;093113
normal;52;0.0001;1.5225079561273256;0.5143027159871323;87.11005542359462;093113
backdoor;53;0.0001;4.505401049057642;7.946585916623367;2.367379255740301;093526
normal;53;0.0001;1.49212094694376;0.5103609479238188;87.22882026920031;093526
backdoor;54;0.0001;4.509449895222982;7.993344278101494;2.406967537608868;093938
normal;54;0.0001;1.4832622863352298;0.4995158354818868;87.48218527315915;093938
backdoor;55;0.0001;4.548827393849691;7.937093775515885;2.5732383214568486;094351
normal;55;0.0001;1.4784856816132863;0.4903930479821381;87.82264449722882;094351
backdoor;56;0.0001;4.619814852873485;7.993954281720111;2.517814726840855;094806
normal;56;0.0001;1.4878589019179345;0.4865718675433693;87.89390340459224;094806
backdoor;57;0.0001;4.557864588499069;7.897067200335263;2.7395091053048297;095218
normal;57;0.0001;1.4648764525850615;0.47849308868673995;88.13143309580364;095218
backdoor;58;0.0001;4.599689757823944;7.838926028676761;2.969121140142518;095630
normal;58;0.0001;1.4668691255152226;0.47517244681798554;88.21852731591449;095630
backdoor;59;0.0001;4.599279014269511;7.871315409584076;3.008709422011085;100044
normal;59;0.0001;1.4614613177875677;0.4757630649485101;88.17893903404592;100044
backdoor;60;0.0001;4.635402292013168;7.937307297079127;2.6920031670625493;100455
normal;60;0.0001;1.464566469937563;0.463540300564075;88.53523357086303;100455
backdoor;61;0.0001;4.593817895650863;7.931393546182205;2.7949326999208233;100908
normal;61;0.0001;1.4430735024313133;0.4571581013695361;88.61441013460016;100908
backdoor;62;0.0001;4.594724104801814;7.7850417184716445;3.159144893111639;101320
normal;62;0.0001;1.4369577579200268;0.44931911610462133;88.9944576405384;101320
backdoor;63;0.0001;4.587826102972031;7.774909341288104;2.9612034837688044;101732
normal;63;0.0001;1.4324542192121348;0.4413515877742571;88.96278701504355;101732
backdoor;64;0.0001;4.5227368096510565;7.801649640612629;3.032462391132225;102144
normal;64;0.0001;1.4082037881016731;0.4357791097222673;89.23990498812351;102144
backdoor;65;0.0001;4.558683713277181;7.921597089488074;2.9532858273950913;102556
normal;65;0.0001;1.4093112237751484;0.4346573736775233;89.1686460807601;102556
backdoor;66;0.0001;4.574313167730967;7.737350036186164;3.452098178939034;103007
normal;66;0.0001;1.4070547292629878;0.4324431383883491;89.32699920823437;103007
backdoor;67;0.0001;4.619703028599421;7.801880984634798;3.111638954869359;103421
normal;67;0.0001;1.415613707403342;0.4266787491992458;89.33491686460808;103421
backdoor;68;0.0001;4.603091463446617;7.785834527940667;3.388756927949327;103833
normal;68;0.0001;1.4035908247033755;0.42499948170859003;89.38242280285036;103833
backdoor;69;0.0001;4.608072743813197;7.80625114048273;3.452098178939034;104246
normal;69;0.0001;1.4053339913487435;0.4187491786168477;89.73871733966746;104246
backdoor;70;0.0001;4.6320578773816425;7.841337995008165;3.4204275534441804;104659
normal;70;0.0001;1.4063364281008641;0.4145610327580951;89.7070467141726;104659
backdoor;71;0.0001;4.604267873366674;7.856428475882076;3.0878859857482186;105112
normal;71;0.0001;1.3936123138914505;0.40812101764331615;89.9920823436263;105112
backdoor;72;0.0001;4.577445816993714;7.804267029146873;3.388756927949327;105524
normal;72;0.0001;1.3855779279023408;0.4054532803907719;89.94457640538401;105524
backdoor;73;0.0001;4.6316883365313215;7.955208043380097;2.9216152019002375;105936
normal;73;0.0001;1.3919261711339155;0.3981546211695728;90.0079176563737;105936
backdoor;74;0.0001;4.550486137469609;7.710853220259303;3.388756927949327;110350
normal;74;0.0001;1.3685090072453021;0.39745663516783847;90.1187648456057;110350
backdoor;75;0.0001;4.556886448462804;7.764637883202197;3.4045922406967537;110802
normal;75;0.0001;1.366546767577529;0.39566393887722956;90.31670625494854;110802
backdoor;76;0.0001;4.5118479778369265;7.705920052547259;3.8717339667458432;111213
normal;76;0.0001;1.3504552001754442;0.39384613777094196;90.30087094220112;111213
backdoor;77;0.0001;4.527709591388702;7.7359097418101745;3.847980997624703;111626
normal;77;0.0001;1.3514309278378884;0.39085305486514466;90.3562945368171;111626
backdoor;78;0.0001;4.577362507581711;7.657785128414489;4.235946159936659;112038
normal;78;0.0001;1.3602760242919127;0.386372844094996;90.45922406967537;112038
backdoor;79;0.0001;4.584977846344312;7.701550283303642;3.776722090261283;112449
normal;79;0.0001;1.3590078221013149;0.38235274561793675;90.45922406967537;112449
backdoor;80;0.0001;4.582103912035624;7.793499364422506;3.5154394299287413;112901
normal;80;0.0001;1.3585524699340263;0.3799227235058613;90.54631828978623;112901
backdoor;81;0.0001;4.5342079093058905;7.852954584817894;3.143309580364212;113314
normal;81;0.0001;1.3432446230202912;0.37530075021896303;90.63341250989707;113314
backdoor;82;0.0001;4.567570450901985;7.9243043828558;3.222486144101346;113726
normal;82;0.0001;1.345224322999517;0.3746664905019535;90.75217735550277;113726
backdoor;83;0.0001;4.488577927152316;7.777539333123021;3.578780680918448;114137
normal;83;0.0001;1.3240290557344754;0.3678909511671874;90.89469517022961;114137
backdoor;84;0.0001;4.4180637548367185;7.586116111193586;4.109263657957245;114549
normal;84;0.0001;1.3032348074018956;0.3649576640185721;91.0055423594616;114549
backdoor;85;0.0001;4.4974683165550235;7.659503294641974;3.9984164687252575;114959
normal;85;0.0001;1.320951215798656;0.3687256609931034;90.91844813935076;114959
backdoor;86;0.0001;4.514211356639862;7.815548529666469;3.745051464766429;115408
normal;86;0.0001;1.324653156970938;0.358270697393591;91.22723673792558;115408
backdoor;87;0.0001;4.592041730880737;7.846783258796021;3.499604117181314;115820
normal;87;0.0001;1.3429539501667023;0.3611970036160068;91.04513064133016;115820
backdoor;88;0.0001;4.485864839951197;7.6762117725653205;3.879651623119557;120232
normal;88;0.0001;1.3136918948342402;0.35907964442140605;91.06888361045131;120232
backdoor;89;0.0001;4.447386831045151;7.645869403515935;4.077593032462391;120644
normal;89;0.0001;1.2987305605163177;0.3560391891974829;91.06888361045131;120644
backdoor;90;0.0001;4.489456739028295;7.835530309005097;3.745051464766429;121055
normal;90;0.0001;1.3058354857067267;0.34980546101066484;91.34600158353128;121055
backdoor;91;0.0001;4.458101910352707;7.685950876509303;4.2042755344418055;121508
normal;91;0.0001;1.2984719888617595;0.34810227358614937;91.39350752177356;121508
backdoor;92;0.0001;4.513127381602923;7.727852269985896;3.745051464766429;121922
normal;92;0.0001;1.3062012856205305;0.34163623713163377;91.50435471100555;121922
backdoor;93;0.0001;4.480982095996539;7.729747230366686;3.602533650039588;122334
normal;93;0.0001;1.3006874486804008;0.3383736892059882;91.49643705463183;122334
backdoor;94;0.0001;4.440911360581716;7.805539885193983;3.9825811559778304;122748
normal;94;0.0001;1.2873588267713785;0.33844066900765246;91.48851939825812;122748
backdoor;95;0.0001;4.395756992697716;7.779927561949475;4.109263657957245;123202
normal;95;0.0001;1.2702489682783684;0.3380772270480509;91.50435471100555;123202
backdoor;96;0.0001;4.557261710365613;7.806127098488222;4.014251781472684;123614
normal;96;0.0001;1.3102996811270713;0.33175972404691406;91.72604908946951;123614
backdoor;97;0.0001;4.400325212876002;7.718503868362777;4.315122723673793;124027
normal;97;0.0001;1.2718247826521596;0.32878800450292545;91.8368962787015;124027
backdoor;98;0.0001;4.35030006468296;7.371907919357433;5.10688836104513;124440
normal;98;0.0001;1.2546293138215938;0.3316124460004382;91.7735550277118;124440
backdoor;99;0.0001;4.484460604190827;7.672244825687846;4.394299287410926;124853
normal;99;0.0001;1.284841633712252;0.32671056922616604;91.80522565320665;124853
backdoor;100;0.0001;4.391554883122444;7.706692565289737;4.251781472684086;125307
normal;100;0.0001;1.260082857000331;0.3252779353542736;91.92399049881236;125307
