#dataset: gtsrb
#way backdoor looks like: None
#merge strategy: sequential
#number of benign sources: 10
#number of malicious sources: 0
#batch size: 512
#distribution of data: equally distributed subset
#percentage of poisoned data in backdoored nodes: 100
#order of time backdoors being inserted: None
#attack model: basic
#starttime: 112616
training_type;epoch_number;learn_rate;avg_training_loss;avg_test_loss;test_accuracy;timestamp
tensor([0., 0., 1., 0., 0., 0., 0., 0., 0., 0., 0., 0., 0., 0., 0., 0., 0., 0.,
        0., 0., 0., 0., 0., 0., 0., 0., 0., 0., 0., 0., 0., 0., 0., 0., 0., 0.,
        0., 0., 0., 0., 0., 0., 0.])tensor([0., 0., 1., 0., 0., 0., 0., 0., 0., 0., 0., 0., 0., 0., 0., 0., 0., 0.,
        0., 0., 0., 0., 0., 0., 0., 0., 0., 0., 0., 0., 0., 0., 0., 0., 0., 0.,
        0., 0., 0., 0., 0., 0., 0.])tensor([0.0000, 0.0000, 0.5480, 0.0000, 0.0000, 0.0000, 0.0000, 0.0000, 0.0000,
        0.0000, 0.0000, 0.0000, 0.0000, 0.0819, 0.0000, 0.0000, 0.0000, 0.0000,
        0.0000, 0.0000, 0.0000, 0.0000, 0.0000, 0.0000, 0.0000, 0.0000, 0.0000,
        0.0000, 0.0000, 0.0000, 0.0000, 0.0000, 0.0000, 0.0000, 0.0000, 0.0000,
        0.0000, 0.0000, 0.6478, 0.0000, 0.0000, 0.0000, 0.0000])tensor([0.0000, 0.0083, 0.3040, 0.0000, 0.0000, 0.0000, 0.0000, 0.0000, 0.0000,
        0.0000, 0.9106, 0.0000, 0.0000, 0.6764, 0.0000, 0.0000, 0.0000, 0.0000,
        0.0000, 0.0000, 0.0000, 0.0000, 0.0000, 0.0000, 0.0000, 0.0000, 0.0000,
        0.0000, 0.0000, 0.0000, 0.0000, 0.0000, 0.0000, 0.0000, 0.0000, 0.0000,
        0.0000, 0.0000, 0.1029, 0.0000, 0.0000, 0.0000, 0.0000])tensor([0.0000, 0.3236, 0.1853, 0.0000, 0.0197, 0.0000, 0.0000, 0.0000, 0.0000,
        0.0000, 0.9091, 0.0000, 0.0377, 0.5611, 0.0000, 0.0000, 0.0000, 0.0000,
        0.0000, 0.0000, 0.0000, 0.0000, 0.0000, 0.0000, 0.0000, 0.0000, 0.0000,
        0.0000, 0.0000, 0.0000, 0.0000, 0.0000, 0.0000, 0.0000, 0.0000, 0.0000,
        0.0000, 0.0000, 0.0768, 0.0000, 0.0000, 0.0000, 0.0000])tensor([0.0000, 0.3194, 0.1920, 0.0000, 0.0818, 0.0000, 0.0000, 0.0000, 0.0000,
        0.0000, 0.8985, 0.0000, 0.0609, 0.5764, 0.0000, 0.0000, 0.0000, 0.0000,
        0.0000, 0.0000, 0.0000, 0.0000, 0.0000, 0.0000, 0.0000, 0.0000, 0.0000,
        0.0000, 0.0000, 0.0000, 0.0000, 0.0000, 0.0000, 0.0000, 0.0000, 0.0000,
        0.0000, 0.0000, 0.1058, 0.0000, 0.0000, 0.0000, 0.0000])tensor([0.0000, 0.3069, 0.2293, 0.0000, 0.0621, 0.0000, 0.0000, 0.0000, 0.0000,
        0.0000, 0.8758, 0.0000, 0.0913, 0.5972, 0.0000, 0.0000, 0.0000, 0.0000,
        0.0000, 0.0000, 0.0000, 0.0000, 0.0000, 0.0000, 0.0000, 0.0000, 0.0000,
        0.0000, 0.0000, 0.0000, 0.0000, 0.0000, 0.0000, 0.0000, 0.0000, 0.0000,
        0.0000, 0.0000, 0.1565, 0.0000, 0.0000, 0.0000, 0.0000])tensor([0.0000, 0.3250, 0.2947, 0.0333, 0.0621, 0.0222, 0.0000, 0.0000, 0.0000,
        0.0000, 0.8394, 0.0000, 0.1565, 0.6806, 0.0000, 0.0000, 0.0000, 0.0250,
        0.0000, 0.0000, 0.0000, 0.0000, 0.0000, 0.0000, 0.0000, 0.0000, 0.0000,
        0.0000, 0.0000, 0.0000, 0.0000, 0.0000, 0.0000, 0.0000, 0.0000, 0.0333,
        0.0000, 0.0000, 0.2377, 0.0000, 0.0000, 0.0000, 0.0000])tensor([0.0000, 0.3403, 0.3760, 0.0867, 0.0152, 0.2651, 0.0000, 0.0000, 0.0000,
        0.0000, 0.7318, 0.1738, 0.3623, 0.8417, 0.0185, 0.0000, 0.0000, 0.7028,
        0.1256, 0.0000, 0.0000, 0.0000, 0.0000, 0.0000, 0.0000, 0.0250, 0.0000,
        0.0000, 0.0000, 0.0000, 0.0000, 0.0000, 0.0000, 0.0000, 0.0000, 0.1487,
        0.0000, 0.0000, 0.6188, 0.0000, 0.0000, 0.0000, 0.0000])tensor([0.0000, 0.3708, 0.4400, 0.1044, 0.0379, 0.3476, 0.0000, 0.0000, 0.0000,
        0.1208, 0.8106, 0.4857, 0.4942, 0.9139, 0.6741, 0.0000, 0.0000, 0.7778,
        0.4949, 0.0000, 0.0000, 0.0000, 0.0000, 0.0000, 0.0000, 0.3917, 0.0000,
        0.0000, 0.0000, 0.0000, 0.0000, 0.2630, 0.0000, 0.0000, 0.0000, 0.3385,
        0.0000, 0.0000, 0.8087, 0.0333, 0.0000, 0.0000, 0.0000])tensor([0.0000, 0.5750, 0.3560, 0.1200, 0.0879, 0.3968, 0.0200, 0.1400, 0.0000,
        0.4167, 0.8288, 0.6667, 0.6884, 0.9583, 0.8630, 0.0619, 0.2667, 0.8278,
        0.5564, 0.0000, 0.0000, 0.0000, 0.0000, 0.0067, 0.0000, 0.7750, 0.0167,
        0.0000, 0.1000, 0.0000, 0.0000, 0.3111, 0.0000, 0.5286, 0.0000, 0.5641,
        0.0000, 0.0000, 0.9261, 0.0889, 0.0000, 0.0000, 0.0000])tensor([0.0000, 0.5806, 0.4933, 0.4311, 0.3197, 0.5159, 0.5467, 0.2800, 0.0644,
        0.6479, 0.8561, 0.7310, 0.7667, 0.9514, 0.9333, 0.2714, 0.6533, 0.8972,
        0.5538, 0.0000, 0.0000, 0.1222, 0.3833, 0.1533, 0.0000, 0.8292, 0.0389,
        0.0000, 0.5133, 0.0000, 0.0533, 0.6296, 0.2667, 0.8762, 0.4417, 0.7487,
        0.0083, 0.0167, 0.9304, 0.6556, 0.1222, 0.3000, 0.0000])tensor([0.0000, 0.6542, 0.5987, 0.5578, 0.6242, 0.6079, 0.5800, 0.4667, 0.3067,
        0.7188, 0.8606, 0.7881, 0.7652, 0.9472, 0.9481, 0.5810, 0.8067, 0.9167,
        0.6077, 0.0000, 0.2444, 0.0778, 0.7167, 0.3333, 0.0000, 0.8562, 0.1722,
        0.0500, 0.6533, 0.0111, 0.1533, 0.8111, 0.6333, 0.9238, 0.7917, 0.8846,
        0.4917, 0.4333, 0.9449, 0.6667, 0.2778, 0.6500, 0.4111])tensor([0.0000, 0.7181, 0.7173, 0.7178, 0.6955, 0.6730, 0.6333, 0.5311, 0.5489,
        0.7979, 0.8909, 0.7952, 0.7986, 0.9514, 0.9444, 0.8143, 0.8667, 0.9611,
        0.6000, 0.1833, 0.5222, 0.1333, 0.8333, 0.5267, 0.0000, 0.8562, 0.2056,
        0.3167, 0.7000, 0.1333, 0.1867, 0.9222, 0.6500, 0.9667, 0.9167, 0.9077,
        0.7333, 0.6333, 0.9362, 0.6556, 0.3556, 0.7167, 0.4778])tensor([0.0000, 0.7208, 0.7773, 0.8222, 0.8045, 0.7063, 0.6533, 0.6067, 0.6733,
        0.8667, 0.9045, 0.8167, 0.8304, 0.9611, 0.9704, 0.8857, 0.9467, 0.9611,
        0.5949, 0.3333, 0.6444, 0.1778, 0.8917, 0.5467, 0.0667, 0.8604, 0.3611,
        0.3500, 0.7133, 0.4222, 0.2600, 0.9185, 0.6667, 0.9762, 0.9500, 0.9051,
        0.7500, 0.7333, 0.9261, 0.6333, 0.4444, 0.7333, 0.6000])tensor([0.0000, 0.8139, 0.7800, 0.7800, 0.8379, 0.7968, 0.6600, 0.6267, 0.7333,
        0.8875, 0.9212, 0.8214, 0.8551, 0.9625, 0.9852, 0.8810, 0.9667, 0.9611,
        0.5769, 0.3833, 0.7889, 0.2889, 0.9083, 0.5200, 0.1111, 0.8562, 0.5500,
        0.3833, 0.7600, 0.6111, 0.4200, 0.9407, 0.7167, 0.9762, 0.9417, 0.9231,
        0.8167, 0.7333, 0.9261, 0.6556, 0.4667, 0.7667, 0.6111])tensor([0.0167, 0.8431, 0.7787, 0.8356, 0.8470, 0.7905, 0.6600, 0.6800, 0.7889,
        0.9167, 0.9348, 0.8190, 0.8580, 0.9625, 0.9852, 0.8905, 0.9733, 0.9611,
        0.6667, 0.3833, 0.8444, 0.2111, 0.9083, 0.6733, 0.3000, 0.8625, 0.2833,
        0.4167, 0.8200, 0.8444, 0.5000, 0.9074, 0.7500, 0.9762, 0.9583, 0.9333,
        0.8083, 0.7833, 0.9362, 0.8333, 0.5889, 0.7833, 0.6444])tensor([0.0167, 0.8722, 0.8240, 0.8400, 0.8500, 0.8111, 0.7200, 0.6644, 0.8178,
        0.9229, 0.9364, 0.8333, 0.8638, 0.9625, 0.9926, 0.8857, 0.9800, 0.9611,
        0.6462, 0.4000, 0.8889, 0.3222, 0.9250, 0.6667, 0.2889, 0.8625, 0.4389,
        0.4333, 0.8333, 0.8444, 0.6733, 0.9222, 0.7500, 0.9762, 0.9583, 0.9513,
        0.7583, 0.8167, 0.9435, 0.8222, 0.6444, 0.7833, 0.6889])tensor([0.1000, 0.8736, 0.8547, 0.8756, 0.8591, 0.8159, 0.7533, 0.6800, 0.8511,
        0.9396, 0.9409, 0.8405, 0.8710, 0.9667, 0.9926, 0.9000, 0.9800, 0.9667,
        0.6692, 0.4500, 0.8778, 0.1778, 0.9417, 0.6800, 0.3778, 0.8708, 0.4722,
        0.4333, 0.8533, 0.8667, 0.7067, 0.9407, 0.7500, 0.9762, 0.9583, 0.9462,
        0.8250, 0.8167, 0.9464, 0.8889, 0.6222, 0.7833, 0.7000])tensor([0.2833, 0.8708, 0.8547, 0.8778, 0.8455, 0.8143, 0.7667, 0.7111, 0.8733,
        0.9646, 0.9439, 0.8405, 0.8783, 0.9681, 0.9926, 0.9095, 0.9800, 0.9667,
        0.6513, 0.4333, 0.9222, 0.3778, 0.9417, 0.7600, 0.4889, 0.8687, 0.6944,
        0.4500, 0.8733, 0.8778, 0.6733, 0.9370, 0.7500, 0.9762, 0.9750, 0.9513,
        0.8250, 0.8833, 0.9536, 0.9222, 0.7444, 0.7833, 0.7667])tensor([0.3333, 0.8653, 0.8747, 0.8467, 0.8697, 0.8381, 0.7467, 0.7044, 0.8756,
        0.9708, 0.9530, 0.8619, 0.8841, 0.9694, 0.9963, 0.9143, 0.9733, 0.9528,
        0.6769, 0.4667, 0.9333, 0.3444, 0.9250, 0.7800, 0.5333, 0.8813, 0.6889,
        0.4500, 0.8467, 0.9222, 0.6800, 0.9296, 0.8333, 0.9810, 0.9750, 0.9462,
        0.8250, 0.8667, 0.9551, 0.8556, 0.7556, 0.7833, 0.7889])tensor([0.2667, 0.8764, 0.9013, 0.8689, 0.8818, 0.8413, 0.7333, 0.7089, 0.8800,
        0.9646, 0.9530, 0.8452, 0.8942, 0.9681, 0.9963, 0.9238, 0.9800, 0.9500,
        0.6821, 0.4667, 0.9444, 0.4222, 0.9250, 0.7467, 0.6222, 0.8813, 0.7000,
        0.4500, 0.8867, 0.9000, 0.7667, 0.9370, 0.8833, 0.9810, 0.9833, 0.9513,
        0.8250, 0.8833, 0.9565, 0.9111, 0.8222, 0.8333, 0.8111])tensor([0.4000, 0.9000, 0.8947, 0.9000, 0.8727, 0.8460, 0.7400, 0.7311, 0.8911,
        0.9688, 0.9561, 0.8571, 0.8913, 0.9681, 0.9963, 0.9238, 0.9733, 0.9500,
        0.6949, 0.4667, 0.9444, 0.4000, 0.9250, 0.7733, 0.5778, 0.8813, 0.6944,
        0.4667, 0.9000, 0.9000, 0.7600, 0.9556, 0.8833, 0.9762, 0.9833, 0.9590,
        0.8500, 0.9167, 0.9609, 0.9556, 0.7889, 0.8500, 0.7111])tensor([0.4000, 0.9014, 0.8987, 0.9022, 0.8879, 0.8540, 0.7667, 0.7422, 0.8933,
        0.9750, 0.9621, 0.8905, 0.8971, 0.9708, 1.0000, 0.9238, 0.9733, 0.9472,
        0.6872, 0.4667, 0.9556, 0.3778, 0.9250, 0.9000, 0.6444, 0.8792, 0.7444,
        0.4500, 0.9067, 0.9111, 0.7200, 0.9481, 0.8333, 0.9762, 0.9833, 0.9590,
        0.8583, 0.9167, 0.9594, 0.9444, 0.8333, 0.8333, 0.8111])tensor([0.4167, 0.9042, 0.9067, 0.8911, 0.8955, 0.8619, 0.7400, 0.7444, 0.9044,
        0.9771, 0.9591, 0.8810, 0.9159, 0.9708, 1.0000, 0.9286, 0.9733, 0.9444,
        0.6795, 0.4667, 0.9778, 0.3333, 0.9167, 0.7933, 0.6778, 0.8792, 0.7556,
        0.4667, 0.8667, 0.9222, 0.7667, 0.9519, 0.9500, 0.9810, 0.9833, 0.9564,
        0.8833, 0.9167, 0.9594, 0.9667, 0.8444, 0.8500, 0.8111])tensor([0.3500, 0.9139, 0.9067, 0.9133, 0.8955, 0.8540, 0.7467, 0.7644, 0.9067,
        0.9792, 0.9591, 0.8690, 0.9058, 0.9708, 1.0000, 0.9190, 0.9733, 0.9361,
        0.6846, 0.4667, 0.9778, 0.4889, 0.9250, 0.8800, 0.7000, 0.8875, 0.7833,
        0.4833, 0.9133, 0.9222, 0.7800, 0.9444, 0.8667, 0.9762, 0.9833, 0.9564,
        0.9000, 0.9167, 0.9594, 0.9556, 0.8444, 0.8500, 0.7889])tensor([0.4167, 0.9194, 0.9173, 0.9200, 0.9030, 0.8635, 0.7467, 0.7511, 0.9067,
        0.9729, 0.9591, 0.9071, 0.9087, 0.9708, 1.0000, 0.9143, 0.9733, 0.9361,
        0.7026, 0.4833, 0.9778, 0.4667, 0.9250, 0.8933, 0.6889, 0.8792, 0.7722,
        0.4833, 0.9200, 0.9222, 0.7533, 0.9556, 0.9000, 0.9762, 0.9833, 0.9538,
        0.8917, 0.9167, 0.9565, 0.9556, 0.8222, 0.8500, 0.8000])tensor([0.4000, 0.9278, 0.9067, 0.9133, 0.9030, 0.8714, 0.7533, 0.7600, 0.8978,
        0.9750, 0.9591, 0.9167, 0.9174, 0.9708, 1.0000, 0.9143, 0.9733, 0.9389,
        0.7077, 0.5000, 0.9667, 0.4556, 0.9250, 0.8200, 0.7000, 0.8875, 0.7611,
        0.5000, 0.9133, 0.9333, 0.7667, 0.9593, 0.9000, 0.9810, 0.9750, 0.9615,
        0.9167, 0.9167, 0.9580, 0.9556, 0.9111, 0.8833, 0.8444])tensor([0.4000, 0.9250, 0.9333, 0.9222, 0.8985, 0.8714, 0.7733, 0.7711, 0.9156,
        0.9792, 0.9606, 0.9071, 0.9246, 0.9708, 1.0000, 0.9095, 0.9733, 0.9333,
        0.7128, 0.5000, 0.9778, 0.4778, 0.9250, 0.9267, 0.7333, 0.8854, 0.7611,
        0.5000, 0.9000, 0.9333, 0.7400, 0.9593, 0.8000, 0.9857, 0.9833, 0.9615,
        0.9167, 0.9500, 0.9580, 0.9667, 0.8444, 0.8833, 0.8333])tensor([0.4000, 0.9278, 0.9427, 0.9222, 0.8985, 0.8714, 0.7600, 0.7956, 0.9200,
        0.9792, 0.9606, 0.9143, 0.9145, 0.9708, 1.0000, 0.9238, 0.9733, 0.9333,
        0.7179, 0.5000, 0.9778, 0.4778, 0.9250, 0.9267, 0.7333, 0.8917, 0.7833,
        0.5000, 0.8800, 0.9333, 0.7733, 0.9593, 0.8833, 0.9857, 0.9833, 0.9615,
        0.9167, 0.9167, 0.9551, 0.9667, 0.8556, 0.9000, 0.7667])tensor([0.4667, 0.9278, 0.9427, 0.9178, 0.9061, 0.8794, 0.7667, 0.7800, 0.9244,
        0.9771, 0.9606, 0.9095, 0.9261, 0.9708, 1.0000, 0.9095, 0.9733, 0.9361,
        0.7308, 0.5833, 0.9778, 0.5111, 0.9250, 0.9200, 0.7889, 0.8917, 0.8000,
        0.5000, 0.9000, 0.8889, 0.7733, 0.9630, 0.9000, 0.9857, 0.9833, 0.9641,
        0.9250, 0.9500, 0.9580, 0.9667, 0.8667, 0.9000, 0.8667])tensor([0.4333, 0.9333, 0.9480, 0.9289, 0.9000, 0.8794, 0.7667, 0.7711, 0.9267,
        0.9792, 0.9621, 0.9167, 0.9377, 0.9708, 1.0000, 0.9095, 0.9733, 0.9361,
        0.7308, 0.5667, 0.9778, 0.5556, 0.9250, 0.9333, 0.8111, 0.8917, 0.8000,
        0.5000, 0.9000, 0.9000, 0.7867, 0.9667, 0.9167, 0.9857, 0.9833, 0.9590,
        0.9333, 0.9667, 0.9580, 0.9667, 0.8556, 0.9000, 0.8000])tensor([0.4667, 0.9347, 0.9387, 0.9311, 0.9076, 0.8841, 0.7667, 0.7911, 0.9156,
        0.9771, 0.9621, 0.9238, 0.9319, 0.9722, 1.0000, 0.9143, 0.9733, 0.9389,
        0.7308, 0.5833, 0.9778, 0.5667, 0.9250, 0.9200, 0.7778, 0.8938, 0.7889,
        0.5000, 0.8933, 0.9333, 0.7800, 0.9593, 0.8667, 0.9857, 0.9833, 0.9641,
        0.9167, 0.9500, 0.9580, 0.9667, 0.8556, 0.9000, 0.8222])tensor([0.4667, 0.9347, 0.9480, 0.9356, 0.9000, 0.8857, 0.7600, 0.8000, 0.9111,
        0.9771, 0.9636, 0.9262, 0.9232, 0.9722, 1.0000, 0.9381, 0.9667, 0.9333,
        0.7231, 0.6000, 0.9778, 0.4444, 0.9250, 0.9533, 0.7778, 0.9021, 0.8167,
        0.5000, 0.9133, 0.9333, 0.7733, 0.9704, 0.8667, 0.9857, 0.9750, 0.9667,
        0.9500, 0.9333, 0.9580, 0.9667, 0.8667, 0.9000, 0.8000])tensor([0.5000, 0.9403, 0.9507, 0.9067, 0.9136, 0.8952, 0.7667, 0.7978, 0.9311,
        0.9771, 0.9606, 0.9262, 0.9304, 0.9722, 1.0000, 0.9190, 0.9733, 0.9333,
        0.7359, 0.6167, 0.9778, 0.6000, 0.9250, 0.9333, 0.8444, 0.9021, 0.8222,
        0.5000, 0.9067, 0.9222, 0.7800, 0.9704, 0.8167, 0.9857, 0.9833, 0.9615,
        0.9500, 0.9667, 0.9565, 0.9667, 0.8889, 0.9333, 0.7889])tensor([0.4000, 0.9500, 0.9427, 0.9244, 0.9106, 0.8921, 0.7600, 0.8178, 0.9311,
        0.9812, 0.9621, 0.9405, 0.9362, 0.9708, 1.0000, 0.9190, 0.9733, 0.9333,
        0.7462, 0.6500, 0.9778, 0.6111, 0.9250, 0.9400, 0.8444, 0.9042, 0.8111,
        0.5000, 0.9333, 0.9111, 0.7667, 0.9704, 0.8667, 0.9857, 0.9833, 0.9692,
        0.9333, 0.9500, 0.9623, 0.9667, 0.8889, 0.9333, 0.8000])tensor([0.6667, 0.9472, 0.9467, 0.9244, 0.9061, 0.8968, 0.7533, 0.7956, 0.9356,
        0.9812, 0.9621, 0.9286, 0.9362, 0.9708, 1.0000, 0.9238, 0.9733, 0.9389,
        0.7436, 0.7000, 0.9778, 0.6111, 0.9250, 0.9400, 0.8444, 0.8958, 0.8222,
        0.5000, 0.9067, 0.9222, 0.7867, 0.9704, 0.8500, 0.9857, 0.9833, 0.9718,
        0.9500, 0.9333, 0.9551, 0.9667, 0.8778, 0.9167, 0.8444])tensor([0.5500, 0.9500, 0.9613, 0.9444, 0.9030, 0.8873, 0.7667, 0.8000, 0.9311,
        0.9792, 0.9636, 0.9262, 0.9362, 0.9750, 1.0000, 0.9190, 0.9667, 0.9306,
        0.7718, 0.6833, 0.9778, 0.6444, 0.9250, 0.9467, 0.8444, 0.9000, 0.8222,
        0.5000, 0.9200, 0.9000, 0.7933, 0.9704, 0.8000, 0.9857, 0.9833, 0.9615,
        0.9500, 0.9500, 0.9609, 0.9667, 0.8556, 0.9333, 0.8333])tensor([0.6167, 0.9542, 0.9600, 0.9267, 0.9106, 0.8937, 0.7533, 0.8067, 0.9311,
        0.9833, 0.9636, 0.9214, 0.9348, 0.9708, 1.0000, 0.9286, 0.9733, 0.9333,
        0.7667, 0.7333, 0.9778, 0.6000, 0.9250, 0.9533, 0.8778, 0.9042, 0.8222,
        0.5000, 0.9267, 0.9222, 0.8000, 0.9704, 0.8833, 0.9857, 0.9833, 0.9692,
        0.9500, 0.9500, 0.9580, 0.9667, 0.8889, 0.9333, 0.8222])tensor([0.6667, 0.9597, 0.9453, 0.9267, 0.9182, 0.9016, 0.7667, 0.8156, 0.9311,
        0.9812, 0.9636, 0.9238, 0.9348, 0.9708, 1.0000, 0.9286, 0.9800, 0.9389,
        0.7821, 0.7500, 0.9889, 0.6111, 0.9333, 0.9600, 0.8778, 0.9042, 0.7944,
        0.5000, 0.9400, 0.9111, 0.7933, 0.9704, 0.8167, 0.9857, 0.9833, 0.9744,
        0.9500, 0.9500, 0.9594, 0.9667, 0.8667, 0.9333, 0.8333])tensor([0.6167, 0.9514, 0.9680, 0.9356, 0.9076, 0.8921, 0.7667, 0.8244, 0.9356,
        0.9854, 0.9652, 0.9357, 0.9348, 0.9806, 1.0000, 0.9286, 0.9733, 0.9333,
        0.7564, 0.6500, 0.9889, 0.6222, 0.9333, 0.9600, 0.8778, 0.9062, 0.8333,
        0.5000, 0.9067, 0.9111, 0.7800, 0.9704, 0.7667, 0.9857, 0.9833, 0.9692,
        0.9500, 0.9500, 0.9565, 0.9667, 0.8556, 0.9333, 0.8333])tensor([0.6167, 0.9542, 0.9653, 0.9244, 0.9061, 0.8921, 0.7467, 0.8378, 0.9378,
        0.9896, 0.9652, 0.9190, 0.9275, 0.9708, 1.0000, 0.9381, 0.9733, 0.9333,
        0.7667, 0.7833, 0.9889, 0.5667, 0.9333, 0.9600, 0.8556, 0.9062, 0.8389,
        0.5000, 0.9467, 0.9222, 0.8067, 0.9667, 0.8667, 0.9857, 0.9833, 0.9795,
        0.9500, 0.9333, 0.9638, 0.9667, 0.8556, 0.9333, 0.7444])tensor([0.7000, 0.9597, 0.9467, 0.9378, 0.9061, 0.9048, 0.7733, 0.8289, 0.9422,
        0.9854, 0.9636, 0.9262, 0.9348, 0.9750, 1.0000, 0.9524, 0.9733, 0.9306,
        0.7667, 0.8333, 0.9889, 0.6556, 0.9417, 0.9733, 0.8667, 0.9062, 0.8389,
        0.5000, 0.9200, 0.9333, 0.7733, 0.9556, 0.7333, 0.9810, 0.9833, 0.9769,
        0.9500, 0.9500, 0.9565, 0.9667, 0.8444, 0.9500, 0.8556])tensor([0.7000, 0.9542, 0.9653, 0.9356, 0.9091, 0.9016, 0.7600, 0.8311, 0.9422,
        0.9854, 0.9667, 0.9357, 0.9449, 0.9708, 1.0000, 0.9476, 0.9733, 0.9278,
        0.7821, 0.7833, 0.9889, 0.7111, 0.9333, 0.9733, 0.8778, 0.9083, 0.8333,
        0.5000, 0.9133, 0.9111, 0.7733, 0.9704, 0.8333, 0.9857, 0.9833, 0.9795,
        0.9500, 0.9500, 0.9594, 0.9667, 0.8444, 0.9500, 0.8000])tensor([0.7000, 0.9569, 0.9653, 0.9244, 0.9076, 0.9079, 0.7600, 0.8467, 0.9400,
        0.9875, 0.9667, 0.9595, 0.9406, 0.9736, 1.0000, 0.9381, 0.9733, 0.9306,
        0.7795, 0.7667, 0.9889, 0.6222, 0.9333, 0.9733, 0.8778, 0.9083, 0.8278,
        0.5000, 0.9133, 0.9111, 0.7533, 0.9704, 0.7833, 0.9857, 0.9833, 0.9667,
        0.9500, 0.9333, 0.9565, 0.9667, 0.8778, 0.9500, 0.8667])tensor([0.6500, 0.9569, 0.9680, 0.9244, 0.9091, 0.9063, 0.7600, 0.8422, 0.9444,
        0.9833, 0.9682, 0.9571, 0.9464, 0.9722, 1.0000, 0.9429, 0.9733, 0.9306,
        0.7821, 0.7667, 0.9889, 0.6444, 0.9333, 0.9667, 0.8778, 0.9083, 0.8278,
        0.5000, 0.9267, 0.9333, 0.7800, 0.9741, 0.8000, 0.9857, 0.9833, 0.9795,
        0.9500, 0.9333, 0.9551, 0.9667, 0.8667, 0.9500, 0.9111])tensor([0.7333, 0.9556, 0.9667, 0.9422, 0.9167, 0.9095, 0.7533, 0.8378, 0.9422,
        0.9875, 0.9667, 0.9238, 0.9435, 0.9736, 1.0000, 0.9524, 0.9733, 0.9306,
        0.7821, 0.7833, 0.9889, 0.6444, 0.9333, 0.9667, 0.8778, 0.9104, 0.8389,
        0.5000, 0.9200, 0.9000, 0.7667, 0.9741, 0.8167, 0.9857, 0.9833, 0.9769,
        0.9500, 0.9333, 0.9652, 0.9667, 0.8556, 0.9500, 0.8000])tensor([0.7167, 0.9597, 0.9667, 0.9444, 0.9212, 0.9063, 0.7467, 0.8489, 0.9422,
        0.9875, 0.9682, 0.9429, 0.9507, 0.9764, 1.0000, 0.9524, 0.9733, 0.9306,
        0.7795, 0.8333, 0.9889, 0.6333, 0.9333, 0.9667, 0.8778, 0.9083, 0.8278,
        0.5000, 0.9267, 0.9000, 0.7800, 0.9741, 0.8000, 0.9857, 0.9833, 0.9846,
        0.9500, 0.9333, 0.9580, 0.9667, 0.8778, 0.9500, 0.8778])tensor([0.7500, 0.9611, 0.9680, 0.9311, 0.9182, 0.9143, 0.7800, 0.8533, 0.9422,
        0.9896, 0.9682, 0.9357, 0.9435, 0.9736, 1.0000, 0.9524, 0.9733, 0.9306,
        0.7872, 0.8333, 0.9889, 0.7000, 0.9417, 0.9800, 0.8889, 0.9125, 0.8389,
        0.5000, 0.9133, 0.9333, 0.8000, 0.9741, 0.7667, 0.9905, 0.9833, 0.9821,
        0.9500, 0.9667, 0.9609, 0.9667, 0.8556, 0.9500, 0.8333])tensor([0.7000, 0.9611, 0.9680, 0.9044, 0.9212, 0.9175, 0.7667, 0.8222, 0.9422,
        0.9896, 0.9667, 0.9286, 0.9435, 0.9750, 1.0000, 0.9524, 0.9733, 0.9278,
        0.7795, 0.8500, 0.9889, 0.5667, 0.9333, 0.9800, 0.8889, 0.9146, 0.8389,
        0.5000, 0.9133, 0.9333, 0.7867, 0.9741, 0.7333, 0.9952, 0.9833, 0.9795,
        0.9500, 0.9667, 0.9667, 0.9667, 0.8556, 0.9500, 0.8000])tensor([0.7000, 0.9625, 0.9707, 0.9289, 0.9152, 0.9159, 0.7667, 0.8600, 0.9444,
        0.9854, 0.9652, 0.9262, 0.9449, 0.9667, 1.0000, 0.9524, 0.9733, 0.9306,
        0.8000, 0.8500, 0.9889, 0.6333, 0.9333, 0.9733, 0.8778, 0.9125, 0.8222,
        0.5000, 0.9400, 0.9333, 0.8000, 0.9778, 0.8000, 0.9810, 0.9750, 0.9846,
        0.9500, 0.9333, 0.9667, 0.9667, 0.8889, 0.9500, 0.9000])tensor([0.7333, 0.9625, 0.9720, 0.9511, 0.9197, 0.9111, 0.7600, 0.8467, 0.9444,
        0.9896, 0.9682, 0.9405, 0.9464, 0.9722, 1.0000, 0.9667, 0.9733, 0.9278,
        0.7872, 0.9000, 0.9889, 0.6556, 0.9417, 0.9800, 0.8889, 0.9125, 0.8333,
        0.5000, 0.9200, 0.9000, 0.7800, 0.9704, 0.7667, 0.9952, 0.9833, 0.9846,
        0.9500, 0.9500, 0.9623, 0.9667, 0.8444, 0.9500, 0.8111])tensor([0.7000, 0.9694, 0.9707, 0.9311, 0.9197, 0.9190, 0.7600, 0.8533, 0.9489,
        0.9896, 0.9697, 0.9476, 0.9478, 0.9736, 1.0000, 0.9429, 0.9733, 0.9278,
        0.7872, 0.8500, 0.9889, 0.6222, 0.9417, 0.9800, 0.8778, 0.9125, 0.8278,
        0.5000, 0.9267, 0.9333, 0.7867, 0.9815, 0.7167, 0.9952, 0.9833, 0.9897,
        0.9583, 0.9667, 0.9681, 0.9667, 0.8556, 0.9500, 0.8000])tensor([0.7500, 0.9639, 0.9707, 0.9178, 0.9091, 0.9222, 0.7533, 0.8467, 0.9556,
        0.9896, 0.9682, 0.9476, 0.9536, 0.9778, 1.0000, 0.9762, 0.9733, 0.9306,
        0.7821, 0.8833, 0.9889, 0.6000, 0.9417, 0.9800, 0.8778, 0.9187, 0.8611,
        0.5000, 0.9333, 0.9444, 0.8133, 0.9778, 0.7667, 0.9952, 0.9833, 0.9821,
        0.9583, 0.9500, 0.9638, 0.9667, 0.8556, 0.9667, 0.8556])tensor([0.7167, 0.9597, 0.9747, 0.9400, 0.9182, 0.9159, 0.7733, 0.8600, 0.9489,
        0.9875, 0.9697, 0.9190, 0.9507, 0.9764, 1.0000, 0.9524, 0.9733, 0.9278,
        0.7872, 0.8833, 0.9889, 0.6222, 0.9417, 0.9800, 0.8889, 0.9208, 0.8278,
        0.5000, 0.9133, 0.9333, 0.7867, 0.9778, 0.7667, 0.9952, 0.9833, 0.9897,
        0.9500, 0.9333, 0.9609, 0.9667, 0.8556, 0.9500, 0.8778])tensor([0.7667, 0.9569, 0.9760, 0.9378, 0.9106, 0.9190, 0.7667, 0.8644, 0.9556,
        0.9896, 0.9697, 0.9524, 0.9594, 0.9778, 1.0000, 0.9571, 0.9733, 0.9333,
        0.7923, 0.8500, 0.9889, 0.6000, 0.9417, 0.9800, 0.8778, 0.9146, 0.8278,
        0.5000, 0.9333, 0.9111, 0.7867, 0.9852, 0.7333, 0.9952, 0.9833, 0.9897,
        0.9500, 0.9667, 0.9638, 0.9667, 0.8556, 0.9667, 0.9000])tensor([0.7167, 0.9667, 0.9747, 0.9467, 0.9197, 0.9127, 0.7667, 0.8644, 0.9578,
        0.9896, 0.9742, 0.9643, 0.9580, 0.9764, 1.0000, 0.9667, 0.9733, 0.9278,
        0.7846, 0.9333, 0.9889, 0.6111, 0.9417, 0.9800, 0.8778, 0.9208, 0.8389,
        0.5000, 0.9267, 0.9111, 0.7800, 0.9741, 0.7333, 0.9952, 0.9833, 0.9897,
        0.9500, 0.9333, 0.9652, 0.9667, 0.8667, 0.9667, 0.9111])tensor([0.7667, 0.9625, 0.9720, 0.9267, 0.9212, 0.9206, 0.7600, 0.8644, 0.9533,
        0.9937, 0.9727, 0.9643, 0.9652, 0.9736, 1.0000, 0.9667, 0.9733, 0.9333,
        0.7846, 0.9000, 0.9889, 0.7000, 0.9417, 0.9800, 0.8778, 0.9208, 0.8333,
        0.5000, 0.9333, 0.9111, 0.7667, 0.9778, 0.7667, 0.9905, 0.9833, 0.9897,
        0.9500, 0.9500, 0.9638, 0.9667, 0.8556, 0.9667, 0.9000])tensor([0.7000, 0.9667, 0.9747, 0.9289, 0.9212, 0.9222, 0.7600, 0.8533, 0.9533,
        0.9896, 0.9712, 0.9619, 0.9652, 0.9736, 1.0000, 0.9619, 0.9733, 0.9250,
        0.7821, 0.8667, 0.9889, 0.7000, 0.9417, 0.9800, 0.8778, 0.9208, 0.8333,
        0.5000, 0.9333, 0.9111, 0.7867, 0.9815, 0.7333, 0.9857, 0.9833, 0.9897,
        0.9667, 0.9500, 0.9623, 0.9667, 0.8556, 0.9667, 0.9111])tensor([0.7833, 0.9625, 0.9707, 0.9378, 0.9227, 0.9254, 0.7733, 0.8578, 0.9467,
        0.9958, 0.9697, 0.9452, 0.9594, 0.9722, 1.0000, 0.9714, 0.9733, 0.9194,
        0.7846, 0.9500, 0.9889, 0.6222, 0.9333, 0.9800, 0.8778, 0.9167, 0.8444,
        0.5000, 0.9333, 0.9222, 0.8000, 0.9815, 0.8500, 0.9952, 0.9833, 0.9897,
        0.9667, 0.9500, 0.9638, 0.9667, 0.8556, 0.9667, 0.9111])tensor([0.7833, 0.9681, 0.9733, 0.9289, 0.9182, 0.9222, 0.7467, 0.8711, 0.9578,
        0.9917, 0.9727, 0.9524, 0.9435, 0.9722, 1.0000, 0.9714, 0.9733, 0.9139,
        0.7846, 0.9000, 0.9889, 0.6222, 0.9333, 0.9800, 0.8778, 0.9187, 0.8389,
        0.5000, 0.9400, 0.9333, 0.7600, 0.9815, 0.7500, 0.9952, 0.9833, 0.9923,
        0.9667, 0.9500, 0.9652, 0.9667, 0.8778, 0.9667, 0.9333])tensor([0.7667, 0.9667, 0.9747, 0.9378, 0.9212, 0.9270, 0.7733, 0.8622, 0.9622,
        0.9896, 0.9773, 0.9571, 0.9522, 0.9778, 1.0000, 0.9619, 0.9733, 0.9333,
        0.7872, 0.8833, 0.9889, 0.6444, 0.9333, 0.9800, 0.8889, 0.9187, 0.8389,
        0.5000, 0.9333, 0.9222, 0.8000, 0.9815, 0.7500, 0.9952, 0.9833, 0.9872,
        0.9500, 0.9667, 0.9667, 0.9667, 0.8778, 0.9833, 0.9222])tensor([0.7667, 0.9667, 0.9720, 0.9444, 0.9212, 0.9238, 0.7667, 0.8778, 0.9578,
        0.9917, 0.9788, 0.9500, 0.9638, 0.9778, 1.0000, 0.9619, 0.9733, 0.9306,
        0.7795, 0.9333, 0.9889, 0.6889, 0.9333, 0.9800, 0.8778, 0.9208, 0.8444,
        0.5000, 0.9333, 0.9222, 0.7933, 0.9815, 0.7500, 0.9952, 0.9833, 0.9897,
        0.9583, 0.9667, 0.9623, 0.9667, 0.8667, 0.9833, 0.8778])tensor([0.7167, 0.9639, 0.9760, 0.9156, 0.9227, 0.9254, 0.7533, 0.8667, 0.9622,
        0.9937, 0.9727, 0.9571, 0.9551, 0.9722, 1.0000, 0.9619, 0.9733, 0.9194,
        0.7949, 0.8833, 0.9889, 0.7000, 0.9333, 0.9800, 0.8889, 0.9187, 0.8389,
        0.5000, 0.9467, 0.9222, 0.8133, 0.9815, 0.7667, 0.9952, 0.9833, 0.9897,
        0.9583, 0.9500, 0.9710, 0.9667, 0.8778, 0.9667, 0.9111])tensor([0.8000, 0.9653, 0.9747, 0.9311, 0.9167, 0.9254, 0.7800, 0.8711, 0.9667,
        0.9937, 0.9697, 0.9524, 0.9667, 0.9736, 1.0000, 0.9714, 0.9800, 0.9194,
        0.7872, 0.9000, 0.9889, 0.6667, 0.9333, 0.9800, 0.8778, 0.9208, 0.8278,
        0.5000, 0.9467, 0.9222, 0.8000, 0.9852, 0.8833, 0.9952, 0.9833, 0.9923,
        0.9667, 0.9500, 0.9681, 0.9667, 0.8889, 1.0000, 0.8444])tensor([0.7833, 0.9653, 0.9773, 0.9356, 0.9197, 0.9317, 0.7733, 0.8533, 0.9689,
        0.9979, 0.9742, 0.9548, 0.9638, 0.9722, 1.0000, 0.9714, 0.9800, 0.9250,
        0.7846, 0.8833, 0.9889, 0.6444, 0.9333, 0.9800, 0.8889, 0.9208, 0.8389,
        0.5000, 0.9333, 0.9222, 0.7800, 0.9852, 0.8333, 0.9952, 0.9833, 0.9897,
        0.9583, 0.9667, 0.9696, 0.9667, 0.8778, 0.9667, 0.8667])tensor([0.7833, 0.9708, 0.9773, 0.9444, 0.9197, 0.9302, 0.7533, 0.8511, 0.9644,
        0.9937, 0.9742, 0.9548, 0.9580, 0.9722, 1.0000, 0.9714, 0.9800, 0.9250,
        0.7846, 0.9167, 0.9889, 0.6556, 0.9333, 0.9800, 0.8889, 0.9208, 0.8278,
        0.5000, 0.9400, 0.9222, 0.7667, 0.9852, 0.7333, 0.9952, 0.9833, 0.9923,
        0.9583, 0.9500, 0.9667, 0.9667, 0.8889, 0.9833, 0.8667])tensor([0.7833, 0.9694, 0.9760, 0.9422, 0.9273, 0.9238, 0.7667, 0.8800, 0.9622,
        0.9937, 0.9788, 0.9500, 0.9623, 0.9750, 1.0000, 0.9714, 0.9800, 0.9222,
        0.7821, 0.9167, 0.9889, 0.6778, 0.9333, 0.9800, 0.8889, 0.9208, 0.8389,
        0.5000, 0.9467, 0.8889, 0.7867, 0.9852, 0.7333, 0.9952, 0.9833, 0.9923,
        0.9667, 0.9500, 0.9681, 0.9667, 0.8778, 0.9500, 0.9667])tensor([0.7500, 0.9708, 0.9773, 0.9489, 0.9182, 0.9254, 0.7667, 0.8756, 0.9622,
        0.9937, 0.9742, 0.9548, 0.9609, 0.9778, 1.0000, 0.9762, 0.9800, 0.9222,
        0.7872, 0.9500, 0.9889, 0.6667, 0.9333, 0.9800, 0.8778, 0.9208, 0.8333,
        0.5000, 0.9400, 0.9222, 0.7800, 0.9852, 0.7500, 0.9952, 0.9833, 0.9897,
        0.9667, 0.9500, 0.9667, 0.9667, 0.8889, 0.9667, 0.9111])tensor([0.7833, 0.9639, 0.9787, 0.9422, 0.9182, 0.9286, 0.7733, 0.8711, 0.9689,
        0.9937, 0.9758, 0.9500, 0.9536, 0.9722, 1.0000, 0.9762, 0.9733, 0.9222,
        0.7923, 0.9667, 0.9889, 0.6778, 0.9333, 0.9800, 0.8889, 0.9208, 0.8333,
        0.5000, 0.9267, 0.9222, 0.7667, 0.9815, 0.7500, 0.9952, 0.9833, 0.9923,
        0.9583, 0.9667, 0.9681, 0.9667, 0.8778, 0.9667, 0.9000])tensor([0.7833, 0.9694, 0.9760, 0.9400, 0.9212, 0.9254, 0.7800, 0.8800, 0.9667,
        0.9896, 0.9788, 0.9619, 0.9623, 0.9750, 1.0000, 0.9714, 0.9800, 0.9222,
        0.7846, 0.9500, 0.9889, 0.6778, 0.9333, 0.9800, 0.8778, 0.9208, 0.8278,
        0.5000, 0.9600, 0.9222, 0.8000, 0.9815, 0.7833, 0.9952, 0.9833, 0.9923,
        0.9667, 0.9667, 0.9667, 0.9667, 0.8778, 1.0000, 0.9556])tensor([0.7833, 0.9694, 0.9760, 0.9511, 0.9227, 0.9175, 0.7800, 0.8756, 0.9667,
        0.9979, 0.9803, 0.9524, 0.9652, 0.9792, 1.0000, 0.9667, 0.9733, 0.9222,
        0.7846, 0.9500, 0.9889, 0.6667, 0.9333, 0.9800, 0.8778, 0.9208, 0.8389,
        0.5000, 0.9533, 0.9222, 0.7733, 0.9815, 0.7500, 0.9952, 0.9833, 0.9923,
        0.9583, 0.9500, 0.9696, 0.9667, 0.8889, 0.9667, 0.9556])tensor([0.8333, 0.9653, 0.9747, 0.9600, 0.9167, 0.9238, 0.7800, 0.8733, 0.9667,
        0.9937, 0.9742, 0.9571, 0.9710, 0.9764, 1.0000, 0.9857, 0.9733, 0.9278,
        0.8000, 0.9333, 0.9889, 0.6667, 0.9333, 0.9800, 0.8778, 0.9208, 0.8222,
        0.5000, 0.9467, 0.9222, 0.7533, 0.9852, 0.8167, 0.9952, 0.9833, 0.9897,
        0.9667, 0.9667, 0.9667, 0.9667, 0.8667, 0.9667, 0.9222])tensor([0.7833, 0.9694, 0.9693, 0.9378, 0.9182, 0.9286, 0.7733, 0.8778, 0.9711,
        0.9937, 0.9803, 0.9548, 0.9623, 0.9750, 1.0000, 0.9714, 0.9733, 0.9278,
        0.7897, 0.9833, 0.9889, 0.6778, 0.9333, 0.9800, 0.8778, 0.9208, 0.8278,
        0.5000, 0.9467, 0.9222, 0.7867, 0.9852, 0.7667, 0.9952, 0.9833, 0.9923,
        0.9667, 0.9500, 0.9652, 0.9667, 0.8778, 0.9667, 0.9667])tensor([0.7833, 0.9681, 0.9773, 0.9400, 0.9242, 0.9302, 0.7800, 0.8689, 0.9711,
        0.9958, 0.9773, 0.9548, 0.9638, 0.9764, 1.0000, 0.9714, 0.9800, 0.9444,
        0.7897, 0.9500, 0.9889, 0.7111, 0.9333, 0.9800, 0.8778, 0.9208, 0.8278,
        0.5000, 0.9467, 0.9222, 0.7867, 0.9852, 0.7500, 0.9952, 0.9833, 0.9923,
        0.9667, 0.9500, 0.9623, 0.9667, 0.8556, 0.9667, 0.9000])tensor([0.8500, 0.9694, 0.9747, 0.9422, 0.9212, 0.9302, 0.7933, 0.8800, 0.9689,
        0.9937, 0.9788, 0.9548, 0.9594, 0.9722, 1.0000, 0.9714, 0.9867, 0.9389,
        0.7795, 0.9500, 0.9889, 0.6556, 0.9333, 0.9800, 0.8778, 0.9208, 0.8389,
        0.5000, 0.9467, 0.9222, 0.7933, 0.9815, 0.8000, 0.9952, 0.9833, 0.9949,
        0.9667, 0.9500, 0.9681, 0.9667, 0.8778, 0.9833, 0.9000])tensor([0.8333, 0.9722, 0.9760, 0.9444, 0.9318, 0.9286, 0.8000, 0.8644, 0.9689,
        0.9937, 0.9758, 0.9548, 0.9551, 0.9764, 1.0000, 0.9667, 0.9867, 0.9278,
        0.7949, 0.9333, 0.9889, 0.6667, 0.9333, 0.9800, 0.8889, 0.9208, 0.8278,
        0.5000, 0.9467, 0.9222, 0.7867, 0.9852, 0.7500, 0.9952, 0.9833, 0.9897,
        0.9667, 0.9667, 0.9681, 0.9667, 0.8889, 0.9667, 0.8889])tensor([0.8333, 0.9653, 0.9773, 0.9422, 0.9273, 0.9206, 0.7867, 0.8733, 0.9711,
        0.9937, 0.9758, 0.9595, 0.9565, 0.9722, 1.0000, 0.9857, 0.9800, 0.9278,
        0.7846, 0.9333, 0.9889, 0.6889, 0.9333, 0.9800, 0.8778, 0.9208, 0.8333,
        0.5000, 0.9467, 0.9222, 0.8000, 0.9815, 0.8333, 0.9952, 0.9833, 0.9949,
        0.9667, 0.9500, 0.9696, 0.9667, 0.8778, 0.9667, 0.9111])tensor([0.8167, 0.9583, 0.9787, 0.9422, 0.9273, 0.9270, 0.7800, 0.8711, 0.9689,
        0.9958, 0.9818, 0.9571, 0.9623, 0.9750, 1.0000, 0.9524, 0.9800, 0.9472,
        0.7897, 0.9333, 0.9889, 0.7111, 0.9333, 0.9800, 0.8778, 0.9208, 0.8333,
        0.5000, 0.9467, 0.9222, 0.7933, 0.9852, 0.8333, 0.9952, 0.9833, 0.9923,
        0.9583, 0.9667, 0.9725, 0.9667, 0.8778, 0.9667, 0.9556])tensor([0.8333, 0.9667, 0.9800, 0.9444, 0.9333, 0.9302, 0.7733, 0.8667, 0.9689,
        0.9917, 0.9773, 0.9476, 0.9638, 0.9722, 1.0000, 0.9762, 0.9867, 0.9278,
        0.7872, 0.9333, 0.9889, 0.6889, 0.9417, 0.9800, 0.8778, 0.9208, 0.8333,
        0.5000, 0.9467, 0.9222, 0.8067, 0.9815, 0.8167, 0.9952, 0.9833, 0.9949,
        0.9667, 0.9500, 0.9710, 0.9667, 0.8778, 0.9833, 0.9667])tensor([0.7500, 0.9694, 0.9827, 0.9533, 0.9227, 0.9270, 0.7867, 0.8733, 0.9711,
        0.9937, 0.9788, 0.9500, 0.9594, 0.9764, 1.0000, 0.9714, 0.9867, 0.9444,
        0.7872, 0.9500, 0.9889, 0.6889, 0.9333, 0.9800, 0.8778, 0.9208, 0.8389,
        0.5000, 0.9467, 0.9222, 0.7800, 0.9852, 0.8000, 0.9952, 0.9833, 0.9897,
        0.9667, 0.9500, 0.9739, 0.9667, 0.8889, 0.9667, 0.9667])tensor([0.8333, 0.9653, 0.9800, 0.9467, 0.9242, 0.9286, 0.7800, 0.8889, 0.9644,
        0.9896, 0.9788, 0.9571, 0.9681, 0.9764, 1.0000, 0.9810, 0.9933, 0.9389,
        0.7949, 0.9500, 0.9889, 0.7000, 0.9333, 0.9800, 0.8889, 0.9208, 0.8278,
        0.5000, 0.9467, 0.9222, 0.7867, 0.9852, 0.8500, 0.9952, 0.9833, 0.9923,
        0.9667, 0.9667, 0.9681, 0.9667, 0.8778, 0.9833, 0.9667])tensor([0.8333, 0.9681, 0.9813, 0.9600, 0.9333, 0.9333, 0.7733, 0.8778, 0.9689,
        0.9979, 0.9773, 0.9429, 0.9638, 0.9736, 1.0000, 0.9810, 0.9800, 0.9306,
        0.7949, 0.9667, 0.9889, 0.7222, 0.9333, 0.9800, 0.9000, 0.9208, 0.8333,
        0.5000, 0.9467, 0.9222, 0.7867, 0.9852, 0.7500, 0.9952, 0.9833, 0.9949,
        0.9667, 0.9500, 0.9696, 0.9667, 0.8889, 0.9667, 0.9667])tensor([0.8500, 0.9583, 0.9813, 0.9511, 0.9258, 0.9333, 0.7800, 0.8822, 0.9711,
        0.9979, 0.9803, 0.9595, 0.9652, 0.9736, 1.0000, 0.9952, 0.9867, 0.9278,
        0.7923, 0.9667, 0.9889, 0.7222, 0.9500, 0.9800, 0.8889, 0.9208, 0.8278,
        0.5000, 0.9333, 0.9444, 0.7867, 0.9852, 0.8333, 0.9952, 0.9833, 0.9949,
        0.9667, 0.9667, 0.9754, 0.9667, 0.8889, 0.9667, 0.9667])tensor([0.8333, 0.9667, 0.9813, 0.9578, 0.9303, 0.9270, 0.7600, 0.8911, 0.9711,
        0.9979, 0.9818, 0.9548, 0.9565, 0.9750, 1.0000, 0.9905, 0.9867, 0.9361,
        0.7923, 0.9833, 0.9889, 0.6778, 0.9333, 0.9800, 0.8778, 0.9208, 0.8278,
        0.5000, 0.9400, 0.9333, 0.8067, 0.9852, 0.8000, 0.9952, 0.9833, 0.9949,
        0.9667, 0.9667, 0.9725, 0.9667, 0.8889, 0.9667, 0.9667])tensor([0.8333, 0.9694, 0.9813, 0.9533, 0.9318, 0.9270, 0.7667, 0.8778, 0.9689,
        0.9917, 0.9773, 0.9571, 0.9667, 0.9764, 1.0000, 0.9905, 0.9867, 0.9278,
        0.8000, 0.9333, 0.9889, 0.7000, 0.9333, 0.9800, 0.8889, 0.9187, 0.8222,
        0.5000, 0.9400, 0.9222, 0.7933, 0.9852, 0.9000, 0.9952, 0.9833, 0.9897,
        0.9583, 0.9667, 0.9754, 0.9667, 0.8889, 0.9833, 0.9667])tensor([0.8167, 0.9694, 0.9827, 0.9556, 0.9242, 0.9238, 0.7600, 0.8800, 0.9733,
        0.9917, 0.9788, 0.9667, 0.9638, 0.9764, 1.0000, 0.9905, 0.9867, 0.9306,
        0.7923, 0.9667, 0.9889, 0.6889, 0.9333, 0.9800, 0.8778, 0.9208, 0.8278,
        0.5000, 0.9467, 0.9222, 0.8000, 0.9852, 0.7333, 0.9952, 0.9833, 0.9923,
        0.9667, 0.9667, 0.9696, 0.9667, 0.8889, 0.9667, 0.9667])tensor([0.8167, 0.9681, 0.9813, 0.9533, 0.9242, 0.9286, 0.7800, 0.8711, 0.9711,
        0.9958, 0.9788, 0.9571, 0.9696, 0.9750, 1.0000, 0.9714, 0.9933, 0.9361,
        0.7974, 0.9833, 0.9889, 0.7000, 0.9333, 0.9800, 0.9000, 0.9187, 0.8333,
        0.5000, 0.9467, 0.9222, 0.7933, 0.9852, 0.8500, 0.9905, 0.9833, 0.9949,
        0.9750, 0.9667, 0.9710, 0.9667, 0.8889, 0.9833, 0.9556])tensor([0.8333, 0.9694, 0.9813, 0.9467, 0.9348, 0.9286, 0.7800, 0.8844, 0.9733,
        0.9917, 0.9788, 0.9667, 0.9696, 0.9764, 1.0000, 0.9905, 0.9933, 0.9306,
        0.7949, 1.0000, 0.9889, 0.7000, 0.9333, 0.9800, 0.9000, 0.9187, 0.8278,
        0.5000, 0.9400, 0.9222, 0.8000, 0.9852, 0.7667, 0.9952, 0.9833, 0.9923,
        0.9750, 0.9667, 0.9667, 0.9667, 0.8667, 0.9833, 0.9667])tensor([0.8167, 0.9694, 0.9827, 0.9578, 0.9242, 0.9238, 0.7600, 0.8822, 0.9733,
        0.9896, 0.9818, 0.9548, 0.9725, 0.9819, 1.0000, 0.9905, 0.9867, 0.9333,
        0.7949, 0.9667, 0.9889, 0.6889, 0.9500, 0.9800, 0.8889, 0.9208, 0.8278,
        0.5000, 0.9533, 0.9222, 0.8067, 0.9852, 0.8000, 0.9952, 0.9833, 0.9923,
        0.9667, 0.9667, 0.9739, 0.9667, 0.8889, 0.9833, 0.9444])tensor([0.8333, 0.9597, 0.9827, 0.9667, 0.9242, 0.9238, 0.7667, 0.8867, 0.9733,
        0.9917, 0.9773, 0.9571, 0.9594, 0.9764, 1.0000, 0.9476, 0.9867, 0.9250,
        0.7897, 0.9667, 0.9889, 0.6778, 0.9333, 0.9800, 0.8778, 0.9208, 0.8278,
        0.5000, 0.9467, 0.9222, 0.8067, 0.9852, 0.7500, 0.9952, 0.9833, 0.9897,
        0.9667, 0.9667, 0.9725, 0.9667, 0.8889, 0.9667, 0.9667])tensor([0.8667, 0.9667, 0.9827, 0.9556, 0.9288, 0.9302, 0.7600, 0.8911, 0.9733,
        0.9896, 0.9773, 0.9619, 0.9710, 0.9736, 1.0000, 0.9857, 0.9867, 0.9306,
        0.7923, 0.9667, 0.9889, 0.6778, 0.9333, 0.9800, 0.8778, 0.9208, 0.8278,
        0.5000, 0.9467, 0.9222, 0.7667, 0.9852, 0.8000, 0.9952, 0.9833, 0.9949,
        0.9667, 0.9667, 0.9710, 0.9667, 0.8889, 0.9667, 0.9667])tensor([0.8667, 0.9583, 0.9853, 0.9600, 0.9348, 0.9206, 0.8000, 0.9022, 0.9733,
        0.9896, 0.9788, 0.9643, 0.9710, 0.9764, 1.0000, 0.9857, 0.9933, 0.9306,
        0.7923, 0.9833, 0.9889, 0.6778, 0.9333, 0.9800, 0.9000, 0.9208, 0.8278,
        0.5000, 0.9467, 0.9222, 0.7933, 0.9852, 0.8167, 0.9952, 0.9833, 0.9949,
        0.9667, 0.9667, 0.9681, 0.9667, 0.8889, 0.9667, 0.9667])tensor([0.8333, 0.9681, 0.9827, 0.9711, 0.9288, 0.9254, 0.7933, 0.8778, 0.9733,
        0.9958, 0.9758, 0.9619, 0.9696, 0.9764, 1.0000, 0.9905, 0.9933, 0.9250,
        0.7974, 0.9500, 0.9889, 0.7000, 0.9333, 0.9800, 0.8889, 0.9187, 0.8333,
        0.5000, 0.9467, 0.9222, 0.8067, 0.9852, 0.8500, 0.9952, 0.9833, 0.9923,
        0.9667, 0.9667, 0.9725, 0.9667, 0.9000, 0.9833, 0.9444])tensor([0.8333, 0.9639, 0.9840, 0.9556, 0.9348, 0.9238, 0.8000, 0.8822, 0.9733,
        0.9917, 0.9803, 0.9595, 0.9739, 0.9764, 1.0000, 0.9571, 0.9933, 0.9278,
        0.8000, 0.9167, 0.9889, 0.6556, 0.9333, 0.9800, 0.9000, 0.9208, 0.8278,
        0.5000, 0.9533, 0.9000, 0.8067, 0.9852, 0.8500, 0.9952, 0.9833, 0.9923,
        0.9667, 0.9667, 0.9754, 0.9667, 0.8889, 0.9833, 0.9444])tensor([0.8167, 0.9708, 0.9813, 0.9578, 0.9273, 0.9254, 0.7933, 0.8822, 0.9733,
        0.9937, 0.9758, 0.9571, 0.9667, 0.9764, 1.0000, 0.9905, 0.9933, 0.9306,
        0.7949, 0.9333, 0.9889, 0.6556, 0.9333, 0.9800, 0.9111, 0.9208, 0.8333,
        0.5000, 0.9467, 0.9222, 0.8000, 0.9852, 0.8500, 0.9952, 0.9833, 0.9949,
        0.9667, 0.9500, 0.9754, 0.9667, 0.9000, 0.9833, 0.9444])tensor([0.8667, 0.9708, 0.9813, 0.9689, 0.9288, 0.9286, 0.8000, 0.8956, 0.9689,
        0.9958, 0.9788, 0.9595, 0.9638, 0.9750, 1.0000, 0.9952, 0.9933, 0.9306,
        0.7974, 0.9833, 0.9889, 0.6667, 0.9333, 0.9800, 0.9000, 0.9187, 0.8333,
        0.5000, 0.9467, 0.9222, 0.7867, 0.9889, 0.8667, 0.9952, 0.9833, 0.9923,
        0.9667, 0.9667, 0.9739, 0.9667, 0.8889, 0.9833, 0.9444])tensor([0.8167, 0.9694, 0.9800, 0.9711, 0.9258, 0.9333, 0.7667, 0.9022, 0.9689,
        0.9896, 0.9788, 0.9595, 0.9551, 0.9736, 1.0000, 0.9952, 0.9933, 0.9278,
        0.7974, 0.9833, 0.9889, 0.7000, 0.9417, 0.9800, 0.9000, 0.9187, 0.8278,
        0.5000, 0.9467, 0.9222, 0.7933, 0.9852, 0.8500, 0.9952, 0.9833, 0.9923,
        0.9750, 0.9500, 0.9739, 0.9667, 0.8889, 0.9833, 0.9444])tensor([0.8333, 0.9736, 0.9813, 0.9733, 0.9333, 0.9222, 0.7933, 0.8844, 0.9733,
        0.9937, 0.9788, 0.9667, 0.9696, 0.9806, 1.0000, 0.9952, 0.9933, 0.9417,
        0.8000, 0.9500, 0.9889, 0.6778, 0.9333, 0.9800, 0.8778, 0.9208, 0.8333,
        0.5000, 0.9467, 0.9222, 0.8000, 0.9815, 0.8833, 0.9952, 0.9917, 0.9897,
        0.9667, 0.9667, 0.9768, 0.9667, 0.8778, 1.0000, 0.9556])tensor([0.8667, 0.9667, 0.9800, 0.9644, 0.9303, 0.9333, 0.7733, 0.9000, 0.9733,
        0.9937, 0.9788, 0.9714, 0.9725, 0.9750, 1.0000, 0.9952, 0.9933, 0.9333,
        0.8026, 0.9667, 0.9889, 0.6667, 0.9417, 0.9800, 0.8889, 0.9208, 0.8222,
        0.5000, 0.9467, 0.9444, 0.7867, 0.9889, 0.9000, 0.9952, 0.9833, 0.9949,
        0.9667, 0.9500, 0.9768, 0.9667, 0.8889, 0.9833, 0.9667])