tensor([0., 0., 0., 0., 0., 0., 0., 0., 0., 0., 0., 0., 0., 1., 0., 0., 0., 0.,
        0., 0., 0., 0., 0., 0., 0., 0., 0., 0., 0., 0., 0., 0., 0., 0., 0., 0.,
        0., 0., 0., 0., 0., 0., 0.])
tensor([0., 0., 0., 0., 0., 0., 0., 0., 0., 0., 0., 0., 0., 1., 0., 0., 0., 0.,
        0., 0., 0., 0., 0., 0., 0., 0., 0., 0., 0., 0., 0., 0., 0., 0., 0., 0.,
        0., 0., 0., 0., 0., 0., 0.])
tensor([0.0000, 0.5111, 0.0000, 0.0000, 0.0000, 0.0000, 0.0000, 0.0000, 0.0000,
        0.0000, 0.0000, 0.0000, 0.0000, 0.8361, 0.0000, 0.0000, 0.0000, 0.0000,
        0.0000, 0.0000, 0.0000, 0.0000, 0.0000, 0.0000, 0.0000, 0.0000, 0.0000,
        0.0000, 0.0000, 0.0000, 0.0000, 0.0000, 0.0000, 0.0000, 0.0000, 0.0000,
        0.0000, 0.0000, 0.0000, 0.0000, 0.0000, 0.0000, 0.0000])
tensor([0.0000, 0.5556, 0.0000, 0.0000, 0.0000, 0.0000, 0.0000, 0.0000, 0.0000,
        0.0000, 0.0000, 0.0000, 0.0000, 0.8042, 0.0000, 0.0000, 0.0000, 0.0000,
        0.0000, 0.0000, 0.0000, 0.0000, 0.0000, 0.0000, 0.0000, 0.0000, 0.0000,
        0.0000, 0.0000, 0.0000, 0.0000, 0.0000, 0.0000, 0.0000, 0.0000, 0.0000,
        0.0000, 0.0000, 0.0000, 0.0000, 0.0000, 0.0000, 0.0000])
tensor([0.0000, 0.5750, 0.0000, 0.0000, 0.0000, 0.0000, 0.0000, 0.0000, 0.0000,
        0.0000, 0.0000, 0.0000, 0.0000, 0.8333, 0.0000, 0.0000, 0.0000, 0.0000,
        0.0000, 0.0000, 0.0000, 0.0000, 0.0000, 0.0000, 0.0000, 0.0000, 0.0000,
        0.0000, 0.0000, 0.0000, 0.0000, 0.0000, 0.0000, 0.0000, 0.0000, 0.0000,
        0.0000, 0.0000, 0.0000, 0.0000, 0.0000, 0.0000, 0.0000])
tensor([0.0000, 0.6153, 0.0000, 0.0000, 0.0000, 0.0000, 0.0000, 0.0000, 0.0000,
        0.0000, 0.0000, 0.0000, 0.0000, 0.8444, 0.0000, 0.0000, 0.0000, 0.0000,
        0.0000, 0.0000, 0.0000, 0.0000, 0.0000, 0.0000, 0.0000, 0.0000, 0.0000,
        0.0000, 0.0000, 0.0000, 0.0000, 0.0000, 0.0000, 0.0000, 0.0000, 0.0000,
        0.0000, 0.0000, 0.0000, 0.0000, 0.0000, 0.0000, 0.0000])
tensor([0.0000, 0.6542, 0.0000, 0.0000, 0.0000, 0.0000, 0.0000, 0.0000, 0.0000,
        0.0000, 0.0000, 0.0000, 0.0000, 0.8597, 0.0000, 0.0000, 0.0000, 0.0000,
        0.0615, 0.0000, 0.0000, 0.0000, 0.0000, 0.0000, 0.0000, 0.0000, 0.0000,
        0.0000, 0.0000, 0.0000, 0.0000, 0.0000, 0.0000, 0.0000, 0.0000, 0.0000,
        0.0000, 0.0000, 0.0000, 0.0000, 0.0000, 0.0000, 0.0000])
tensor([0.0000, 0.7389, 0.0000, 0.0000, 0.0000, 0.0000, 0.0000, 0.0000, 0.0000,
        0.0000, 0.0000, 0.0000, 0.0000, 0.9000, 0.0000, 0.0000, 0.0000, 0.0000,
        0.3641, 0.0000, 0.0000, 0.0000, 0.0000, 0.0000, 0.0000, 0.0000, 0.0000,
        0.0000, 0.0000, 0.0000, 0.0000, 0.0000, 0.0000, 0.0000, 0.0000, 0.0000,
        0.0000, 0.0000, 0.0000, 0.0000, 0.0000, 0.0000, 0.0000])
tensor([0.0000, 0.6639, 0.0000, 0.0000, 0.0000, 0.0000, 0.0000, 0.0000, 0.0000,
        0.0000, 0.0000, 0.0000, 0.4217, 0.9806, 0.0222, 0.0000, 0.0000, 0.2667,
        0.7410, 0.0000, 0.0000, 0.0000, 0.0333, 0.0000, 0.0000, 0.0000, 0.0000,
        0.0000, 0.0000, 0.0000, 0.0000, 0.0000, 0.0000, 0.0000, 0.0000, 0.0000,
        0.0000, 0.0000, 0.0000, 0.0000, 0.0000, 0.1000, 0.0000])
tensor([0.0000, 0.9681, 0.0000, 0.0000, 0.0000, 0.0000, 0.4200, 0.0000, 0.0000,
        0.0000, 0.0015, 0.0000, 0.5884, 0.9861, 0.1630, 0.0000, 0.0000, 0.3889,
        0.9128, 0.0000, 0.0000, 0.0000, 0.3750, 0.0000, 0.0000, 0.0000, 0.0000,
        0.0000, 0.0000, 0.0000, 0.0000, 0.0000, 0.0000, 0.0000, 0.0000, 0.0000,
        0.0000, 0.5833, 0.0000, 0.0000, 0.0000, 0.2833, 0.0000])
tensor([0.0000, 0.9778, 0.0000, 0.0000, 0.0000, 0.0000, 0.5267, 0.0000, 0.0000,
        0.0000, 0.1015, 0.0000, 0.6290, 0.9889, 0.2519, 0.0000, 0.0000, 0.6583,
        0.9026, 0.0000, 0.0000, 0.0000, 0.7167, 0.0000, 0.0000, 0.0000, 0.0000,
        0.0000, 0.0000, 0.0000, 0.0000, 0.0000, 0.0000, 0.0000, 0.0000, 0.0000,
        0.0000, 0.7000, 0.0000, 0.0000, 0.0000, 0.3000, 0.0000])
tensor([0.0000, 0.9889, 0.0000, 0.0000, 0.0000, 0.0000, 0.5333, 0.0000, 0.0000,
        0.0021, 0.3227, 0.0119, 0.6478, 0.9792, 0.4407, 0.0000, 0.0000, 0.7528,
        0.9051, 0.0000, 0.0000, 0.0000, 0.7917, 0.0000, 0.0000, 0.0000, 0.0000,
        0.0000, 0.0000, 0.0000, 0.0000, 0.0000, 0.1500, 0.0000, 0.0000, 0.0000,
        0.0000, 0.8833, 0.0000, 0.0000, 0.0000, 0.5500, 0.0000])
tensor([0.0000, 0.9931, 0.0000, 0.0000, 0.0000, 0.0000, 0.5533, 0.0000, 0.0000,
        0.0750, 0.4909, 0.4810, 0.7667, 0.9806, 0.7963, 0.0000, 0.0733, 0.8361,
        0.8821, 0.0000, 0.0000, 0.0000, 0.7667, 0.0000, 0.0000, 0.0000, 0.0000,
        0.0000, 0.0000, 0.0000, 0.0000, 0.0000, 0.6167, 0.0000, 0.0000, 0.0026,
        0.0000, 0.9000, 0.0406, 0.0000, 0.0000, 0.7167, 0.0000])
tensor([0.0000, 0.9944, 0.0000, 0.0000, 0.0000, 0.0000, 0.6000, 0.0000, 0.0000,
        0.3063, 0.5848, 0.6452, 0.7783, 0.9819, 0.9519, 0.0000, 0.2400, 0.9000,
        0.8359, 0.0000, 0.0000, 0.0000, 0.7833, 0.0133, 0.0000, 0.1771, 0.0000,
        0.1667, 0.0867, 0.0000, 0.0000, 0.0000, 0.6833, 0.3000, 0.2333, 0.4667,
        0.3667, 0.9333, 0.5000, 0.0000, 0.0000, 0.7333, 0.0000])
tensor([0.0000, 0.9931, 0.0000, 0.0089, 0.0000, 0.0000, 0.6667, 0.0000, 0.0000,
        0.5813, 0.6985, 0.7095, 0.8101, 0.9847, 0.9704, 0.0286, 0.5867, 0.9111,
        0.8359, 0.0000, 0.0000, 0.0778, 0.7750, 0.1733, 0.0000, 0.4688, 0.0000,
        0.3167, 0.5067, 0.0000, 0.0133, 0.2259, 0.6833, 0.6857, 0.8417, 0.8179,
        0.5667, 0.9500, 0.7087, 0.0000, 0.0000, 0.7167, 0.0000])
tensor([0.0000, 0.9944, 0.0000, 0.0356, 0.0000, 0.0016, 0.6467, 0.0022, 0.0000,
        0.5646, 0.7530, 0.7690, 0.8087, 0.9778, 0.9815, 0.0524, 0.5667, 0.9306,
        0.8641, 0.0500, 0.0000, 0.1667, 0.7750, 0.3467, 0.0000, 0.6104, 0.0000,
        0.3333, 0.6400, 0.0222, 0.0133, 0.4037, 0.7167, 0.8476, 0.8667, 0.8974,
        0.7250, 0.9333, 0.7957, 0.0000, 0.0222, 0.8500, 0.0000])
tensor([0.0000, 0.9931, 0.0000, 0.1311, 0.0030, 0.0254, 0.6933, 0.0067, 0.0000,
        0.6771, 0.8030, 0.7857, 0.8333, 0.9792, 0.9741, 0.1190, 0.7733, 0.9556,
        0.8615, 0.1667, 0.0000, 0.2000, 0.7917, 0.3800, 0.0000, 0.6917, 0.0000,
        0.4000, 0.7733, 0.0778, 0.0733, 0.5852, 0.7167, 0.8857, 0.9417, 0.9026,
        0.7583, 0.9500, 0.8290, 0.0444, 0.2889, 0.8833, 0.0333])
tensor([0.0167, 0.9931, 0.0000, 0.2689, 0.0091, 0.0349, 0.7200, 0.0133, 0.0000,
        0.7896, 0.8212, 0.7952, 0.8435, 0.9792, 0.9815, 0.2048, 0.8667, 0.9528,
        0.8769, 0.1167, 0.0667, 0.2778, 0.8083, 0.4933, 0.0111, 0.7667, 0.0000,
        0.3833, 0.7800, 0.4000, 0.1000, 0.6444, 0.7333, 0.9000, 0.9583, 0.9179,
        0.7667, 0.9500, 0.8391, 0.2889, 0.4778, 0.9000, 0.0556])
tensor([0.0333, 0.9917, 0.0000, 0.3600, 0.0197, 0.0540, 0.6733, 0.0200, 0.0000,
        0.7854, 0.8545, 0.7929, 0.8536, 0.9736, 0.9815, 0.3143, 0.9333, 0.9611,
        0.8564, 0.2167, 0.1444, 0.1889, 0.8500, 0.4933, 0.0222, 0.8021, 0.0000,
        0.4500, 0.8400, 0.5556, 0.1333, 0.6889, 0.9500, 0.8905, 0.9583, 0.9205,
        0.7750, 0.9667, 0.8913, 0.5556, 0.5556, 0.8833, 0.0556])
tensor([0.0500, 0.9917, 0.0000, 0.4067, 0.0212, 0.0524, 0.7200, 0.0178, 0.0000,
        0.8146, 0.8894, 0.8143, 0.8493, 0.9792, 0.9593, 0.3810, 0.9600, 0.9639,
        0.8333, 0.2833, 0.3889, 0.2222, 0.8667, 0.5200, 0.0333, 0.8396, 0.0000,
        0.4667, 0.8067, 0.5889, 0.1067, 0.7370, 0.9000, 0.9048, 0.9667, 0.9154,
        0.8167, 0.9667, 0.8609, 0.6000, 0.5778, 0.9167, 0.1333])
tensor([0.0500, 0.9931, 0.0000, 0.4489, 0.0182, 0.0810, 0.7067, 0.0200, 0.0000,
        0.8396, 0.9030, 0.8238, 0.8609, 0.9792, 0.9593, 0.4476, 0.9600, 0.9611,
        0.8641, 0.3000, 0.6000, 0.2889, 0.8667, 0.6267, 0.0333, 0.8708, 0.0000,
        0.4667, 0.8000, 0.6000, 0.1000, 0.7519, 0.9167, 0.9095, 0.9667, 0.9231,
        0.8000, 0.9667, 0.8986, 0.6111, 0.5778, 0.9167, 0.2000])
tensor([0.0500, 0.9917, 0.0000, 0.5200, 0.0318, 0.0984, 0.7000, 0.0267, 0.0000,
        0.8229, 0.9061, 0.8214, 0.8609, 0.9722, 0.9556, 0.4714, 0.9733, 0.9722,
        0.8487, 0.4333, 0.6667, 0.4444, 0.8750, 0.5800, 0.1111, 0.8750, 0.0000,
        0.4833, 0.8400, 0.6889, 0.2333, 0.7593, 0.9833, 0.9238, 0.9667, 0.9308,
        0.8167, 0.9667, 0.9174, 0.6667, 0.5778, 0.9000, 0.2000])
tensor([0.0333, 0.9931, 0.0000, 0.5400, 0.0197, 0.1016, 0.7533, 0.0222, 0.0000,
        0.8333, 0.9182, 0.8310, 0.8623, 0.9722, 0.9556, 0.4952, 0.9800, 0.9694,
        0.8462, 0.4333, 0.7778, 0.3778, 0.8750, 0.7000, 0.1111, 0.8708, 0.0000,
        0.4833, 0.7333, 0.7000, 0.2533, 0.8074, 0.9167, 0.9238, 0.9667, 0.9359,
        0.8417, 0.9667, 0.9188, 0.6667, 0.5889, 0.9167, 0.2889])
tensor([0.0500, 0.9931, 0.0000, 0.6889, 0.0424, 0.1571, 0.7333, 0.0333, 0.0044,
        0.8938, 0.9242, 0.8214, 0.8696, 0.9736, 0.9667, 0.7381, 0.9800, 0.9694,
        0.8641, 0.4667, 0.8667, 0.4000, 0.8750, 0.7800, 0.2000, 0.8917, 0.0000,
        0.4667, 0.7333, 0.7889, 0.3133, 0.8074, 1.0000, 0.9286, 0.9667, 0.9641,
        0.8583, 0.9667, 0.9217, 0.8889, 0.5667, 0.9167, 0.3000])
tensor([0.0333, 0.9931, 0.0000, 0.6978, 0.0485, 0.1683, 0.7533, 0.0356, 0.0044,
        0.8875, 0.9318, 0.8357, 0.8710, 0.9736, 0.9556, 0.7381, 0.9800, 0.9722,
        0.8641, 0.4833, 0.9000, 0.4333, 0.8833, 0.7400, 0.2333, 0.8854, 0.0000,
        0.4833, 0.7800, 0.6778, 0.2867, 0.8407, 0.9167, 0.9333, 0.9750, 0.9564,
        0.8500, 0.9667, 0.9275, 0.8000, 0.5889, 0.9167, 0.3333])
tensor([0.0333, 0.9917, 0.0000, 0.7600, 0.0394, 0.2317, 0.7600, 0.0467, 0.0111,
        0.9104, 0.9424, 0.8381, 0.8638, 0.9722, 0.9519, 0.7714, 0.9800, 0.9722,
        0.8231, 0.7000, 0.9111, 0.3778, 0.8833, 0.7800, 0.3556, 0.8833, 0.0000,
        0.5000, 0.7867, 0.8000, 0.3067, 0.8889, 0.9167, 0.9429, 0.9750, 0.9641,
        0.8500, 0.9667, 0.9290, 0.8667, 0.5889, 0.9167, 0.4111])
tensor([0.0333, 0.9931, 0.0000, 0.7778, 0.0439, 0.2667, 0.7533, 0.0444, 0.0133,
        0.9125, 0.9409, 0.8357, 0.8710, 0.9722, 0.9519, 0.7905, 0.9800, 0.9722,
        0.8205, 0.5667, 0.9222, 0.4000, 0.8833, 0.8067, 0.3667, 0.8854, 0.0000,
        0.5000, 0.7467, 0.8556, 0.3267, 0.9037, 0.9667, 0.9429, 0.9750, 0.9667,
        0.8500, 0.9667, 0.9261, 0.8889, 0.5778, 0.9167, 0.4667])
tensor([0.0333, 0.9931, 0.0013, 0.7933, 0.0606, 0.3063, 0.7400, 0.0444, 0.0178,
        0.9104, 0.9424, 0.8381, 0.8652, 0.9722, 0.9519, 0.8190, 0.9800, 0.9722,
        0.8410, 0.6833, 0.9222, 0.2444, 0.8833, 0.8467, 0.3889, 0.8854, 0.0000,
        0.5000, 0.7600, 0.8222, 0.3800, 0.9111, 1.0000, 0.9571, 0.9750, 0.9718,
        0.8667, 0.9833, 0.9362, 0.8889, 0.5556, 0.9167, 0.4778])
tensor([0.0167, 0.9917, 0.0027, 0.8444, 0.0636, 0.3333, 0.7667, 0.0622, 0.0467,
        0.9167, 0.9424, 0.8619, 0.8754, 0.9722, 0.9519, 0.8143, 0.9800, 0.9833,
        0.8256, 0.5667, 0.9333, 0.2778, 0.8833, 0.8733, 0.4444, 0.8917, 0.0000,
        0.5000, 0.7667, 0.8444, 0.3933, 0.9370, 0.9333, 0.9667, 0.9750, 0.9718,
        0.8500, 1.0000, 0.9435, 0.9222, 0.5667, 0.9167, 0.5222])
tensor([0.0167, 0.9917, 0.0080, 0.8444, 0.1348, 0.4540, 0.7533, 0.0778, 0.0956,
        0.9167, 0.9470, 0.8690, 0.8739, 0.9708, 0.9556, 0.8286, 0.9800, 0.9722,
        0.8513, 0.7167, 0.9333, 0.4556, 0.8833, 0.8933, 0.5444, 0.8854, 0.0000,
        0.5000, 0.7667, 0.8444, 0.4667, 0.9074, 1.0000, 0.9619, 0.9750, 0.9744,
        0.8500, 0.9833, 0.9551, 0.9556, 0.5889, 0.9167, 0.5111])
tensor([0.0167, 0.9917, 0.0027, 0.8711, 0.0788, 0.4460, 0.7600, 0.0956, 0.0822,
        0.9271, 0.9470, 0.8881, 0.8725, 0.9722, 0.9481, 0.8238, 0.9800, 0.9861,
        0.8308, 0.7333, 0.9222, 0.2778, 0.8833, 0.8667, 0.6444, 0.8896, 0.0000,
        0.5000, 0.8667, 0.8556, 0.4133, 0.9370, 1.0000, 0.9714, 0.9750, 0.9667,
        0.8750, 1.0000, 0.9377, 0.8667, 0.4889, 0.9167, 0.5778])
tensor([0.0167, 0.9917, 0.0133, 0.8756, 0.1606, 0.4873, 0.7467, 0.1289, 0.1378,
        0.9292, 0.9500, 0.8881, 0.8739, 0.9722, 0.9630, 0.8667, 0.9800, 0.9833,
        0.8308, 0.8000, 0.9333, 0.3333, 0.8917, 0.9000, 0.6444, 0.8896, 0.0000,
        0.5000, 0.8467, 0.8444, 0.5267, 0.9222, 1.0000, 0.9762, 0.9750, 0.9744,
        0.8917, 1.0000, 0.9420, 0.9556, 0.5111, 0.9167, 0.5778])
tensor([0.0167, 0.9917, 0.0173, 0.8689, 0.1515, 0.5254, 0.7733, 0.2044, 0.1867,
        0.9417, 0.9515, 0.8976, 0.8768, 0.9722, 0.9630, 0.8571, 0.9800, 0.9806,
        0.8282, 0.7000, 0.9333, 0.3556, 0.8917, 0.8533, 0.7111, 0.8854, 0.0000,
        0.5000, 0.8267, 0.8556, 0.4000, 0.9370, 1.0000, 0.9714, 0.9750, 0.9744,
        0.8750, 1.0000, 0.9507, 0.9111, 0.5111, 0.9167, 0.5778])
tensor([0.0167, 0.9917, 0.0440, 0.8622, 0.1667, 0.5540, 0.7533, 0.1578, 0.1444,
        0.9479, 0.9591, 0.8833, 0.8797, 0.9722, 0.9593, 0.8476, 0.9800, 0.9806,
        0.8410, 0.7333, 0.9444, 0.3667, 0.8917, 0.8800, 0.7000, 0.8875, 0.0000,
        0.5000, 0.7400, 0.8667, 0.4200, 0.9370, 1.0000, 0.9762, 0.9750, 0.9667,
        0.8833, 1.0000, 0.9493, 0.9333, 0.5000, 0.9000, 0.5778])
tensor([0.0167, 0.9917, 0.0493, 0.8844, 0.3258, 0.6079, 0.7600, 0.2933, 0.3422,
        0.9563, 0.9591, 0.8810, 0.8797, 0.9681, 0.9704, 0.8714, 0.9800, 0.9833,
        0.8410, 0.8000, 0.9333, 0.3556, 0.8917, 0.9067, 0.7222, 0.8896, 0.0000,
        0.5000, 0.8400, 0.8556, 0.5000, 0.9370, 1.0000, 0.9714, 0.9750, 0.9769,
        0.8833, 1.0000, 0.9580, 0.9556, 0.5222, 0.9333, 0.5778])
tensor([0.0167, 0.9917, 0.1173, 0.8844, 0.3167, 0.6016, 0.7267, 0.2733, 0.3711,
        0.9667, 0.9606, 0.8619, 0.8841, 0.9722, 0.9704, 0.8857, 0.9800, 0.9833,
        0.8359, 0.8333, 0.9667, 0.3889, 0.8917, 0.9000, 0.7667, 0.8917, 0.0000,
        0.5000, 0.8467, 0.8778, 0.4933, 0.9407, 1.0000, 0.9714, 0.9750, 0.9795,
        0.8917, 1.0000, 0.9536, 0.9667, 0.5222, 0.9167, 0.5889])
tensor([0.0167, 0.9917, 0.1067, 0.8778, 0.2894, 0.6429, 0.7533, 0.3244, 0.3978,
        0.9521, 0.9621, 0.8929, 0.8768, 0.9694, 0.9704, 0.8667, 0.9800, 0.9833,
        0.8385, 0.8000, 0.9556, 0.4444, 0.8917, 0.8867, 0.7333, 0.8917, 0.0000,
        0.5000, 0.8467, 0.8667, 0.4933, 0.9407, 1.0000, 0.9714, 0.9750, 0.9718,
        0.9000, 1.0000, 0.9522, 0.9444, 0.5778, 0.9167, 0.5889])
tensor([0.0167, 0.9917, 0.1200, 0.8778, 0.3424, 0.6524, 0.7600, 0.3978, 0.5333,
        0.9396, 0.9667, 0.8976, 0.8826, 0.9708, 0.9704, 0.8952, 0.9800, 0.9889,
        0.8487, 0.8000, 0.9556, 0.2889, 0.8917, 0.9000, 0.7889, 0.8917, 0.0000,
        0.5000, 0.8333, 0.8778, 0.4867, 0.9481, 1.0000, 0.9714, 0.9750, 0.9692,
        0.8833, 1.0000, 0.9609, 0.9444, 0.6778, 0.9167, 0.5889])
tensor([0.0167, 0.9917, 0.1560, 0.8822, 0.4000, 0.6778, 0.7333, 0.3711, 0.4778,
        0.9521, 0.9682, 0.8833, 0.8913, 0.9722, 0.9704, 0.8952, 0.9800, 0.9833,
        0.8410, 0.8000, 0.9556, 0.4333, 0.8917, 0.9000, 0.7778, 0.8979, 0.0000,
        0.5000, 0.8200, 0.8889, 0.5133, 0.9481, 1.0000, 0.9762, 0.9750, 0.9718,
        0.9083, 1.0000, 0.9536, 0.9444, 0.7667, 0.9167, 0.6000])
tensor([0.0167, 0.9917, 0.1720, 0.9156, 0.4197, 0.6714, 0.7533, 0.4533, 0.5889,
        0.9625, 0.9667, 0.8857, 0.8826, 0.9681, 0.9704, 0.9333, 0.9800, 0.9944,
        0.8282, 0.7833, 0.9667, 0.2222, 0.9083, 0.8800, 0.7889, 0.8979, 0.0000,
        0.5000, 0.8533, 0.8889, 0.5067, 0.9630, 1.0000, 0.9714, 0.9750, 0.9744,
        0.9083, 1.0000, 0.9565, 0.9444, 0.7556, 0.9500, 0.6000])
tensor([0.0167, 0.9931, 0.1813, 0.9111, 0.5121, 0.6905, 0.7600, 0.4578, 0.6422,
        0.9500, 0.9667, 0.9000, 0.8957, 0.9667, 0.9704, 0.9048, 0.9800, 0.9917,
        0.8308, 0.9167, 0.9778, 0.5556, 0.9083, 0.9133, 0.8000, 0.8896, 0.0000,
        0.5000, 0.8333, 0.9000, 0.5733, 0.9444, 1.0000, 0.9714, 0.9750, 0.9821,
        0.9167, 1.0000, 0.9536, 0.9556, 0.7444, 0.9167, 0.5889])
tensor([0.0167, 0.9917, 0.2760, 0.9156, 0.5788, 0.7222, 0.7800, 0.5267, 0.6867,
        0.9583, 0.9667, 0.8810, 0.8942, 0.9694, 0.9704, 0.9190, 0.9800, 0.9944,
        0.8179, 0.9167, 0.9778, 0.4667, 0.9083, 0.8867, 0.8111, 0.9000, 0.0000,
        0.5000, 0.8467, 0.8778, 0.5667, 0.9481, 1.0000, 0.9714, 0.9750, 0.9718,
        0.9000, 1.0000, 0.9565, 0.9444, 0.7889, 0.9333, 0.5889])
tensor([0.0000, 0.9931, 0.3253, 0.9156, 0.5015, 0.7238, 0.7600, 0.4978, 0.6844,
        0.9708, 0.9667, 0.9119, 0.9000, 0.9694, 0.9704, 0.9429, 0.9800, 0.9944,
        0.8154, 0.9167, 0.9778, 0.4333, 0.9083, 0.9000, 0.8000, 0.9000, 0.0000,
        0.5000, 0.8600, 0.9000, 0.5667, 0.9593, 1.0000, 0.9714, 0.9750, 0.9718,
        0.9083, 1.0000, 0.9594, 0.9556, 0.7889, 0.9333, 0.6000])
tensor([0.0000, 0.9931, 0.2867, 0.9378, 0.5636, 0.6984, 0.7733, 0.5178, 0.6933,
        0.9688, 0.9636, 0.8857, 0.8899, 0.9694, 0.9704, 0.9476, 0.9800, 0.9944,
        0.8282, 0.9167, 0.9778, 0.5111, 0.9083, 0.9067, 0.8000, 0.9000, 0.0000,
        0.5000, 0.8533, 0.9111, 0.5133, 0.9593, 1.0000, 0.9714, 0.9750, 0.9744,
        0.9167, 1.0000, 0.9551, 0.9444, 0.7889, 0.9500, 0.6000])
tensor([0.0167, 0.9931, 0.3507, 0.9289, 0.5712, 0.7270, 0.7733, 0.5111, 0.7044,
        0.9583, 0.9652, 0.9119, 0.8928, 0.9694, 0.9704, 0.9429, 0.9800, 0.9944,
        0.8308, 0.8667, 0.9778, 0.3778, 0.9083, 0.8933, 0.8000, 0.9042, 0.0000,
        0.5000, 0.8667, 0.9000, 0.5667, 0.9630, 1.0000, 0.9714, 0.9750, 0.9769,
        0.9083, 1.0000, 0.9551, 0.9444, 0.7889, 0.9167, 0.6000])
tensor([0.0167, 0.9931, 0.3907, 0.9156, 0.6303, 0.7460, 0.7733, 0.6133, 0.7889,
        0.9521, 0.9667, 0.8881, 0.8855, 0.9708, 0.9704, 0.9476, 0.9800, 0.9944,
        0.8308, 0.9167, 0.9889, 0.5333, 0.9083, 0.8667, 0.8111, 0.9000, 0.0000,
        0.5000, 0.8267, 0.9111, 0.4933, 0.9519, 1.0000, 0.9714, 0.9750, 0.9718,
        0.9083, 1.0000, 0.9565, 0.9222, 0.8556, 0.9167, 0.6000])
tensor([0.0167, 0.9931, 0.4600, 0.9400, 0.5424, 0.7540, 0.7867, 0.5622, 0.7667,
        0.9625, 0.9652, 0.9190, 0.8913, 0.9708, 0.9704, 0.9381, 0.9800, 0.9917,
        0.8282, 0.9167, 0.9889, 0.4667, 0.9167, 0.8867, 0.8111, 0.9042, 0.0000,
        0.5000, 0.8600, 0.9000, 0.4933, 0.9593, 1.0000, 0.9714, 0.9750, 0.9769,
        0.9417, 1.0000, 0.9536, 0.8889, 0.8333, 0.9333, 0.6000])
tensor([0.0000, 0.9931, 0.4453, 0.9178, 0.5803, 0.7397, 0.7600, 0.5689, 0.7822,
        0.9604, 0.9652, 0.8857, 0.8928, 0.9708, 0.9704, 0.9429, 0.9800, 0.9889,
        0.8308, 0.9167, 0.9889, 0.4889, 0.9167, 0.8933, 0.8333, 0.9062, 0.0056,
        0.5000, 0.8800, 0.9000, 0.5400, 0.9593, 1.0000, 0.9714, 0.9750, 0.9821,
        0.9083, 1.0000, 0.9609, 0.9444, 0.8444, 0.9167, 0.6000])
tensor([0.0167, 0.9931, 0.4360, 0.9178, 0.6394, 0.7603, 0.7533, 0.6067, 0.7978,
        0.9667, 0.9621, 0.9119, 0.8913, 0.9708, 0.9741, 0.9429, 0.9800, 0.9944,
        0.8256, 0.9667, 0.9889, 0.5556, 0.9167, 0.8800, 0.8111, 0.9021, 0.0000,
        0.5000, 0.8933, 0.9000, 0.5067, 0.9593, 1.0000, 0.9810, 0.9750, 0.9795,
        0.9250, 1.0000, 0.9580, 0.9444, 0.8333, 0.9167, 0.6333])
tensor([0.0167, 0.9931, 0.4920, 0.9267, 0.5758, 0.7825, 0.7733, 0.6111, 0.7400,
        0.9583, 0.9682, 0.9238, 0.8913, 0.9708, 0.9704, 0.9429, 0.9800, 0.9861,
        0.8256, 0.9333, 0.9889, 0.5333, 0.9167, 0.8933, 0.8222, 0.9104, 0.0056,
        0.5000, 0.8533, 0.9111, 0.4867, 0.9630, 1.0000, 0.9810, 0.9750, 0.9846,
        0.9333, 1.0000, 0.9565, 0.9333, 0.8444, 0.9167, 0.6333])
tensor([0.0167, 0.9931, 0.4733, 0.9333, 0.6000, 0.8127, 0.7733, 0.6578, 0.8178,
        0.9792, 0.9667, 0.9095, 0.9000, 0.9708, 0.9741, 0.9905, 0.9800, 0.9806,
        0.8256, 0.9333, 0.9889, 0.5556, 0.9167, 0.8933, 0.8222, 0.9104, 0.0111,
        0.5000, 0.8733, 0.9222, 0.5267, 0.9593, 1.0000, 0.9810, 0.9750, 0.9846,
        0.9333, 0.9833, 0.9580, 0.9222, 0.8333, 0.9167, 0.6222])
tensor([0.0000, 0.9931, 0.5107, 0.9289, 0.6288, 0.7921, 0.8000, 0.5978, 0.7956,
        0.9729, 0.9667, 0.9119, 0.8957, 0.9708, 0.9704, 0.9524, 0.9800, 0.9861,
        0.8256, 0.9000, 0.9889, 0.3556, 0.9167, 0.8867, 0.8444, 0.9104, 0.0056,
        0.5000, 0.8667, 0.9111, 0.5333, 0.9667, 1.0000, 0.9762, 0.9750, 0.9821,
        0.9500, 0.9833, 0.9522, 0.8889, 0.8222, 0.9333, 0.6333])
tensor([0.0000, 0.9931, 0.5560, 0.9511, 0.6955, 0.7857, 0.7800, 0.6422, 0.8333,
        0.9625, 0.9621, 0.9429, 0.8971, 0.9708, 0.9704, 0.9762, 0.9800, 0.9778,
        0.8256, 0.9167, 0.9889, 0.4556, 0.9167, 0.9000, 0.8333, 0.9083, 0.0222,
        0.5000, 0.8667, 0.9222, 0.4067, 0.9630, 1.0000, 0.9857, 0.9750, 0.9795,
        0.9333, 1.0000, 0.9565, 0.9222, 0.8333, 0.9167, 0.6333])
tensor([0.0833, 0.9944, 0.5640, 0.9467, 0.6258, 0.7905, 0.7800, 0.6467, 0.8356,
        0.9646, 0.9621, 0.9214, 0.9029, 0.9708, 0.9741, 0.9619, 0.9800, 0.9861,
        0.8333, 0.9167, 0.9889, 0.4889, 0.9167, 0.8800, 0.8444, 0.9062, 0.0167,
        0.5000, 0.8933, 0.9111, 0.4933, 0.9630, 1.0000, 0.9857, 0.9750, 0.9795,
        0.9333, 0.9833, 0.9565, 0.9444, 0.8333, 0.9167, 0.6222])
tensor([0.0500, 0.9931, 0.5493, 0.9222, 0.7045, 0.8079, 0.8000, 0.6378, 0.8578,
        0.9625, 0.9636, 0.9119, 0.8957, 0.9708, 0.9704, 0.9476, 0.9800, 0.9833,
        0.8333, 0.9167, 0.9889, 0.3444, 0.9167, 0.8867, 0.8333, 0.9104, 0.0833,
        0.5000, 0.8667, 0.9222, 0.5200, 0.9667, 1.0000, 0.9810, 0.9750, 0.9821,
        0.9333, 0.9833, 0.9580, 0.9222, 0.8444, 0.9333, 0.7111])
tensor([0.0500, 0.9944, 0.5440, 0.9356, 0.6636, 0.8000, 0.7867, 0.6689, 0.8600,
        0.9729, 0.9682, 0.9238, 0.8942, 0.9708, 0.9704, 0.9762, 0.9800, 0.9806,
        0.8282, 0.9167, 0.9889, 0.4556, 0.9250, 0.8867, 0.8444, 0.9104, 0.1000,
        0.5000, 0.8800, 0.9222, 0.4667, 0.9667, 1.0000, 0.9810, 0.9750, 0.9795,
        0.9333, 0.9833, 0.9551, 0.9333, 0.8333, 0.9333, 0.6556])
tensor([0.0667, 0.9944, 0.5520, 0.9467, 0.7212, 0.8095, 0.7600, 0.6556, 0.8444,
        0.9729, 0.9606, 0.9286, 0.8971, 0.9722, 0.9704, 0.9857, 0.9800, 0.9833,
        0.8282, 0.9333, 0.9889, 0.5333, 0.9250, 0.8800, 0.8556, 0.9125, 0.1000,
        0.5000, 0.9067, 0.9111, 0.5133, 0.9630, 1.0000, 0.9810, 0.9750, 0.9795,
        0.9333, 0.9833, 0.9594, 0.8444, 0.8333, 0.9167, 0.7000])
tensor([0.0500, 0.9931, 0.5987, 0.9333, 0.7545, 0.8238, 0.7667, 0.6578, 0.8489,
        0.9625, 0.9606, 0.9238, 0.9116, 0.9708, 0.9704, 0.9810, 0.9800, 0.9833,
        0.8231, 0.9333, 0.9889, 0.5444, 0.9250, 0.8800, 0.8556, 0.9104, 0.0778,
        0.5000, 0.8867, 0.9111, 0.5133, 0.9667, 1.0000, 0.9857, 0.9750, 0.9795,
        0.9333, 0.9833, 0.9623, 0.8778, 0.8333, 0.9500, 0.6444])
tensor([0.1000, 0.9931, 0.5573, 0.9333, 0.7364, 0.8286, 0.7800, 0.6444, 0.8356,
        0.9646, 0.9576, 0.9381, 0.8957, 0.9736, 0.9704, 0.9857, 0.9800, 0.9611,
        0.8231, 0.9333, 0.9889, 0.5222, 0.9250, 0.8800, 0.8333, 0.9104, 0.0944,
        0.5000, 0.8800, 0.9222, 0.4533, 0.9630, 1.0000, 0.9810, 0.9750, 0.9769,
        0.9500, 0.9667, 0.9536, 0.7556, 0.8333, 0.9167, 0.7444])
tensor([0.0833, 0.9931, 0.6560, 0.9222, 0.7500, 0.8302, 0.7800, 0.6733, 0.8756,
        0.9750, 0.9606, 0.9238, 0.9014, 0.9736, 0.9704, 0.9857, 0.9867, 0.9583,
        0.8333, 0.8833, 0.9889, 0.5556, 0.9250, 0.8867, 0.8333, 0.9104, 0.1056,
        0.5000, 0.8667, 0.9333, 0.5000, 0.9667, 1.0000, 0.9857, 0.9750, 0.9846,
        0.9333, 0.9833, 0.9594, 0.8444, 0.8333, 0.9167, 0.7000])
tensor([0.0833, 0.9931, 0.6093, 0.9156, 0.7561, 0.8286, 0.8000, 0.6911, 0.8711,
        0.9667, 0.9621, 0.9190, 0.9101, 0.9708, 0.9704, 0.9762, 0.9800, 0.9583,
        0.8205, 0.8500, 0.9889, 0.5222, 0.9250, 0.8800, 0.8556, 0.9167, 0.1611,
        0.5000, 0.8800, 0.9333, 0.5133, 0.9704, 1.0000, 0.9810, 0.9750, 0.9846,
        0.9333, 0.9833, 0.9609, 0.9111, 0.8333, 0.9167, 0.7333])
tensor([0.1500, 0.9917, 0.6813, 0.9222, 0.7848, 0.8190, 0.7733, 0.7222, 0.8844,
        0.9771, 0.9652, 0.9262, 0.9029, 0.9722, 0.9704, 0.9619, 0.9867, 0.9611,
        0.8205, 0.9333, 0.9889, 0.5778, 0.9250, 0.8867, 0.8667, 0.9125, 0.1278,
        0.5000, 0.9133, 0.9333, 0.5267, 0.9630, 1.0000, 0.9857, 0.9750, 0.9872,
        0.9500, 0.9833, 0.9551, 0.8444, 0.8333, 0.9500, 0.7000])
tensor([0.1500, 0.9917, 0.6493, 0.9356, 0.7970, 0.8302, 0.7733, 0.7311, 0.9000,
        0.9646, 0.9697, 0.9238, 0.9130, 0.9722, 0.9704, 0.9667, 0.9867, 0.9583,
        0.8359, 0.9167, 0.9889, 0.5444, 0.9250, 0.8800, 0.8667, 0.9208, 0.1722,
        0.5000, 0.9000, 0.9222, 0.6000, 0.9667, 1.0000, 0.9857, 0.9750, 0.9821,
        0.9417, 0.9667, 0.9609, 0.9333, 0.8444, 0.9167, 0.7111])
tensor([0.1500, 0.9931, 0.6360, 0.9556, 0.7758, 0.8190, 0.7667, 0.6933, 0.8867,
        0.9708, 0.9606, 0.9238, 0.9116, 0.9722, 0.9704, 0.9810, 0.9867, 0.9528,
        0.8385, 0.9333, 0.9889, 0.5667, 0.9250, 0.8800, 0.8333, 0.9146, 0.1944,
        0.5000, 0.8867, 0.9333, 0.5467, 0.9630, 1.0000, 0.9857, 0.9750, 0.9821,
        0.9500, 0.9667, 0.9594, 0.9222, 0.8444, 0.9667, 0.7000])
tensor([0.1333, 0.9944, 0.6653, 0.9267, 0.7833, 0.8286, 0.7733, 0.6933, 0.8822,
        0.9750, 0.9621, 0.9143, 0.9058, 0.9736, 0.9704, 0.9667, 0.9867, 0.9389,
        0.8359, 0.9333, 0.9889, 0.5556, 0.9250, 0.8800, 0.8444, 0.9187, 0.1889,
        0.5000, 0.8867, 0.9333, 0.5533, 0.9667, 1.0000, 0.9810, 0.9750, 0.9846,
        0.9500, 0.9667, 0.9580, 0.8667, 0.8333, 0.9500, 0.7000])
tensor([0.1500, 0.9931, 0.7040, 0.9222, 0.7803, 0.8540, 0.7800, 0.7178, 0.8911,
        0.9854, 0.9606, 0.9238, 0.9029, 0.9736, 0.9778, 0.9857, 0.9800, 0.9528,
        0.8359, 0.9167, 0.9889, 0.5778, 0.9250, 0.8867, 0.8333, 0.9146, 0.2222,
        0.5000, 0.8800, 0.9333, 0.4867, 0.9667, 1.0000, 0.9857, 0.9750, 0.9744,
        0.9500, 0.9667, 0.9623, 0.8333, 0.8333, 0.9333, 0.7667])
tensor([0.2500, 0.9931, 0.6787, 0.9600, 0.7712, 0.8349, 0.7867, 0.7489, 0.8911,
        0.9646, 0.9561, 0.9143, 0.9116, 0.9736, 0.9852, 0.9762, 0.9867, 0.9306,
        0.8333, 0.9333, 0.9889, 0.5667, 0.9250, 0.8867, 0.8667, 0.9146, 0.2667,
        0.5000, 0.9067, 0.9333, 0.5533, 0.9667, 1.0000, 0.9857, 0.9750, 0.9769,
        0.9500, 0.9667, 0.9609, 0.8667, 0.8444, 0.9833, 0.7667])
tensor([0.2000, 0.9931, 0.7067, 0.9556, 0.8106, 0.8460, 0.7800, 0.7533, 0.8867,
        0.9771, 0.9606, 0.9048, 0.9159, 0.9722, 0.9852, 0.9857, 0.9867, 0.9528,
        0.8410, 0.9833, 0.9889, 0.5667, 0.9250, 0.8867, 0.8333, 0.9146, 0.2056,
        0.5000, 0.8800, 0.9444, 0.5200, 0.9593, 1.0000, 0.9810, 0.9750, 0.9821,
        0.9417, 0.9500, 0.9638, 0.8444, 0.8333, 0.9500, 0.7889])
tensor([0.2500, 0.9944, 0.7027, 0.9467, 0.8045, 0.8460, 0.7867, 0.7311, 0.9089,
        0.9708, 0.9561, 0.9357, 0.9174, 0.9736, 0.9852, 0.9857, 0.9867, 0.9611,
        0.8410, 0.9500, 0.9889, 0.5778, 0.9250, 0.8867, 0.8444, 0.9167, 0.3000,
        0.5000, 0.9067, 0.9444, 0.4800, 0.9630, 1.0000, 0.9810, 0.9750, 0.9821,
        0.9500, 0.9667, 0.9580, 0.8000, 0.8333, 0.9667, 0.7444])
tensor([0.2500, 0.9944, 0.7253, 0.9622, 0.7970, 0.8397, 0.7800, 0.7333, 0.8889,
        0.9688, 0.9545, 0.9286, 0.9116, 0.9736, 0.9889, 0.9667, 0.9867, 0.9528,
        0.8462, 0.9333, 0.9889, 0.5778, 0.9417, 0.8867, 0.8444, 0.9187, 0.2944,
        0.5000, 0.9000, 0.9444, 0.5267, 0.9741, 1.0000, 0.9810, 0.9750, 0.9821,
        0.9417, 0.9500, 0.9609, 0.8111, 0.8333, 0.9500, 0.7889])
tensor([0.2500, 0.9944, 0.7040, 0.9733, 0.8000, 0.8413, 0.7867, 0.7044, 0.8978,
        0.9750, 0.9606, 0.9238, 0.9188, 0.9736, 0.9889, 0.9857, 0.9867, 0.9528,
        0.8179, 0.9333, 0.9889, 0.5556, 0.9583, 0.8867, 0.8444, 0.9208, 0.3611,
        0.5000, 0.9000, 0.9444, 0.5733, 0.9741, 1.0000, 0.9810, 0.9750, 0.9821,
        0.9583, 0.9500, 0.9580, 0.9333, 0.8333, 0.9500, 0.7556])
tensor([0.2167, 0.9931, 0.7613, 0.9533, 0.8152, 0.8667, 0.7867, 0.7489, 0.8867,
        0.9729, 0.9591, 0.9500, 0.9130, 0.9736, 0.9778, 0.9810, 0.9867, 0.9361,
        0.8385, 0.9333, 0.9889, 0.5667, 0.9333, 0.8867, 0.8556, 0.9146, 0.3167,
        0.5000, 0.9000, 0.9444, 0.5333, 0.9667, 1.0000, 0.9810, 0.9750, 0.9795,
        0.9417, 0.9667, 0.9609, 0.8000, 0.8444, 0.9500, 0.8000])
tensor([0.2667, 0.9917, 0.6987, 0.9467, 0.8212, 0.8492, 0.7667, 0.7178, 0.9111,
        0.9646, 0.9621, 0.9286, 0.9246, 0.9708, 0.9741, 0.9857, 0.9867, 0.9333,
        0.8231, 0.9167, 0.9889, 0.5667, 0.9417, 0.8867, 0.8556, 0.9187, 0.3500,
        0.5000, 0.9067, 0.9444, 0.5733, 0.9741, 1.0000, 0.9810, 0.9750, 0.9821,
        0.9500, 0.9500, 0.9580, 0.9111, 0.8444, 0.9833, 0.7889])
tensor([0.2500, 0.9944, 0.7413, 0.9644, 0.8288, 0.8524, 0.7867, 0.7533, 0.9111,
        0.9646, 0.9561, 0.9310, 0.9232, 0.9736, 0.9815, 0.9762, 0.9867, 0.9556,
        0.8231, 0.9333, 0.9889, 0.5778, 0.9333, 0.8667, 0.8556, 0.9208, 0.3722,
        0.5000, 0.9267, 0.9444, 0.5733, 0.9667, 1.0000, 0.9810, 0.9750, 0.9744,
        0.9583, 0.9500, 0.9580, 0.8000, 0.8333, 0.9833, 0.8000])
tensor([0.2833, 0.9944, 0.7547, 0.9467, 0.8015, 0.8508, 0.7800, 0.7511, 0.9111,
        0.9792, 0.9561, 0.9310, 0.9188, 0.9736, 0.9852, 0.9857, 0.9867, 0.9500,
        0.8256, 0.9167, 0.9889, 0.5556, 0.9333, 0.8667, 0.8556, 0.9208, 0.3611,
        0.5000, 0.9067, 0.9556, 0.5667, 0.9741, 1.0000, 0.9810, 0.9750, 0.9821,
        0.9500, 0.9500, 0.9609, 0.8000, 0.8333, 0.9167, 0.8111])
tensor([0.2667, 0.9944, 0.7960, 0.9533, 0.8258, 0.8508, 0.7800, 0.7511, 0.9111,
        0.9771, 0.9591, 0.9286, 0.9188, 0.9736, 0.9815, 0.9762, 0.9867, 0.9556,
        0.8436, 0.9333, 0.9889, 0.5778, 0.9250, 0.8800, 0.8556, 0.9167, 0.3222,
        0.5000, 0.9133, 0.9556, 0.4933, 0.9704, 1.0000, 0.9810, 0.9750, 0.9846,
        0.9500, 0.9500, 0.9594, 0.7333, 0.8444, 0.9500, 0.8000])
tensor([0.2667, 0.9931, 0.7573, 0.9578, 0.8318, 0.8603, 0.7867, 0.7689, 0.9000,
        0.9729, 0.9636, 0.9167, 0.9188, 0.9736, 0.9852, 0.9810, 0.9867, 0.9556,
        0.8179, 0.9333, 0.9889, 0.5556, 0.9417, 0.8867, 0.8667, 0.9208, 0.4111,
        0.5000, 0.9267, 0.9444, 0.5600, 0.9741, 1.0000, 0.9810, 0.9750, 0.9872,
        0.9417, 0.9500, 0.9609, 0.8444, 0.8444, 0.9667, 0.8222])
tensor([0.2667, 0.9917, 0.7787, 0.9667, 0.8197, 0.8508, 0.7933, 0.7422, 0.8822,
        0.9750, 0.9697, 0.9452, 0.9406, 0.9736, 0.9815, 0.9810, 0.9867, 0.9694,
        0.8410, 0.9667, 0.9889, 0.5778, 0.9333, 0.8867, 0.8556, 0.9208, 0.4056,
        0.5000, 0.9067, 0.9444, 0.5667, 0.9741, 1.0000, 0.9810, 0.9750, 0.9872,
        0.9417, 0.9500, 0.9609, 0.8889, 0.8222, 1.0000, 0.8222])
tensor([0.2500, 0.9917, 0.8040, 0.9756, 0.8212, 0.8556, 0.7867, 0.7822, 0.9044,
        0.9792, 0.9636, 0.9500, 0.9290, 0.9736, 0.9852, 0.9762, 0.9867, 0.9528,
        0.8359, 0.9333, 0.9889, 0.5556, 0.9417, 0.8867, 0.8556, 0.9208, 0.4611,
        0.5000, 0.9133, 0.9444, 0.5333, 0.9741, 1.0000, 0.9810, 0.9750, 0.9769,
        0.9417, 0.9667, 0.9609, 0.9222, 0.8333, 0.9667, 0.8222])
tensor([0.2667, 0.9931, 0.7747, 0.9556, 0.8273, 0.8619, 0.7933, 0.7711, 0.9178,
        0.9750, 0.9636, 0.9357, 0.9333, 0.9736, 0.9852, 0.9857, 0.9867, 0.9556,
        0.8308, 0.9333, 0.9889, 0.5556, 0.9417, 0.8800, 0.8556, 0.9187, 0.4333,
        0.5000, 0.9133, 0.9444, 0.5867, 0.9741, 1.0000, 0.9810, 0.9750, 0.9846,
        0.9417, 0.9667, 0.9609, 0.8333, 0.8333, 0.9500, 0.8222])
tensor([0.2667, 0.9931, 0.7960, 0.9644, 0.8318, 0.8667, 0.8000, 0.7889, 0.9178,
        0.9750, 0.9667, 0.9333, 0.9406, 0.9736, 0.9852, 0.9857, 0.9867, 0.9583,
        0.8205, 0.9333, 0.9889, 0.5556, 0.9417, 0.8867, 0.8667, 0.9208, 0.4611,
        0.5000, 0.9133, 0.9444, 0.6200, 0.9741, 1.0000, 0.9810, 0.9750, 0.9821,
        0.9500, 0.9667, 0.9594, 0.8556, 0.8444, 0.9667, 0.8333])
tensor([0.3000, 0.9931, 0.8133, 0.9311, 0.8379, 0.8667, 0.7933, 0.7644, 0.9089,
        0.9792, 0.9652, 0.9405, 0.9406, 0.9736, 0.9889, 0.9810, 0.9867, 0.9667,
        0.8282, 0.9333, 0.9889, 0.5556, 0.9583, 0.8867, 0.8667, 0.9208, 0.4556,
        0.5000, 0.9067, 0.9444, 0.5867, 0.9741, 1.0000, 0.9810, 0.9750, 0.9821,
        0.9500, 0.9667, 0.9580, 0.8333, 0.8444, 1.0000, 0.8444])
tensor([0.3000, 0.9917, 0.7773, 0.9711, 0.8348, 0.8683, 0.7800, 0.7933, 0.9244,
        0.9750, 0.9636, 0.9452, 0.9290, 0.9736, 0.9889, 0.9905, 0.9867, 0.9667,
        0.8385, 0.9333, 0.9889, 0.5556, 0.9500, 0.8867, 0.8556, 0.9187, 0.4722,
        0.5000, 0.9200, 0.9556, 0.6067, 0.9741, 1.0000, 0.9810, 0.9750, 0.9821,
        0.9500, 0.9500, 0.9594, 0.8667, 0.8444, 0.9500, 0.8444])
tensor([0.3000, 0.9931, 0.7973, 0.9578, 0.8227, 0.8714, 0.7800, 0.7778, 0.9156,
        0.9792, 0.9621, 0.9381, 0.9304, 0.9736, 0.9889, 0.9857, 0.9867, 0.9528,
        0.8308, 0.9500, 0.9889, 0.5556, 0.9500, 0.8867, 0.8556, 0.9187, 0.4778,
        0.5000, 0.9133, 0.9556, 0.6200, 0.9741, 1.0000, 0.9810, 0.9750, 0.9795,
        0.9583, 0.9667, 0.9594, 0.8667, 0.8444, 0.9500, 0.8444])
tensor([0.3000, 0.9931, 0.8227, 0.9511, 0.8303, 0.8698, 0.7800, 0.7711, 0.9133,
        0.9729, 0.9606, 0.9238, 0.9319, 0.9750, 0.9889, 0.9810, 0.9867, 0.9472,
        0.8308, 0.9167, 0.9889, 0.5556, 0.9417, 0.8733, 0.8556, 0.9187, 0.4611,
        0.5000, 0.9000, 0.9556, 0.6067, 0.9741, 1.0000, 0.9857, 0.9750, 0.9795,
        0.9417, 0.9667, 0.9638, 0.7667, 0.8333, 0.9333, 0.8444])
tensor([0.3000, 0.9931, 0.8240, 0.9733, 0.8258, 0.8683, 0.7933, 0.7822, 0.9044,
        0.9771, 0.9606, 0.9476, 0.9377, 0.9750, 0.9815, 0.9810, 0.9867, 0.9361,
        0.8282, 0.9333, 0.9889, 0.5556, 0.9500, 0.8933, 0.8556, 0.9208, 0.4667,
        0.5000, 0.9267, 0.9556, 0.5533, 0.9741, 1.0000, 0.9810, 0.9750, 0.9846,
        0.9583, 0.9500, 0.9580, 0.8111, 0.8222, 0.9667, 0.8444])
tensor([0.3500, 0.9903, 0.8187, 0.9667, 0.8455, 0.8714, 0.7800, 0.8000, 0.9289,
        0.9792, 0.9636, 0.9381, 0.9420, 0.9736, 0.9889, 0.9857, 0.9867, 0.9500,
        0.8282, 0.9333, 0.9889, 0.5556, 0.9500, 0.8867, 0.8556, 0.9208, 0.4667,
        0.5000, 0.9267, 0.9556, 0.5800, 0.9741, 1.0000, 0.9905, 0.9750, 0.9872,
        0.9500, 0.9667, 0.9594, 0.9222, 0.8444, 0.9500, 0.8222])
tensor([0.2833, 0.9917, 0.8267, 0.9711, 0.8258, 0.8730, 0.7867, 0.8000, 0.9178,
        0.9792, 0.9652, 0.9524, 0.9319, 0.9750, 0.9889, 0.9762, 0.9867, 0.9611,
        0.8128, 0.9333, 0.9889, 0.5778, 0.9583, 0.8867, 0.8556, 0.9187, 0.5444,
        0.5000, 0.9267, 0.9667, 0.5467, 0.9741, 1.0000, 0.9905, 0.9750, 0.9846,
        0.9583, 0.9500, 0.9565, 0.8444, 0.8444, 0.9667, 0.8444])
tensor([0.3167, 0.9917, 0.8347, 0.9622, 0.8409, 0.8714, 0.8000, 0.8356, 0.9267,
        0.9792, 0.9621, 0.9286, 0.9435, 0.9736, 0.9926, 0.9857, 0.9867, 0.9556,
        0.8282, 0.9000, 0.9889, 0.5778, 0.9500, 0.8933, 0.8556, 0.9208, 0.4889,
        0.5000, 0.9267, 0.9667, 0.6533, 0.9741, 1.0000, 0.9857, 0.9750, 0.9897,
        0.9500, 0.9667, 0.9594, 0.9000, 0.8444, 0.9667, 0.8444])
tensor([0.3333, 0.9917, 0.8000, 0.9644, 0.8409, 0.8714, 0.7867, 0.8267, 0.9378,
        0.9771, 0.9697, 0.9310, 0.9435, 0.9736, 0.9889, 0.9810, 0.9933, 0.9694,
        0.8231, 0.9667, 0.9889, 0.5778, 0.9417, 0.8933, 0.8556, 0.9208, 0.5111,
        0.5000, 0.9267, 0.9667, 0.5933, 0.9741, 1.0000, 0.9810, 0.9750, 0.9897,
        0.9583, 0.9667, 0.9580, 0.9222, 0.8556, 0.9667, 0.8444])
tensor([0.3667, 0.9917, 0.8080, 0.9689, 0.8439, 0.8698, 0.7733, 0.8200, 0.9356,
        0.9833, 0.9667, 0.9333, 0.9362, 0.9764, 0.9963, 0.9857, 0.9867, 0.9444,
        0.8359, 0.9500, 0.9889, 0.5556, 0.9583, 0.9000, 0.8556, 0.9187, 0.5167,
        0.5000, 0.9267, 0.9667, 0.5933, 0.9741, 1.0000, 0.9857, 0.9750, 0.9846,
        0.9500, 0.9500, 0.9580, 0.8111, 0.8444, 0.9500, 0.8444])
tensor([0.3167, 0.9917, 0.8520, 0.9467, 0.8455, 0.8825, 0.7733, 0.8267, 0.9356,
        0.9792, 0.9697, 0.9429, 0.9493, 0.9736, 0.9889, 0.9810, 0.9867, 0.9500,
        0.8179, 0.9333, 0.9889, 0.5778, 0.9583, 0.8867, 0.8667, 0.9208, 0.5611,
        0.5000, 0.9133, 0.9667, 0.6267, 0.9741, 1.0000, 0.9810, 0.9750, 0.9872,
        0.9417, 0.9500, 0.9623, 0.8889, 0.8333, 0.9667, 0.8556])
tensor([0.3500, 0.9931, 0.8653, 0.9600, 0.8652, 0.8714, 0.7867, 0.8444, 0.9378,
        0.9771, 0.9621, 0.9548, 0.9478, 0.9736, 0.9889, 0.9857, 0.9933, 0.9222,
        0.8256, 0.9167, 0.9889, 0.5444, 0.9583, 0.8867, 0.8667, 0.9187, 0.4944,
        0.5000, 0.9267, 0.9667, 0.6067, 0.9741, 1.0000, 0.9810, 0.9750, 0.9897,
        0.9417, 0.9500, 0.9623, 0.8889, 0.8333, 0.9500, 0.8556])
tensor([0.3333, 0.9944, 0.8280, 0.9689, 0.8364, 0.8746, 0.7800, 0.8267, 0.9289,
        0.9812, 0.9682, 0.9476, 0.9536, 0.9736, 0.9963, 0.9857, 0.9867, 0.9500,
        0.8179, 0.9500, 0.9889, 0.5556, 0.9583, 0.9000, 0.8556, 0.9187, 0.5500,
        0.5000, 0.9267, 0.9667, 0.6200, 0.9741, 1.0000, 0.9810, 0.9750, 0.9897,
        0.9417, 0.9500, 0.9623, 0.8444, 0.8333, 0.9667, 0.8667])
tensor([0.3333, 0.9931, 0.8547, 0.9467, 0.8364, 0.8825, 0.8067, 0.8222, 0.9267,
        0.9708, 0.9667, 0.9571, 0.9478, 0.9736, 0.9889, 0.9857, 0.9933, 0.9750,
        0.8333, 0.9333, 0.9889, 0.5556, 0.9583, 0.8933, 0.8667, 0.9187, 0.5222,
        0.5000, 0.9133, 0.9667, 0.5800, 0.9741, 1.0000, 0.9857, 0.9750, 0.9872,
        0.9417, 0.9500, 0.9623, 0.8556, 0.8333, 0.9833, 0.8556])
tensor([0.3500, 0.9917, 0.8413, 0.9533, 0.8606, 0.8794, 0.7867, 0.8311, 0.9356,
        0.9792, 0.9652, 0.9405, 0.9464, 0.9750, 0.9852, 0.9857, 0.9933, 0.9500,
        0.8256, 0.9500, 0.9889, 0.5556, 0.9583, 0.9000, 0.8556, 0.9187, 0.5222,
        0.5000, 0.9267, 0.9667, 0.6067, 0.9778, 1.0000, 0.9857, 0.9750, 0.9897,
        0.9583, 0.9500, 0.9638, 0.9556, 0.8333, 0.9500, 0.8444])
tensor([0.3833, 0.9917, 0.8600, 0.9689, 0.8788, 0.8714, 0.7800, 0.8378, 0.9356,
        0.9875, 0.9652, 0.9286, 0.9507, 0.9750, 0.9963, 0.9857, 0.9933, 0.9694,
        0.8359, 0.9667, 0.9778, 0.5778, 0.9583, 0.9000, 0.8556, 0.9187, 0.5167,
        0.5000, 0.9267, 0.9667, 0.5933, 0.9741, 1.0000, 0.9857, 0.9750, 0.9872,
        0.9417, 0.9500, 0.9638, 0.8889, 0.8333, 0.9667, 0.8667])
tensor([0.4333, 0.9917, 0.8493, 0.9711, 0.8727, 0.8746, 0.7800, 0.8511, 0.9378,
        0.9771, 0.9621, 0.9429, 0.9478, 0.9736, 0.9963, 0.9857, 0.9933, 0.9500,
        0.8385, 0.9833, 1.0000, 0.5778, 0.9583, 0.8867, 0.8556, 0.9187, 0.5056,
        0.5000, 0.9267, 0.9667, 0.6133, 0.9741, 1.0000, 0.9810, 0.9750, 0.9872,
        0.9417, 0.9500, 0.9638, 0.8889, 0.8333, 0.9500, 0.8556])
tensor([0.3500, 0.9917, 0.8533, 0.9711, 0.8667, 0.8746, 0.7933, 0.8200, 0.9333,
        0.9771, 0.9652, 0.9429, 0.9449, 0.9736, 0.9963, 0.9857, 0.9933, 0.9528,
        0.8282, 0.9500, 0.9889, 0.5556, 0.9583, 0.8933, 0.8556, 0.9187, 0.5056,
        0.5000, 0.9267, 0.9667, 0.6533, 0.9741, 1.0000, 0.9810, 0.9750, 0.9872,
        0.9583, 0.9500, 0.9638, 0.8889, 0.8222, 0.9500, 0.8444])
tensor([0.3500, 0.9931, 0.8653, 0.9667, 0.8455, 0.8746, 0.8000, 0.8444, 0.9400,
        0.9812, 0.9727, 0.9690, 0.9493, 0.9736, 0.9963, 0.9857, 0.9933, 0.9583,
        0.8179, 0.9500, 0.9889, 0.5556, 0.9667, 0.9067, 0.8556, 0.9187, 0.5556,
        0.5000, 0.9267, 0.9667, 0.6800, 0.9778, 1.0000, 0.9810, 0.9750, 0.9897,
        0.9417, 0.9667, 0.9623, 0.8778, 0.8333, 0.9667, 0.8556])
