#dataset: trafficsign
#way backdoor looks like: green_squares
#merge strategy: aggregation
#learning rate: 0.0001
#number of benign sources: 2
#number of malicious sources: 0
#batch size: 512
#distribution of data: equally distributed subset
#percentage of poisoned data in backdoored nodes: 1.0
#order of time backdoors being inserted: no
#model replacement: False
#starttime: 185926
training_type;epoch_number;learn_rate;avg_training_loss;avg_test_loss;test_accuracy;timestamp
normal;1;0.0001;3.561409991038473;3.434056515365202;9.239904988123515;190102
normal;2;0.0001;3.327732083044554;3.075945421522417;21.06096595407759;190256
normal;3;0.0001;2.3593158925834454;2.006922092271625;40.490894695170226;190450
normal;4;0.0001;1.5834840504746688;1.5180677086232865;53.07205067300079;190644
normal;5;0.0001;1.1111925189432346;1.1411482918951499;66.93586698337292;190838
normal;6;0.0001;0.7999098418574584;0.9198465246108442;75.6848772763262;191032
normal;7;0.0001;0.603977638247766;0.784709502134829;80.6571654790182;191226
normal;8;0.0001;0.47880141201772186;0.6938454353894304;83.9667458432304;191419
normal;9;0.0001;0.3880164282102334;0.630938762081868;85.82739509105305;191613
normal;10;0.0001;0.3267280563319984;0.5820261601125637;87.30007917656374;191807
normal;11;0.0001;0.27650269650314985;0.5399199835383882;88.39271575613618;192001
normal;12;0.0001;0.2393019124865532;0.5036222876203692;89.35866983372921;192156
normal;13;0.0001;0.20953352053306604;0.4776659585706601;90.06334125098971;192350
normal;14;0.0001;0.1856687281672892;0.451654902659799;90.59382422802851;192544
normal;15;0.0001;0.16506319777353815;0.43257306990695205;91.06096595407759;192738
normal;16;0.0001;0.14937702880093925;0.4129682056127988;91.48851939825812;192932
normal;17;0.0001;0.13088635943437876;0.4020649424452491;91.70229612034838;193126
normal;18;0.0001;0.12047588001740606;0.3829092584520885;92.02692003167063;193320
normal;19;0.0001;0.11211508816402209;0.36981996942491446;92.17735550277118;193514
normal;20;0.0001;0.10414436361507366;0.36263448952307137;92.39904988123516;193708
normal;21;0.0001;0.09131446843476672;0.3503950666456306;92.6682501979414;193903
normal;22;0.0001;0.08634265899462135;0.3470633952275969;92.8424386381631;194057
normal;23;0.0001;0.08239796919454086;0.33375411671678507;92.97703879651623;194251
normal;24;0.0001;0.07554225037854753;0.3326780236909433;93.04829770387965;194445
normal;25;0.0001;0.07130087738072402;0.32568244911429434;93.23040380047506;194639
normal;26;0.0001;0.06599721118905827;0.3238207305128954;93.18289786223278;194833
normal;27;0.0001;0.06174854556784818;0.32494490609127474;93.33333333333333;195027
normal;28;0.0001;0.05938131293576015;0.31953758540270544;93.43626286619161;195222
normal;29;0.0001;0.054067573314042466;0.3142096041122884;93.5471100554236;195416
normal;30;0.0001;0.050273740639616;0.31692329189273355;93.38083927157561;195610
normal;31;0.0001;0.048894500359892845;0.3154125165297508;93.4916864608076;195804
normal;32;0.0001;0.04610666391243668;0.31032247271503804;93.65795724465558;200001
normal;33;0.0001;0.04312428821025318;0.31550901470350445;93.74505146476643;200231
normal;34;0.0001;0.04209012630101489;0.30683925202793294;93.93507521773554;200452
normal;35;0.0001;0.0397062527604009;0.30272945281728714;93.93507521773554;200651
normal;36;0.0001;0.036141635776546444;0.31148069982762766;93.840063341251;200857
normal;37;0.0001;0.03429652439234288;0.30618010405406815;94.0221694378464;201112
normal;38;0.0001;0.035013454672145214;0.2979125429879836;94.13301662707839;201309
normal;39;0.0001;0.030965108485696346;0.30455264675173604;94.05384006334126;201557
normal;40;0.0001;0.032095364736098995;0.3053384512828063;94.10926365795724;201827
normal;41;0.0001;0.028667988335272593;0.31032856686758975;93.98258115597783;202027
normal;42;0.0001;0.02903530275522682;0.29823841150092023;94.09342834520982;202230
normal;43;0.0001;0.028514376872121112;0.29684934963428683;94.2042755344418;202429
normal;44;0.0001;0.02607754852598239;0.2993190292319134;94.30720506730007;202628
normal;45;0.0001;0.025193634565527503;0.29673740563653145;94.44180522565321;202826
normal;46;0.0001;0.02237577399998707;0.3048326759232667;94.22011084718923;203024
normal;47;0.0001;0.02209116390746969;0.3008787798107567;94.3151227236738;203222
normal;48;0.0001;0.021917654207515482;0.3008320377256223;94.3784639746635;203420
normal;49;0.0001;0.021642420750331917;0.30242897137138264;94.40221694378464;203617
normal;50;0.0001;0.01985344147358678;0.3136875359859149;94.1409342834521;203815
normal;51;0.0001;0.01834618056340045;0.29791680265775483;94.52098178939033;204013
normal;52;0.0001;0.01736707565999639;0.29802315973235044;94.4972288202692;204212
normal;53;0.0001;0.017272139887178416;0.2994104618320178;94.65558194774347;204409
normal;54;0.0001;0.015839321217132045;0.2972169325262992;94.71892319873318;204607
normal;55;0.0001;0.016032597203248816;0.2939123224664659;94.86144101346001;204804
normal;56;0.0001;0.016167115009585887;0.3061245913365863;94.41805225653206;205002
normal;57;0.0001;0.014500639975793954;0.3073562207527795;94.63974663499604;205200
normal;58;0.0001;0.013489149268839117;0.30371948489100803;94.70308788598575;205357
normal;59;0.0001;0.013152133042335902;0.29888735723608745;94.96437054631829;205555
normal;60;0.0001;0.013228970005385284;0.31956337225031306;94.64766429136975;205753
normal;61;0.0001;0.01303751092851407;0.3073998666810121;94.65558194774347;205950
normal;62;0.0001;0.012111062160999464;0.30844680060494634;94.89311163895486;210148
normal;63;0.0001;0.011022878293021532;0.3096939224339815;94.90894695170229;210401
normal;64;0.0001;0.01057765947189182;0.3166072555505748;94.89311163895486;210633
normal;65;0.0001;0.009937905346496814;0.3110065236321915;95.09105304829771;210850
normal;66;0.0001;0.009436452431193749;0.3179141848406335;95.05938242280286;211106
normal;67;0.0001;0.010904254115303047;0.3155542274740888;94.86935866983373;211317
normal;68;0.0001;0.008154724618897921;0.30891391102133153;95.1464766429137;211522
normal;69;0.0001;0.008580447546065491;0.30556393598434195;95.17022961203483;211725
normal;70;0.0001;0.008602888754562867;0.33242195564324384;94.6714172604909;211923
normal;71;0.0001;0.008142822638834141;0.3190500259399414;95.07521773555028;212122
normal;72;0.0001;0.007829663524477693;0.32181205035954924;95.05146476642913;212334
normal;73;0.0001;0.007603261697161207;0.31557977048537134;95.15439429928742;212554
normal;74;0.0001;0.0077508408338824095;0.31712374609798455;95.18606492478226;212806
normal;75;0.0001;0.006492220040710986;0.31861373851531477;95.16231195566112;213032
normal;76;0.0001;0.007995159568197682;0.3331745458800738;95.05146476642913;213301
normal;77;0.0001;0.007153730471097668;0.31887905363609936;95.25732383214569;213459
normal;78;0.0001;0.007486764494770844;0.3214722702829779;95.28899445764054;213658
normal;79;0.0001;0.006084935256359658;0.32030451050469166;95.3840063341251;213855
normal;80;0.0001;0.005691454122394421;0.32928596564162277;95.13855898653999;214053
normal;81;0.0001;0.00589130939931094;0.3202743859396789;95.30482977038797;214251
normal;82;0.0001;0.006406617590982933;0.3323309335836983;95.09897070467142;214448
normal;83;0.0001;0.005364268449882634;0.3396502920303284;95.15439429928742;214646
normal;84;0.0001;0.0062398960803157506;0.3368351557475654;95.027711797308;214843
normal;85;0.0001;0.005293483371420543;0.3234062289210038;95.17814726840855;215041
normal;86;0.0001;0.0054335499122604046;0.3263106736510119;95.31274742676167;215238
normal;87;0.0001;0.004439971197203512;0.3382089217126322;95.2652414885194;215436
normal;88;0.0001;0.00510892537836059;0.3367310032236699;95.47110055423595;215634
normal;89;0.0001;0.004386991298815701;0.3345993918270132;95.3840063341251;215835
normal;90;0.0001;0.004349318557375993;0.331996497443434;95.43942992874109;220040
normal;91;0.0001;0.004242544101496031;0.3463787074326903;95.27315914489311;220241
normal;92;0.0001;0.005089707263227626;0.3401933966604189;95.22565320665083;220440
normal;93;0.0001;0.0034492399250953703;0.341194387984861;95.41567695961996;220643
normal;94;0.0001;0.003763228680710247;0.3348355446178953;95.52652414885193;220842
normal;95;0.0001;0.00421902467113748;0.3511626385925124;95.2652414885194;221040
normal;96;0.0001;0.0028124904356924448;0.33495573134811174;95.3206650831354;221239
normal;97;0.0001;0.005586638029949666;0.35144527067953124;95.37608867775138;221437
normal;98;0.0001;0.0045344127063703795;0.3525397550276321;95.09897070467142;221635
normal;99;0.0001;0.003994816965898376;0.33365926897346454;95.36025336500396;221833
normal;100;0.0001;0.003386462686505279;0.3464159308401064;95.34441805225653;222031
