tensor([0.0000, 0.0014, 0.9840, 0.0000, 0.0000, 0.0000, 0.0000, 0.0000, 0.0000,
        0.0000, 0.0000, 0.0000, 0.0000, 0.0000, 0.0000, 0.0000, 0.0000, 0.0000,
        0.0000, 0.0000, 0.0000, 0.0000, 0.0000, 0.0000, 0.0000, 0.0000, 0.0000,
        0.0000, 0.0000, 0.0000, 0.0000, 0.0000, 0.0000, 0.0000, 0.0000, 0.0000,
        0.0000, 0.0000, 0.0000, 0.0000, 0.0000, 0.0000, 0.0000])
tensor([0.0000, 0.0000, 0.0000, 0.0000, 0.0000, 0.0000, 0.0000, 0.0000, 0.0000,
        0.0000, 0.9773, 0.0000, 0.0000, 0.2472, 0.0000, 0.0000, 0.0000, 0.0000,
        0.0000, 0.0000, 0.0000, 0.0000, 0.0000, 0.0000, 0.0000, 0.0000, 0.0000,
        0.0000, 0.0000, 0.0000, 0.0000, 0.0000, 0.0000, 0.0000, 0.0000, 0.0000,
        0.0000, 0.0000, 0.0000, 0.0000, 0.0000, 0.0000, 0.0000])
tensor([0., 0., 1., 0., 0., 0., 0., 0., 0., 0., 0., 0., 0., 0., 0., 0., 0., 0.,
        0., 0., 0., 0., 0., 0., 0., 0., 0., 0., 0., 0., 0., 0., 0., 0., 0., 0.,
        0., 0., 0., 0., 0., 0., 0.])
tensor([0., 0., 0., 0., 0., 0., 0., 0., 0., 0., 0., 0., 0., 1., 0., 0., 0., 0.,
        0., 0., 0., 0., 0., 0., 0., 0., 0., 0., 0., 0., 0., 0., 0., 0., 0., 0.,
        0., 0., 0., 0., 0., 0., 0.])
tensor([0.0000, 0.4792, 0.2253, 0.0000, 0.0000, 0.0000, 0.0000, 0.0000, 0.0000,
        0.0000, 0.8242, 0.0000, 0.0000, 0.0000, 0.0000, 0.0000, 0.0000, 0.0000,
        0.0000, 0.0000, 0.0000, 0.0000, 0.0000, 0.0000, 0.0000, 0.0000, 0.0000,
        0.0000, 0.0000, 0.0000, 0.0000, 0.0000, 0.0000, 0.0000, 0.0000, 0.0000,
        0.0000, 0.0000, 0.0000, 0.0000, 0.0000, 0.0000, 0.0000])
tensor([0.0000, 0.4028, 0.1587, 0.0000, 0.0182, 0.0000, 0.0000, 0.0000, 0.0000,
        0.0000, 0.8848, 0.0000, 0.0159, 0.0000, 0.0000, 0.0000, 0.0000, 0.0000,
        0.0000, 0.0000, 0.0000, 0.0000, 0.0000, 0.0000, 0.0000, 0.0000, 0.0000,
        0.0000, 0.0000, 0.0000, 0.0000, 0.0000, 0.0000, 0.0000, 0.0000, 0.0000,
        0.0000, 0.0000, 0.0000, 0.0000, 0.0000, 0.0000, 0.0000])
tensor([0.0000, 0.6069, 0.1160, 0.0000, 0.0758, 0.0000, 0.0000, 0.0000, 0.0000,
        0.0000, 0.8212, 0.0000, 0.0000, 0.1042, 0.0000, 0.0000, 0.0000, 0.0000,
        0.0000, 0.0000, 0.0000, 0.0000, 0.0000, 0.0000, 0.0000, 0.0000, 0.0000,
        0.0000, 0.0000, 0.0000, 0.0000, 0.0000, 0.0000, 0.0000, 0.0000, 0.0000,
        0.0000, 0.0000, 0.0000, 0.0000, 0.0000, 0.0000, 0.0000])
tensor([0.0000, 0.6111, 0.1093, 0.0000, 0.0348, 0.0000, 0.0000, 0.0000, 0.0000,
        0.0000, 0.8152, 0.0000, 0.2058, 0.0306, 0.0519, 0.0000, 0.0000, 0.1528,
        0.0000, 0.0000, 0.0000, 0.0000, 0.0000, 0.0000, 0.0000, 0.0000, 0.0000,
        0.0000, 0.0000, 0.0000, 0.0000, 0.0000, 0.0000, 0.0000, 0.0000, 0.0000,
        0.0000, 0.0000, 0.4580, 0.0000, 0.0000, 0.0000, 0.0000])
tensor([0.0000, 0.0333, 0.6693, 0.0000, 0.0273, 0.0349, 0.0000, 0.0000, 0.0000,
        0.0000, 0.7348, 0.0000, 0.6261, 0.4250, 0.0667, 0.0000, 0.0000, 0.6500,
        0.0000, 0.0000, 0.0000, 0.0000, 0.0000, 0.0000, 0.0000, 0.0021, 0.0000,
        0.0000, 0.0000, 0.0000, 0.0000, 0.0000, 0.0000, 0.0000, 0.0000, 0.0000,
        0.0000, 0.0000, 0.8304, 0.0000, 0.0000, 0.0000, 0.0000])
tensor([0.0000, 0.2333, 0.4013, 0.0067, 0.4061, 0.0016, 0.0000, 0.0000, 0.0022,
        0.0125, 0.5576, 0.0929, 0.7304, 0.7181, 0.1333, 0.0000, 0.0000, 0.9028,
        0.1256, 0.0000, 0.0000, 0.0000, 0.0000, 0.0000, 0.0000, 0.0021, 0.0000,
        0.0000, 0.0000, 0.0111, 0.0000, 0.0000, 0.0000, 0.0000, 0.0000, 0.0000,
        0.0000, 0.0000, 0.9072, 0.0000, 0.0000, 0.0000, 0.0000])
tensor([0.0000, 0.1889, 0.4133, 0.0089, 0.2273, 0.1397, 0.0000, 0.0000, 0.0222,
        0.1562, 0.6000, 0.2690, 0.7870, 0.8153, 0.1889, 0.0000, 0.0000, 0.8583,
        0.5308, 0.0000, 0.0000, 0.0000, 0.0000, 0.0000, 0.0000, 0.0417, 0.0000,
        0.0000, 0.0000, 0.0000, 0.0000, 0.0000, 0.0000, 0.0000, 0.0000, 0.0000,
        0.0000, 0.0000, 0.8971, 0.0000, 0.0000, 0.0000, 0.0000])
tensor([0.0000, 0.2708, 0.3560, 0.0489, 0.2712, 0.1048, 0.1867, 0.0000, 0.1022,
        0.1833, 0.7439, 0.6238, 0.7899, 0.8569, 0.3778, 0.0190, 0.0000, 0.7861,
        0.5923, 0.0000, 0.0000, 0.0000, 0.0000, 0.0000, 0.0000, 0.1729, 0.0000,
        0.0000, 0.0000, 0.0000, 0.0000, 0.0000, 0.0000, 0.0000, 0.0000, 0.0205,
        0.0000, 0.0000, 0.8768, 0.0000, 0.0000, 0.0000, 0.0000])
tensor([0.0000, 0.3264, 0.3493, 0.0600, 0.2576, 0.0667, 0.2733, 0.0000, 0.1711,
        0.2229, 0.8030, 0.6667, 0.7928, 0.8917, 0.4519, 0.0000, 0.0000, 0.7861,
        0.5872, 0.0000, 0.0000, 0.0000, 0.0083, 0.0000, 0.0000, 0.2833, 0.0000,
        0.0000, 0.0000, 0.0000, 0.0000, 0.0000, 0.0000, 0.0000, 0.0000, 0.3410,
        0.0000, 0.0000, 0.8304, 0.0000, 0.0000, 0.0000, 0.0000])
tensor([0.0000, 0.3639, 0.3320, 0.0689, 0.2500, 0.0730, 0.2400, 0.0000, 0.1844,
        0.3375, 0.8470, 0.6881, 0.8043, 0.9028, 0.6111, 0.0667, 0.0000, 0.7333,
        0.5769, 0.0000, 0.0000, 0.0000, 0.0083, 0.0000, 0.0000, 0.4333, 0.0000,
        0.0000, 0.0000, 0.0000, 0.0000, 0.0000, 0.0000, 0.0000, 0.0000, 0.2974,
        0.0000, 0.0000, 0.8652, 0.0000, 0.0000, 0.0000, 0.0000])
tensor([0.0000, 0.3319, 0.3600, 0.0978, 0.2212, 0.0905, 0.3200, 0.0000, 0.2089,
        0.4125, 0.8667, 0.6952, 0.8101, 0.9097, 0.5481, 0.2095, 0.0000, 0.7972,
        0.5897, 0.0000, 0.0000, 0.0000, 0.0500, 0.0000, 0.0000, 0.4667, 0.0000,
        0.0000, 0.0000, 0.0000, 0.0000, 0.0000, 0.0000, 0.0000, 0.0000, 0.4385,
        0.0000, 0.0000, 0.8420, 0.0000, 0.0000, 0.0000, 0.0000])
tensor([0.0000, 0.3681, 0.3093, 0.1267, 0.2879, 0.0937, 0.3667, 0.0000, 0.2111,
        0.5188, 0.8576, 0.7310, 0.8188, 0.9264, 0.6333, 0.2524, 0.0000, 0.7944,
        0.6128, 0.0000, 0.0000, 0.0000, 0.1750, 0.0000, 0.0000, 0.4771, 0.0000,
        0.0000, 0.0000, 0.0000, 0.0000, 0.0074, 0.0000, 0.0000, 0.0000, 0.4641,
        0.0000, 0.0000, 0.8667, 0.0000, 0.0000, 0.0000, 0.0000])
tensor([0.0000, 0.3903, 0.3107, 0.1400, 0.3227, 0.1746, 0.3933, 0.0000, 0.1556,
        0.6187, 0.8773, 0.7548, 0.8130, 0.9306, 0.6556, 0.3476, 0.1600, 0.8111,
        0.6077, 0.0000, 0.0000, 0.0000, 0.3583, 0.0000, 0.0000, 0.5167, 0.0444,
        0.0000, 0.0000, 0.0000, 0.0000, 0.0963, 0.0000, 0.0619, 0.0000, 0.4769,
        0.0000, 0.0000, 0.8870, 0.3667, 0.0000, 0.1667, 0.0000])
tensor([0.0000, 0.4917, 0.2240, 0.1689, 0.3697, 0.2571, 0.4400, 0.0556, 0.1089,
        0.6917, 0.8727, 0.7548, 0.8232, 0.9361, 0.6815, 0.4524, 0.6067, 0.8444,
        0.6000, 0.0000, 0.0000, 0.0000, 0.5417, 0.0000, 0.0000, 0.5375, 0.1278,
        0.0000, 0.0200, 0.0000, 0.0000, 0.2556, 0.0500, 0.4762, 0.0000, 0.5026,
        0.0000, 0.0000, 0.8942, 0.6667, 0.0000, 0.3333, 0.0333])
tensor([0.0000, 0.4972, 0.1840, 0.2244, 0.4394, 0.3127, 0.4667, 0.1711, 0.1111,
        0.7208, 0.8712, 0.7405, 0.8145, 0.9403, 0.7704, 0.5190, 0.6867, 0.8444,
        0.6077, 0.0000, 0.0000, 0.0000, 0.6250, 0.0000, 0.0000, 0.5958, 0.3056,
        0.0000, 0.1467, 0.0222, 0.0067, 0.4074, 0.2833, 0.7476, 0.0000, 0.5487,
        0.0000, 0.0000, 0.8957, 0.6667, 0.0667, 0.6333, 0.0444])
tensor([0.0000, 0.6181, 0.1307, 0.3622, 0.4485, 0.3222, 0.5200, 0.2622, 0.1733,
        0.7500, 0.8803, 0.7381, 0.8304, 0.9500, 0.8444, 0.6095, 0.7333, 0.8889,
        0.6308, 0.0000, 0.0000, 0.0333, 0.6417, 0.0067, 0.0000, 0.6292, 0.4500,
        0.0000, 0.2600, 0.0556, 0.0533, 0.6148, 0.4667, 0.8810, 0.3500, 0.6256,
        0.0000, 0.0000, 0.8841, 0.6667, 0.2000, 0.7333, 0.0889])
tensor([0.0000, 0.5653, 0.1867, 0.4644, 0.4909, 0.4238, 0.5333, 0.3356, 0.1889,
        0.7750, 0.8788, 0.7357, 0.8290, 0.9486, 0.8778, 0.6000, 0.7667, 0.8972,
        0.6718, 0.0000, 0.0000, 0.0333, 0.6417, 0.0133, 0.0000, 0.7000, 0.4222,
        0.0000, 0.3933, 0.0556, 0.0667, 0.6259, 0.5000, 0.8714, 0.7000, 0.7103,
        0.0000, 0.0000, 0.8957, 0.6667, 0.4889, 0.7333, 0.1444])
tensor([0.0000, 0.5611, 0.2253, 0.4911, 0.5545, 0.5000, 0.5400, 0.3867, 0.2244,
        0.7917, 0.8773, 0.7405, 0.8217, 0.9431, 0.9111, 0.5762, 0.8067, 0.9056,
        0.6872, 0.0000, 0.0000, 0.0222, 0.7167, 0.0600, 0.0000, 0.7312, 0.4444,
        0.0333, 0.4333, 0.0444, 0.0933, 0.6259, 0.6000, 0.9095, 0.8000, 0.8154,
        0.0500, 0.0167, 0.9304, 0.6556, 0.5556, 0.6667, 0.1444])
tensor([0.0000, 0.5944, 0.2320, 0.5578, 0.5924, 0.5714, 0.5200, 0.3844, 0.2956,
        0.7917, 0.8742, 0.7476, 0.8232, 0.9417, 0.9148, 0.6857, 0.8467, 0.9139,
        0.6949, 0.0000, 0.0000, 0.0111, 0.8417, 0.1333, 0.0000, 0.7833, 0.4111,
        0.2500, 0.4733, 0.1222, 0.1267, 0.7148, 0.6500, 0.9190, 0.9417, 0.8051,
        0.4250, 0.3833, 0.9275, 0.6889, 0.6444, 0.6333, 0.2333])
tensor([0.0000, 0.6056, 0.2507, 0.6089, 0.7333, 0.5841, 0.6000, 0.4022, 0.2822,
        0.8271, 0.8788, 0.7500, 0.8217, 0.9431, 0.9296, 0.7619, 0.8667, 0.9222,
        0.7026, 0.0000, 0.0111, 0.0111, 0.8917, 0.1267, 0.0222, 0.8250, 0.4056,
        0.2500, 0.5067, 0.1667, 0.1667, 0.7333, 0.6667, 0.9190, 0.9333, 0.8282,
        0.6417, 0.6333, 0.9275, 0.7444, 0.6556, 0.6333, 0.3444])
tensor([0.0000, 0.6069, 0.2787, 0.6400, 0.7833, 0.6254, 0.6600, 0.3911, 0.2911,
        0.8354, 0.8879, 0.7571, 0.8188, 0.9431, 0.9407, 0.7905, 0.8800, 0.9278,
        0.7026, 0.0000, 0.0111, 0.0222, 0.9083, 0.2000, 0.0333, 0.8292, 0.3833,
        0.2333, 0.5333, 0.2222, 0.1533, 0.7519, 0.7167, 0.9095, 0.9333, 0.8385,
        0.6750, 0.7167, 0.9319, 0.7444, 0.6222, 0.6667, 0.4000])
tensor([0.0000, 0.6292, 0.3147, 0.7267, 0.7970, 0.6714, 0.6600, 0.4044, 0.3156,
        0.8333, 0.8909, 0.7595, 0.8261, 0.9444, 0.9704, 0.8286, 0.8867, 0.9306,
        0.6897, 0.0000, 0.0333, 0.0111, 0.9250, 0.3133, 0.0667, 0.8417, 0.4444,
        0.2333, 0.5200, 0.2111, 0.1667, 0.7667, 0.6833, 0.9048, 0.9500, 0.8513,
        0.6750, 0.7833, 0.9290, 0.7222, 0.6444, 0.6500, 0.5222])
tensor([0.0000, 0.6528, 0.3213, 0.7200, 0.8197, 0.6984, 0.6467, 0.4089, 0.3111,
        0.8729, 0.8939, 0.7690, 0.8174, 0.9472, 0.9778, 0.9095, 0.8933, 0.9500,
        0.6718, 0.0333, 0.0333, 0.0111, 0.9417, 0.3400, 0.0778, 0.8604, 0.4556,
        0.2333, 0.5667, 0.2778, 0.1800, 0.7370, 0.7000, 0.9048, 0.9667, 0.8667,
        0.6750, 0.8500, 0.9391, 0.7222, 0.6667, 0.6667, 0.6556])
tensor([0.0000, 0.6861, 0.3480, 0.7800, 0.8288, 0.7127, 0.6333, 0.4422, 0.3311,
        0.9000, 0.9015, 0.7619, 0.8348, 0.9472, 0.9852, 0.9619, 0.9067, 0.9472,
        0.6667, 0.0500, 0.0222, 0.1222, 0.9417, 0.4200, 0.1556, 0.8687, 0.4667,
        0.2333, 0.5867, 0.3111, 0.2200, 0.7444, 0.8500, 0.9048, 0.9917, 0.8667,
        0.6917, 0.8667, 0.9464, 0.7111, 0.6667, 0.7000, 0.7111])
tensor([0.0000, 0.6778, 0.4187, 0.7578, 0.8485, 0.7222, 0.6400, 0.4578, 0.3044,
        0.9250, 0.9212, 0.7595, 0.8377, 0.9528, 0.9889, 0.9619, 0.9200, 0.9500,
        0.6769, 0.0833, 0.0333, 0.1778, 0.9500, 0.4400, 0.2556, 0.8813, 0.4444,
        0.2333, 0.6000, 0.3667, 0.2067, 0.7593, 0.8500, 0.9190, 0.9750, 0.8821,
        0.7000, 0.8667, 0.9464, 0.6444, 0.6556, 0.5833, 0.7778])
tensor([0.0000, 0.7208, 0.4707, 0.8044, 0.8439, 0.7270, 0.6667, 0.4911, 0.3667,
        0.9312, 0.9242, 0.7762, 0.8391, 0.9528, 0.9889, 0.9571, 0.9267, 0.9639,
        0.6974, 0.1000, 0.0444, 0.1556, 0.9500, 0.4667, 0.3111, 0.8687, 0.4389,
        0.2500, 0.6000, 0.3556, 0.2733, 0.7778, 0.7667, 0.9238, 0.9750, 0.8821,
        0.7083, 0.8667, 0.9565, 0.6444, 0.6444, 0.6667, 0.8556])
tensor([0.0000, 0.7181, 0.5347, 0.7978, 0.8439, 0.7556, 0.6600, 0.5200, 0.4444,
        0.9604, 0.9197, 0.7786, 0.8623, 0.9528, 0.9852, 0.9476, 0.9400, 0.9667,
        0.6897, 0.1000, 0.0778, 0.1778, 0.9667, 0.5467, 0.3556, 0.8771, 0.4889,
        0.2333, 0.5800, 0.3556, 0.2800, 0.7667, 0.9000, 0.9048, 0.9917, 0.8872,
        0.7083, 0.9000, 0.9551, 0.7444, 0.6333, 0.7333, 0.8556])
tensor([0.0167, 0.7361, 0.5933, 0.8511, 0.8424, 0.7540, 0.6733, 0.5622, 0.5400,
        0.9667, 0.9364, 0.7810, 0.8623, 0.9583, 0.9852, 0.9429, 0.9333, 0.9694,
        0.6897, 0.1000, 0.1111, 0.2556, 0.9583, 0.5800, 0.4333, 0.8875, 0.5389,
        0.2333, 0.6000, 0.3556, 0.3933, 0.7926, 0.9500, 0.9000, 0.9917, 0.9077,
        0.7250, 0.9000, 0.9522, 0.7889, 0.6111, 0.6500, 0.8778])
tensor([0.0167, 0.7403, 0.6507, 0.8644, 0.8591, 0.7556, 0.7000, 0.6000, 0.5622,
        0.9729, 0.9409, 0.8000, 0.8580, 0.9583, 0.9926, 0.9429, 0.9400, 0.9556,
        0.6949, 0.1500, 0.1444, 0.2556, 0.9667, 0.6067, 0.4889, 0.8792, 0.5167,
        0.2333, 0.6267, 0.4667, 0.2600, 0.7926, 0.9333, 0.9000, 0.9833, 0.9513,
        0.7250, 0.9000, 0.9536, 0.6889, 0.6556, 0.6333, 0.8667])
tensor([0.0500, 0.7167, 0.7067, 0.8733, 0.8394, 0.7587, 0.7200, 0.6267, 0.6578,
        0.9833, 0.9455, 0.8071, 0.8681, 0.9597, 0.9926, 0.9429, 0.9400, 0.9667,
        0.6949, 0.2000, 0.2111, 0.2556, 0.9750, 0.5867, 0.5222, 0.8833, 0.5667,
        0.2167, 0.5800, 0.4556, 0.4533, 0.8296, 0.9333, 0.8952, 0.9917, 0.9385,
        0.7167, 0.9500, 0.9522, 0.7111, 0.6333, 0.6667, 0.8667])
tensor([0.0500, 0.7750, 0.7213, 0.8644, 0.8394, 0.7619, 0.7000, 0.6622, 0.7089,
        0.9833, 0.9455, 0.8119, 0.8739, 0.9653, 0.9926, 0.9429, 0.9533, 0.9778,
        0.7128, 0.2833, 0.2444, 0.3889, 0.9750, 0.6200, 0.5444, 0.8854, 0.5667,
        0.2333, 0.6200, 0.6111, 0.3600, 0.8148, 0.9833, 0.9048, 0.9917, 0.9256,
        0.7250, 0.9667, 0.9551, 0.6444, 0.6222, 0.6833, 0.8667])
tensor([0.1167, 0.7736, 0.7227, 0.8667, 0.8545, 0.7841, 0.7067, 0.6711, 0.7289,
        0.9833, 0.9530, 0.8238, 0.8783, 0.9625, 0.9926, 0.9429, 0.9533, 0.9778,
        0.7026, 0.2500, 0.3444, 0.3444, 0.9750, 0.6067, 0.5444, 0.8896, 0.6556,
        0.2333, 0.5867, 0.5667, 0.4800, 0.8481, 0.9333, 0.9000, 0.9917, 0.9205,
        0.7250, 0.9333, 0.9609, 0.6667, 0.6333, 0.6667, 0.8778])
tensor([0.2000, 0.7833, 0.7587, 0.9022, 0.8515, 0.7825, 0.7333, 0.6756, 0.7644,
        0.9812, 0.9561, 0.8262, 0.8899, 0.9611, 1.0000, 0.9429, 0.9467, 0.9639,
        0.7103, 0.2667, 0.2000, 0.3333, 0.9750, 0.6200, 0.5667, 0.8938, 0.7278,
        0.2000, 0.6200, 0.5778, 0.4467, 0.8444, 0.9333, 0.9000, 0.9917, 0.9667,
        0.7667, 0.9667, 0.9464, 0.6889, 0.6333, 0.7000, 0.8778])
tensor([0.2167, 0.8042, 0.7547, 0.8978, 0.8409, 0.7984, 0.7067, 0.7089, 0.8133,
        0.9854, 0.9530, 0.8167, 0.8797, 0.9625, 1.0000, 0.9476, 0.9533, 0.9778,
        0.7051, 0.2500, 0.3000, 0.4556, 0.9750, 0.6600, 0.5667, 0.8917, 0.6778,
        0.2667, 0.6333, 0.6333, 0.4533, 0.8481, 0.9667, 0.9048, 0.9917, 0.9564,
        0.7250, 0.9167, 0.9594, 0.6889, 0.6333, 0.7000, 0.9111])
tensor([0.2500, 0.8139, 0.7773, 0.9178, 0.8773, 0.7937, 0.7267, 0.7178, 0.7511,
        0.9875, 0.9515, 0.8238, 0.8899, 0.9667, 1.0000, 0.9381, 0.9533, 0.9806,
        0.7205, 0.2500, 0.5667, 0.3889, 0.9750, 0.6733, 0.5667, 0.8958, 0.6889,
        0.2500, 0.5667, 0.5667, 0.5000, 0.8667, 0.9500, 0.9238, 0.9917, 0.9462,
        0.7667, 0.9167, 0.9580, 0.6333, 0.6222, 0.7000, 0.8778])
tensor([0.2333, 0.8208, 0.8133, 0.9311, 0.8682, 0.8016, 0.7467, 0.7244, 0.8156,
        0.9875, 0.9561, 0.8452, 0.8986, 0.9667, 1.0000, 0.9476, 0.9533, 0.9806,
        0.7487, 0.2667, 0.5000, 0.4111, 0.9750, 0.6733, 0.6111, 0.8938, 0.6222,
        0.2500, 0.5733, 0.6111, 0.5200, 0.8704, 0.9667, 0.9381, 0.9917, 0.9538,
        0.7583, 0.9833, 0.9681, 0.6333, 0.6111, 0.7000, 0.8778])
tensor([0.2333, 0.8625, 0.7960, 0.9400, 0.8864, 0.7905, 0.7600, 0.7444, 0.8333,
        0.9854, 0.9561, 0.8357, 0.8942, 0.9667, 0.9963, 0.9381, 0.9533, 0.9778,
        0.7487, 0.2667, 0.5222, 0.4111, 0.9750, 0.6867, 0.5778, 0.8938, 0.6944,
        0.2667, 0.5867, 0.6667, 0.5200, 0.8667, 0.9500, 0.9333, 0.9917, 0.9436,
        0.7333, 0.9833, 0.9681, 0.6333, 0.6222, 0.7000, 0.9222])
tensor([0.2500, 0.8847, 0.8200, 0.9467, 0.8879, 0.7968, 0.7600, 0.7422, 0.8244,
        0.9875, 0.9606, 0.8500, 0.8928, 0.9667, 1.0000, 0.9524, 0.9533, 0.9778,
        0.7487, 0.2667, 0.6111, 0.4222, 0.9750, 0.6867, 0.6111, 0.8958, 0.7444,
        0.2833, 0.5733, 0.7000, 0.4733, 0.8704, 1.0000, 0.9381, 0.9917, 0.9385,
        0.7667, 0.9833, 0.9623, 0.6444, 0.6333, 0.7000, 0.9222])
tensor([0.2667, 0.8833, 0.8280, 0.9444, 0.8864, 0.8095, 0.7533, 0.7267, 0.8533,
        0.9875, 0.9606, 0.8548, 0.9043, 0.9667, 1.0000, 0.9429, 0.9600, 0.9778,
        0.7590, 0.3000, 0.7222, 0.4556, 0.9750, 0.7000, 0.7000, 0.8958, 0.7167,
        0.2667, 0.5733, 0.6333, 0.4800, 0.8963, 0.9833, 0.9238, 0.9917, 0.9692,
        0.7667, 0.9833, 0.9681, 0.6889, 0.6444, 0.7000, 0.9222])
tensor([0.2667, 0.8889, 0.8547, 0.9444, 0.8909, 0.8190, 0.7400, 0.7444, 0.8556,
        0.9917, 0.9606, 0.8548, 0.9029, 0.9667, 1.0000, 0.9238, 0.9600, 0.9778,
        0.7692, 0.2667, 0.7222, 0.4333, 0.9750, 0.6867, 0.5889, 0.8979, 0.7611,
        0.3167, 0.5667, 0.6889, 0.5867, 0.9000, 0.9667, 0.9667, 0.9917, 0.9538,
        0.7500, 0.9833, 0.9710, 0.6667, 0.6333, 0.6833, 0.9222])
tensor([0.2500, 0.8986, 0.8667, 0.9467, 0.8939, 0.8175, 0.7667, 0.7489, 0.8578,
        0.9812, 0.9591, 0.8500, 0.9014, 0.9667, 1.0000, 0.9476, 0.9667, 0.9778,
        0.7897, 0.3500, 0.6778, 0.5111, 0.9667, 0.7067, 0.6111, 0.9000, 0.7000,
        0.3167, 0.6333, 0.7333, 0.5867, 0.8963, 1.0000, 0.9476, 0.9917, 0.9615,
        0.7833, 0.9667, 0.9696, 0.6667, 0.6000, 0.7000, 0.9222])
tensor([0.3167, 0.9014, 0.8560, 0.9533, 0.8924, 0.8206, 0.7667, 0.7467, 0.8933,
        0.9937, 0.9591, 0.8595, 0.9029, 0.9667, 1.0000, 0.9476, 0.9667, 0.9833,
        0.7744, 0.2500, 0.7444, 0.3778, 0.9750, 0.7267, 0.6778, 0.8958, 0.7444,
        0.3500, 0.6533, 0.7000, 0.4600, 0.9037, 1.0000, 0.9571, 0.9917, 0.9667,
        0.7750, 0.9833, 0.9754, 0.6778, 0.6222, 0.7000, 0.9222])
tensor([0.3000, 0.9056, 0.8667, 0.9511, 0.9000, 0.8238, 0.7867, 0.7778, 0.8822,
        0.9854, 0.9621, 0.8643, 0.9029, 0.9639, 1.0000, 0.9524, 0.9667, 0.9778,
        0.7897, 0.3667, 0.7556, 0.5333, 0.9750, 0.7133, 0.6000, 0.8979, 0.7444,
        0.3500, 0.5600, 0.7444, 0.6400, 0.8963, 1.0000, 0.9714, 0.9917, 0.9744,
        0.7667, 0.9667, 0.9710, 0.6667, 0.7778, 0.7000, 0.9222])
tensor([0.3000, 0.9222, 0.8733, 0.9489, 0.9015, 0.8302, 0.8000, 0.7756, 0.8889,
        0.9937, 0.9591, 0.8476, 0.9029, 0.9694, 0.9889, 0.9524, 0.9667, 0.9833,
        0.7872, 0.3833, 0.7778, 0.5000, 0.9750, 0.7667, 0.6889, 0.9062, 0.7222,
        0.3333, 0.6467, 0.6889, 0.6267, 0.8963, 0.9667, 0.9667, 0.9917, 0.9667,
        0.7833, 0.9667, 0.9754, 0.6667, 0.6444, 0.7000, 0.9333])
tensor([0.3167, 0.9278, 0.8693, 0.9556, 0.9076, 0.8302, 0.7933, 0.7600, 0.8889,
        0.9917, 0.9636, 0.8738, 0.9043, 0.9694, 0.9963, 0.9333, 0.9667, 0.9833,
        0.7897, 0.3500, 0.7778, 0.5222, 0.9750, 0.7800, 0.6889, 0.9062, 0.7111,
        0.3833, 0.6733, 0.6778, 0.5133, 0.8963, 0.9500, 0.9667, 0.9917, 0.9692,
        0.8167, 0.9667, 0.9681, 0.6667, 0.8222, 0.7000, 0.9333])
tensor([0.3500, 0.9264, 0.8747, 0.9533, 0.9106, 0.8333, 0.7800, 0.7800, 0.9000,
        0.9854, 0.9576, 0.8786, 0.9014, 0.9708, 1.0000, 0.9571, 0.9800, 0.9806,
        0.7897, 0.4500, 0.8000, 0.5222, 0.9750, 0.7400, 0.6889, 0.9000, 0.7778,
        0.3667, 0.6667, 0.7000, 0.5067, 0.9037, 0.9833, 0.9714, 0.9917, 0.9718,
        0.7667, 0.9667, 0.9725, 0.6778, 0.9222, 0.7000, 0.9333])
tensor([0.3167, 0.9319, 0.8653, 0.9511, 0.9106, 0.8492, 0.7867, 0.7933, 0.8956,
        0.9896, 0.9636, 0.8643, 0.9058, 0.9694, 1.0000, 0.9571, 0.9800, 0.9722,
        0.7897, 0.4000, 0.7889, 0.5333, 0.9750, 0.7667, 0.6667, 0.9062, 0.8056,
        0.3333, 0.6133, 0.7556, 0.6267, 0.9222, 0.9833, 0.9810, 0.9917, 0.9718,
        0.7750, 0.9667, 0.9754, 0.6778, 0.9000, 0.7167, 0.9333])
tensor([0.3500, 0.9278, 0.8800, 0.9556, 0.8970, 0.8365, 0.7933, 0.8000, 0.9311,
        0.9917, 0.9667, 0.8690, 0.9072, 0.9694, 1.0000, 0.9762, 0.9800, 0.9833,
        0.7974, 0.4833, 0.8222, 0.5333, 0.9667, 0.7733, 0.6667, 0.9104, 0.7833,
        0.3667, 0.6133, 0.7667, 0.6133, 0.9222, 1.0000, 0.9810, 0.9917, 0.9667,
        0.7917, 0.9667, 0.9754, 0.7222, 0.9111, 0.7000, 0.9333])
tensor([0.3333, 0.9431, 0.8707, 0.9556, 0.9106, 0.8429, 0.8000, 0.7667, 0.9089,
        0.9854, 0.9606, 0.8667, 0.9043, 0.9708, 1.0000, 0.9714, 0.9867, 0.9778,
        0.8000, 0.5333, 0.8222, 0.5111, 0.9667, 0.7667, 0.6667, 0.9104, 0.7278,
        0.3833, 0.6067, 0.8222, 0.6067, 0.9259, 0.9500, 0.9810, 0.9917, 0.9667,
        0.8000, 0.9667, 0.9739, 0.7111, 0.9000, 0.7333, 0.9333])
tensor([0.3000, 0.9403, 0.8947, 0.9556, 0.9121, 0.8397, 0.8000, 0.7889, 0.9133,
        0.9896, 0.9682, 0.8690, 0.9087, 0.9708, 1.0000, 0.9619, 0.9867, 0.9833,
        0.7949, 0.5167, 0.8111, 0.6111, 0.9667, 0.8467, 0.6778, 0.9125, 0.8167,
        0.4000, 0.6467, 0.8000, 0.5933, 0.9222, 0.9500, 0.9810, 0.9917, 0.9667,
        0.7583, 0.9667, 0.9783, 0.7222, 0.9222, 0.7333, 0.9222])
tensor([0.3167, 0.9444, 0.9000, 0.9578, 0.9106, 0.8397, 0.8133, 0.7844, 0.9200,
        0.9875, 0.9621, 0.8738, 0.9043, 0.9708, 1.0000, 0.9714, 0.9733, 0.9833,
        0.7974, 0.5667, 0.8333, 0.6667, 0.9667, 0.8667, 0.6778, 0.9167, 0.8222,
        0.3833, 0.6733, 0.8111, 0.5400, 0.9148, 0.9167, 0.9619, 0.9917, 0.9641,
        0.7667, 0.9667, 0.9841, 0.8000, 0.9000, 0.7000, 0.9333])
tensor([0.3333, 0.9514, 0.8973, 0.9600, 0.9091, 0.8508, 0.8000, 0.7889, 0.9400,
        0.9854, 0.9682, 0.8738, 0.9130, 0.9722, 1.0000, 0.9762, 0.9867, 0.9833,
        0.7949, 0.5333, 0.8444, 0.5667, 0.9667, 0.8800, 0.7333, 0.9062, 0.8278,
        0.3833, 0.7000, 0.7778, 0.5133, 0.9259, 0.9500, 0.9857, 0.9917, 0.9667,
        0.8333, 0.9667, 0.9783, 0.7111, 0.9333, 0.7000, 0.9333])
tensor([0.3167, 0.9444, 0.8973, 0.9533, 0.9227, 0.8603, 0.7800, 0.7867, 0.9311,
        0.9917, 0.9682, 0.8690, 0.9101, 0.9722, 1.0000, 0.9714, 0.9867, 0.9833,
        0.7949, 0.5333, 0.8111, 0.6778, 0.9667, 0.8933, 0.7222, 0.9167, 0.7667,
        0.4167, 0.6800, 0.8111, 0.5333, 0.9333, 0.9167, 0.9619, 0.9917, 0.9718,
        0.8417, 0.9667, 0.9754, 0.7222, 0.9000, 0.7167, 0.9333])
tensor([0.3333, 0.9542, 0.8947, 0.9600, 0.9106, 0.8698, 0.8133, 0.7956, 0.9378,
        0.9917, 0.9652, 0.8738, 0.9174, 0.9708, 1.0000, 0.9714, 0.9867, 0.9917,
        0.7974, 0.5000, 0.8333, 0.7222, 0.9667, 0.8667, 0.7667, 0.9125, 0.7278,
        0.4500, 0.6867, 0.7778, 0.5267, 0.9407, 0.9333, 0.9571, 0.9917, 0.9667,
        0.7583, 0.9667, 0.9812, 0.8444, 0.8778, 0.7500, 0.9222])
tensor([0.3333, 0.9597, 0.8867, 0.9467, 0.9242, 0.8778, 0.8067, 0.7667, 0.9378,
        0.9917, 0.9682, 0.8667, 0.9116, 0.9708, 1.0000, 0.9714, 0.9933, 0.9889,
        0.8026, 0.5333, 0.8556, 0.7000, 0.9667, 0.9067, 0.7333, 0.9146, 0.8056,
        0.4500, 0.6800, 0.7889, 0.5133, 0.9444, 0.9167, 0.9571, 0.9917, 0.9692,
        0.7833, 0.9667, 0.9797, 0.8889, 0.8222, 0.7333, 0.9222])
tensor([0.3500, 0.9389, 0.9253, 0.9578, 0.9242, 0.8651, 0.7867, 0.7911, 0.9378,
        0.9937, 0.9652, 0.8714, 0.9058, 0.9722, 1.0000, 0.9762, 0.9867, 0.9889,
        0.8051, 0.4833, 0.8333, 0.6889, 0.9750, 0.9333, 0.6778, 0.9187, 0.7389,
        0.4167, 0.6800, 0.7889, 0.5867, 0.9444, 0.9500, 0.9810, 0.9917, 0.9641,
        0.8083, 0.9667, 0.9783, 0.6667, 0.8556, 0.7000, 0.9333])
tensor([0.4667, 0.9389, 0.9307, 0.9600, 0.9227, 0.8651, 0.7800, 0.8111, 0.9400,
        0.9896, 0.9667, 0.8762, 0.9174, 0.9708, 1.0000, 0.9762, 0.9800, 0.9861,
        0.8026, 0.5833, 0.8333, 0.7333, 0.9667, 0.9000, 0.6333, 0.9146, 0.8333,
        0.4167, 0.6800, 0.8889, 0.5800, 0.9481, 0.9333, 0.9667, 0.9917, 0.9744,
        0.7833, 0.9667, 0.9797, 0.8111, 0.8556, 0.7333, 0.9333])
tensor([0.3333, 0.9556, 0.9267, 0.9578, 0.9333, 0.8683, 0.8067, 0.8022, 0.9356,
        0.9854, 0.9621, 0.8738, 0.9087, 0.9722, 1.0000, 0.9762, 0.9933, 0.9917,
        0.8077, 0.6333, 0.8444, 0.7000, 0.9750, 0.9200, 0.7222, 0.9187, 0.7389,
        0.4167, 0.6867, 0.8000, 0.6000, 0.9444, 0.9167, 0.9667, 0.9917, 0.9641,
        0.8083, 0.9667, 0.9797, 0.8333, 0.8667, 0.7667, 0.9333])
tensor([0.4000, 0.9500, 0.9253, 0.9578, 0.9379, 0.8857, 0.7867, 0.7911, 0.9200,
        0.9958, 0.9652, 0.8714, 0.9116, 0.9694, 1.0000, 0.9810, 0.9800, 0.9917,
        0.8154, 0.5333, 0.8667, 0.6222, 0.9583, 0.9000, 0.6667, 0.9146, 0.7000,
        0.4667, 0.6933, 0.8222, 0.6133, 0.9444, 0.9167, 0.9619, 0.9917, 0.9538,
        0.7833, 0.9667, 0.9783, 0.8333, 0.8667, 0.7333, 0.9556])
tensor([0.3333, 0.9528, 0.9333, 0.9578, 0.9288, 0.8889, 0.8067, 0.7911, 0.9444,
        0.9875, 0.9667, 0.8786, 0.9116, 0.9708, 1.0000, 0.9619, 0.9867, 0.9889,
        0.8051, 0.5833, 0.8556, 0.6000, 0.9667, 0.9333, 0.7444, 0.9187, 0.7833,
        0.4333, 0.6667, 0.8222, 0.5667, 0.9481, 0.9167, 0.9714, 0.9917, 0.9744,
        0.8250, 0.9667, 0.9754, 0.8778, 0.8667, 0.7833, 0.9222])
tensor([0.4000, 0.9528, 0.9307, 0.9422, 0.9318, 0.8937, 0.8000, 0.7933, 0.9489,
        0.9917, 0.9652, 0.8786, 0.9058, 0.9722, 1.0000, 0.9762, 0.9867, 0.9917,
        0.8077, 0.5833, 0.8778, 0.6667, 0.9583, 0.9333, 0.7556, 0.9146, 0.7500,
        0.4833, 0.7333, 0.8111, 0.5533, 0.9519, 0.9167, 0.9667, 0.9917, 0.9692,
        0.8250, 0.9667, 0.9812, 0.9000, 0.8222, 0.7500, 0.9222])
tensor([0.4000, 0.9653, 0.9227, 0.9511, 0.9439, 0.8857, 0.7933, 0.8067, 0.9444,
        0.9875, 0.9667, 0.8857, 0.9087, 0.9708, 1.0000, 0.9810, 0.9933, 0.9889,
        0.8128, 0.6333, 0.8444, 0.5889, 0.9500, 0.9267, 0.7556, 0.9187, 0.7500,
        0.4667, 0.7067, 0.8333, 0.5533, 0.9556, 0.9000, 0.9714, 0.9917, 0.9615,
        0.7833, 0.9667, 0.9812, 0.8000, 0.8333, 0.7500, 0.9444])
tensor([0.3500, 0.9431, 0.9427, 0.9511, 0.9318, 0.8889, 0.7800, 0.8133, 0.9489,
        0.9875, 0.9697, 0.9095, 0.9159, 0.9708, 1.0000, 0.9857, 0.9933, 0.9889,
        0.8077, 0.5500, 0.8556, 0.6222, 0.9500, 0.9600, 0.7556, 0.9187, 0.7500,
        0.4667, 0.7400, 0.8000, 0.5800, 0.9593, 0.9000, 0.9810, 0.9917, 0.9718,
        0.7833, 0.9667, 0.9826, 0.7889, 0.8444, 0.7500, 0.9111])
tensor([0.4333, 0.9458, 0.9427, 0.9578, 0.9288, 0.8762, 0.7933, 0.8178, 0.9533,
        0.9875, 0.9621, 0.8857, 0.9145, 0.9722, 1.0000, 0.9905, 0.9933, 0.9861,
        0.8051, 0.6333, 0.8444, 0.6778, 0.9917, 0.9600, 0.7444, 0.9229, 0.8611,
        0.4667, 0.7200, 0.8333, 0.5733, 0.9407, 0.9000, 0.9714, 0.9917, 0.9667,
        0.8083, 0.9667, 0.9768, 0.8444, 0.8444, 0.7667, 0.9333])
tensor([0.4667, 0.9486, 0.9400, 0.9444, 0.9379, 0.8921, 0.7933, 0.8267, 0.9444,
        0.9917, 0.9697, 0.8762, 0.9174, 0.9750, 1.0000, 0.9857, 0.9933, 0.9889,
        0.8179, 0.6833, 0.8889, 0.6556, 0.9500, 0.9600, 0.7444, 0.9229, 0.7444,
        0.4833, 0.6667, 0.8889, 0.5667, 0.9519, 0.9000, 0.9714, 0.9917, 0.9692,
        0.7917, 0.9667, 0.9812, 0.8333, 0.8556, 0.7500, 0.9111])
tensor([0.5167, 0.9458, 0.9400, 0.9578, 0.9455, 0.8921, 0.8000, 0.8267, 0.9422,
        0.9937, 0.9652, 0.8810, 0.9116, 0.9764, 1.0000, 0.9952, 0.9933, 0.9889,
        0.8179, 0.7333, 0.9000, 0.7111, 0.9500, 0.9600, 0.7667, 0.9187, 0.7222,
        0.5000, 0.8067, 0.8222, 0.5533, 0.9481, 0.9000, 0.9714, 0.9917, 0.9615,
        0.8083, 0.9667, 0.9826, 0.8778, 0.8444, 0.7833, 0.9000])
tensor([0.4500, 0.9569, 0.9427, 0.9622, 0.9485, 0.8841, 0.8000, 0.8467, 0.9422,
        0.9896, 0.9667, 0.9000, 0.9246, 0.9736, 1.0000, 0.9905, 0.9933, 0.9917,
        0.8205, 0.6333, 0.9000, 0.6333, 0.9500, 0.9533, 0.7778, 0.9208, 0.7222,
        0.5000, 0.7400, 0.8333, 0.5733, 0.9519, 0.9000, 0.9810, 0.9833, 0.9692,
        0.8250, 0.9667, 0.9797, 0.7889, 0.8000, 0.7333, 0.9222])
tensor([0.4000, 0.9625, 0.9387, 0.9556, 0.9364, 0.8889, 0.8067, 0.8333, 0.9489,
        0.9896, 0.9652, 0.9048, 0.9188, 0.9750, 1.0000, 0.9810, 0.9933, 0.9917,
        0.8128, 0.6000, 0.9111, 0.6556, 0.9500, 0.9600, 0.7778, 0.9208, 0.7556,
        0.5000, 0.7267, 0.8667, 0.5400, 0.9741, 0.9167, 0.9714, 0.9833, 0.9667,
        0.8083, 0.9833, 0.9797, 0.8889, 0.8000, 0.7000, 0.9222])
tensor([0.3500, 0.9653, 0.9333, 0.9556, 0.9439, 0.8905, 0.8000, 0.8356, 0.9400,
        0.9896, 0.9682, 0.8762, 0.9116, 0.9764, 1.0000, 0.9857, 0.9933, 0.9917,
        0.8205, 0.6833, 0.9111, 0.7222, 0.9500, 0.9600, 0.7778, 0.9187, 0.7278,
        0.5000, 0.7400, 0.8444, 0.5667, 0.9667, 0.9167, 0.9714, 0.9833, 0.9769,
        0.8583, 0.9667, 0.9841, 0.9222, 0.8444, 0.7333, 0.9000])
tensor([0.4167, 0.9583, 0.9400, 0.9622, 0.9470, 0.8841, 0.7733, 0.8422, 0.9444,
        0.9875, 0.9697, 0.8810, 0.9188, 0.9764, 0.9963, 0.9857, 0.9933, 0.9917,
        0.8205, 0.6500, 0.9222, 0.7556, 0.9500, 0.9600, 0.7778, 0.9229, 0.7056,
        0.5000, 0.7333, 0.8333, 0.5600, 0.9593, 0.9167, 0.9762, 0.9833, 0.9769,
        0.8750, 0.9667, 0.9797, 0.8667, 0.8333, 0.7833, 0.9222])
tensor([0.3833, 0.9556, 0.9453, 0.9444, 0.9455, 0.8810, 0.8000, 0.8422, 0.9422,
        0.9937, 0.9682, 0.8857, 0.9217, 0.9778, 1.0000, 0.9857, 0.9933, 0.9917,
        0.8205, 0.6833, 0.9222, 0.7111, 0.9750, 0.9600, 0.7667, 0.9229, 0.7722,
        0.5000, 0.7800, 0.8444, 0.5733, 0.9630, 0.9167, 0.9714, 0.9833, 0.9744,
        0.8333, 0.9667, 0.9797, 0.8778, 0.8111, 0.8000, 0.9000])
tensor([0.5500, 0.9472, 0.9453, 0.9489, 0.9455, 0.8984, 0.8000, 0.8511, 0.9422,
        0.9937, 0.9682, 0.8976, 0.9029, 0.9750, 1.0000, 0.9905, 0.9933, 0.9917,
        0.8308, 0.7500, 0.9444, 0.6778, 0.9667, 0.9667, 0.7556, 0.9229, 0.7278,
        0.5000, 0.7667, 0.8667, 0.5600, 0.9667, 0.9167, 0.9667, 0.9833, 0.9718,
        0.8000, 0.9667, 0.9797, 0.9333, 0.8333, 0.7333, 0.9222])
tensor([0.6833, 0.9458, 0.9547, 0.9533, 0.9439, 0.8905, 0.7867, 0.8422, 0.9489,
        0.9958, 0.9667, 0.8857, 0.9217, 0.9778, 1.0000, 0.9905, 0.9933, 0.9889,
        0.8231, 0.6500, 0.9111, 0.7222, 0.9667, 0.9600, 0.7889, 0.9229, 0.8278,
        0.5000, 0.8067, 0.8222, 0.5933, 0.9704, 0.9333, 0.9667, 0.9833, 0.9667,
        0.8333, 0.9667, 0.9812, 0.9333, 0.8333, 0.7500, 0.9000])
tensor([0.4833, 0.9486, 0.9507, 0.9489, 0.9439, 0.8905, 0.8333, 0.8422, 0.9556,
        0.9917, 0.9667, 0.8786, 0.9203, 0.9764, 1.0000, 0.9810, 0.9933, 0.9917,
        0.8282, 0.6500, 0.9444, 0.6556, 0.9500, 0.9600, 0.7778, 0.9208, 0.7556,
        0.5000, 0.7133, 0.8556, 0.5600, 0.9741, 0.9000, 0.9667, 0.9833, 0.9667,
        0.8750, 0.9667, 0.9812, 0.9333, 0.8111, 0.7167, 0.9333])
tensor([0.4667, 0.9625, 0.9427, 0.9444, 0.9424, 0.9016, 0.8200, 0.8378, 0.9422,
        0.9896, 0.9682, 0.8857, 0.9275, 0.9750, 1.0000, 0.9857, 0.9933, 0.9889,
        0.8231, 0.6833, 0.9444, 0.7111, 0.9583, 0.9667, 0.7889, 0.9250, 0.7833,
        0.5000, 0.7600, 0.9000, 0.5133, 0.9667, 0.9167, 0.9667, 0.9833, 0.9769,
        0.8833, 0.9667, 0.9841, 0.9333, 0.8333, 0.7333, 0.9111])
tensor([0.5333, 0.9611, 0.9400, 0.9489, 0.9455, 0.8968, 0.8067, 0.8200, 0.9511,
        0.9937, 0.9667, 0.9167, 0.9174, 0.9750, 1.0000, 0.9857, 0.9933, 0.9889,
        0.8333, 0.6833, 0.9222, 0.6667, 0.9500, 0.9600, 0.8111, 0.9167, 0.7278,
        0.5000, 0.7733, 0.8556, 0.5867, 0.9704, 0.9667, 0.9667, 0.9833, 0.9718,
        0.8500, 0.9667, 0.9841, 0.9222, 0.8111, 0.7667, 0.9222])
tensor([0.4500, 0.9597, 0.9480, 0.9467, 0.9409, 0.8952, 0.8133, 0.8422, 0.9511,
        0.9917, 0.9697, 0.8810, 0.9246, 0.9764, 1.0000, 0.9857, 0.9933, 0.9861,
        0.8282, 0.6833, 0.9222, 0.6444, 0.9667, 0.9667, 0.7889, 0.9250, 0.7222,
        0.5000, 0.7133, 0.9111, 0.5533, 0.9704, 0.9500, 0.9619, 0.9833, 0.9744,
        0.8750, 0.9667, 0.9797, 0.9333, 0.8111, 0.7833, 0.9111])
tensor([0.6000, 0.9542, 0.9573, 0.9244, 0.9515, 0.9032, 0.7867, 0.8667, 0.9578,
        0.9896, 0.9652, 0.8881, 0.9116, 0.9778, 1.0000, 0.9905, 0.9933, 0.9861,
        0.8308, 0.6833, 0.9222, 0.7111, 0.9583, 0.9667, 0.8111, 0.9229, 0.7278,
        0.5000, 0.7800, 0.8444, 0.5533, 0.9704, 0.9667, 0.9619, 0.9833, 0.9744,
        0.8167, 0.9667, 0.9826, 0.9444, 0.8111, 0.7667, 0.9222])
tensor([0.4500, 0.9625, 0.9467, 0.9044, 0.9470, 0.9000, 0.7867, 0.8267, 0.9511,
        0.9979, 0.9697, 0.8881, 0.9246, 0.9750, 1.0000, 0.9857, 0.9933, 0.9889,
        0.8231, 0.6167, 0.9222, 0.6222, 0.9667, 0.9600, 0.7444, 0.9250, 0.8389,
        0.5000, 0.7533, 0.9333, 0.5133, 0.9741, 0.9000, 0.9667, 0.9833, 0.9718,
        0.8583, 0.9667, 0.9841, 0.9333, 0.8111, 0.7000, 0.9333])
tensor([0.4500, 0.9625, 0.9493, 0.9311, 0.9485, 0.9000, 0.8067, 0.8489, 0.9556,
        0.9896, 0.9697, 0.8857, 0.9275, 0.9764, 1.0000, 0.9857, 0.9933, 0.9889,
        0.8333, 0.7500, 0.9556, 0.7000, 0.9583, 0.9667, 0.7778, 0.9229, 0.7444,
        0.5000, 0.7800, 0.8111, 0.5867, 0.9667, 0.9167, 0.9667, 0.9833, 0.9795,
        0.8167, 0.9667, 0.9826, 0.9333, 0.8111, 0.7167, 0.8889])
tensor([0.6667, 0.9597, 0.9520, 0.9422, 0.9439, 0.8952, 0.8200, 0.8667, 0.9600,
        0.9917, 0.9682, 0.9071, 0.9188, 0.9764, 1.0000, 0.9857, 0.9933, 0.9833,
        0.8282, 0.6833, 0.9333, 0.7333, 0.9750, 0.9667, 0.8444, 0.9208, 0.7889,
        0.5000, 0.8067, 0.8000, 0.5333, 0.9741, 0.8667, 0.9667, 0.9833, 0.9846,
        0.8333, 0.9667, 0.9812, 0.9444, 0.8111, 0.7833, 0.9111])
tensor([0.6667, 0.9472, 0.9693, 0.9311, 0.9545, 0.9048, 0.8067, 0.8511, 0.9489,
        0.9875, 0.9667, 0.9048, 0.9232, 0.9792, 1.0000, 0.9857, 0.9933, 0.9889,
        0.8385, 0.6167, 0.9333, 0.7333, 0.9667, 0.9533, 0.8000, 0.9229, 0.7389,
        0.5000, 0.7867, 0.8333, 0.5867, 0.9741, 0.9333, 0.9667, 0.9833, 0.9641,
        0.8750, 0.9667, 0.9841, 0.9444, 0.8111, 0.8000, 0.9222])
tensor([0.6833, 0.9444, 0.9653, 0.9444, 0.9530, 0.8984, 0.8067, 0.8800, 0.9489,
        0.9937, 0.9682, 0.8857, 0.9203, 0.9792, 1.0000, 0.9857, 0.9933, 0.9861,
        0.8282, 0.7333, 0.9444, 0.7333, 0.9750, 0.9533, 0.7889, 0.9229, 0.7778,
        0.5000, 0.8000, 0.8333, 0.6133, 0.9741, 0.8833, 0.9667, 0.9833, 0.9744,
        0.8583, 0.9667, 0.9797, 0.9333, 0.8111, 0.7333, 0.9111])
tensor([0.6667, 0.9514, 0.9600, 0.9333, 0.9561, 0.8937, 0.8000, 0.8711, 0.9489,
        0.9917, 0.9712, 0.8881, 0.9203, 0.9764, 0.9926, 0.9857, 0.9933, 0.9861,
        0.8282, 0.7500, 0.9444, 0.7667, 0.9750, 0.9533, 0.7778, 0.9208, 0.8056,
        0.5000, 0.8133, 0.9333, 0.5667, 0.9704, 0.9333, 0.9667, 0.9833, 0.9795,
        0.8583, 0.9667, 0.9841, 0.9556, 0.8111, 0.7833, 0.9111])
tensor([0.7167, 0.9472, 0.9680, 0.9444, 0.9576, 0.9032, 0.8000, 0.8689, 0.9489,
        0.9937, 0.9682, 0.9262, 0.9348, 0.9764, 0.9926, 0.9857, 0.9933, 0.9806,
        0.8308, 0.7167, 0.9444, 0.7111, 0.9667, 0.9467, 0.7889, 0.9250, 0.8000,
        0.5000, 0.8333, 0.8556, 0.5867, 0.9778, 0.9333, 0.9667, 0.9833, 0.9744,
        0.8167, 0.9667, 0.9855, 0.9444, 0.8111, 0.7000, 0.9222])
tensor([0.6500, 0.9514, 0.9640, 0.9378, 0.9424, 0.9016, 0.8000, 0.8400, 0.9733,
        0.9937, 0.9697, 0.9095, 0.9232, 0.9833, 1.0000, 0.9857, 0.9933, 0.9833,
        0.8308, 0.7167, 0.9444, 0.7444, 0.9750, 0.9533, 0.8333, 0.9208, 0.7833,
        0.5000, 0.8333, 0.8556, 0.5867, 0.9778, 0.9000, 0.9667, 0.9833, 0.9744,
        0.8583, 0.9667, 0.9841, 0.9444, 0.8111, 0.7333, 0.9222])
tensor([0.7500, 0.9597, 0.9520, 0.9511, 0.9515, 0.8937, 0.8133, 0.8778, 0.9644,
        0.9937, 0.9667, 0.8929, 0.9319, 0.9750, 1.0000, 0.9905, 0.9933, 0.9861,
        0.8436, 0.6500, 0.9444, 0.6889, 0.9750, 0.9533, 0.8111, 0.9229, 0.7667,
        0.5000, 0.8400, 0.8222, 0.5533, 0.9778, 0.9500, 0.9667, 0.9833, 0.9821,
        0.8750, 0.9667, 0.9826, 0.9444, 0.8111, 0.7000, 0.9111])
tensor([0.7667, 0.9583, 0.9600, 0.9133, 0.9561, 0.9063, 0.8000, 0.8778, 0.9622,
        0.9937, 0.9697, 0.9119, 0.9188, 0.9750, 1.0000, 0.9857, 0.9933, 0.9722,
        0.8282, 0.7333, 0.9556, 0.5889, 0.9750, 0.9600, 0.8111, 0.9250, 0.7833,
        0.5000, 0.7933, 0.9444, 0.6400, 0.9741, 0.9667, 0.9714, 0.9833, 0.9821,
        0.8500, 0.9667, 0.9855, 0.9444, 0.8111, 0.7333, 0.8889])
tensor([0.7000, 0.9569, 0.9667, 0.9444, 0.9515, 0.9111, 0.8067, 0.8667, 0.9556,
        0.9937, 0.9697, 0.8762, 0.9348, 0.9750, 1.0000, 0.9905, 0.9933, 0.9861,
        0.8359, 0.7500, 0.9889, 0.6667, 0.9750, 0.9600, 0.7889, 0.9208, 0.8000,
        0.5000, 0.8333, 0.9444, 0.6200, 0.9667, 0.9667, 0.9667, 0.9833, 0.9769,
        0.8500, 0.9667, 0.9855, 0.9556, 0.8111, 0.8000, 0.9222])
tensor([0.6833, 0.9542, 0.9707, 0.9511, 0.9545, 0.8984, 0.8067, 0.8800, 0.9711,
        0.9917, 0.9667, 0.8929, 0.9319, 0.9764, 1.0000, 0.9905, 0.9933, 0.9778,
        0.8333, 0.7167, 0.9778, 0.7222, 0.9750, 0.9533, 0.8000, 0.9229, 0.8056,
        0.5000, 0.8467, 0.9333, 0.6000, 0.9741, 1.0000, 0.9619, 0.9833, 0.9795,
        0.8500, 0.9667, 0.9841, 0.9667, 0.8111, 0.8000, 0.9222])
tensor([0.7000, 0.9583, 0.9613, 0.9444, 0.9500, 0.8984, 0.8133, 0.8733, 0.9644,
        0.9937, 0.9697, 0.9024, 0.9319, 0.9778, 0.9963, 0.9857, 0.9933, 0.9778,
        0.8385, 0.7333, 0.9667, 0.6778, 0.9667, 0.9600, 0.8222, 0.9271, 0.8056,
        0.5000, 0.8400, 0.9111, 0.6200, 0.9741, 0.9833, 0.9619, 0.9833, 0.9795,
        0.8833, 0.9667, 0.9826, 0.9556, 0.8111, 0.7833, 0.9444])
tensor([0.7833, 0.9431, 0.9693, 0.9511, 0.9561, 0.9016, 0.8133, 0.8800, 0.9644,
        0.9937, 0.9682, 0.9238, 0.9435, 0.9778, 1.0000, 0.9905, 0.9933, 0.9778,
        0.8410, 0.7333, 0.9889, 0.7444, 0.9750, 0.9533, 0.8222, 0.9229, 0.7556,
        0.5000, 0.8800, 0.8667, 0.6000, 0.9741, 1.0000, 0.9619, 0.9833, 0.9744,
        0.8167, 0.9667, 0.9797, 0.9667, 0.8111, 0.8000, 0.8889])
tensor([0.6833, 0.9583, 0.9600, 0.9378, 0.9515, 0.8984, 0.8133, 0.8711, 0.9667,
        0.9958, 0.9682, 0.9333, 0.9319, 0.9750, 1.0000, 0.9905, 0.9933, 0.9861,
        0.8359, 0.7333, 0.9889, 0.7556, 0.9750, 0.9533, 0.7889, 0.9292, 0.7944,
        0.5000, 0.8733, 0.9333, 0.6333, 0.9778, 1.0000, 0.9619, 0.9833, 0.9744,
        0.8167, 0.9667, 0.9841, 0.9556, 0.8111, 0.8000, 0.9333])
tensor([0.6833, 0.9611, 0.9613, 0.9467, 0.9561, 0.9048, 0.8067, 0.8733, 0.9556,
        0.9937, 0.9682, 0.9000, 0.9449, 0.9764, 1.0000, 0.9905, 0.9933, 0.9750,
        0.8205, 0.7333, 1.0000, 0.7222, 0.9667, 0.9600, 0.8333, 0.9312, 0.8722,
        0.5000, 0.8533, 0.9333, 0.5733, 0.9704, 0.9667, 0.9619, 0.9833, 0.9744,
        0.8917, 0.9667, 0.9797, 0.9556, 0.8111, 0.8000, 0.9000])
tensor([0.7333, 0.9639, 0.9547, 0.9578, 0.9455, 0.8984, 0.8067, 0.8689, 0.9711,
        0.9917, 0.9727, 0.9333, 0.9377, 0.9819, 1.0000, 0.9952, 0.9933, 0.9806,
        0.8385, 0.7500, 0.9778, 0.7556, 0.9667, 0.9533, 0.7778, 0.9292, 0.8056,
        0.5000, 0.8467, 0.9333, 0.6000, 0.9741, 1.0000, 0.9619, 0.9833, 0.9795,
        0.8750, 0.9667, 0.9797, 0.9444, 0.7889, 0.8000, 0.9111])
tensor([0.7167, 0.9583, 0.9627, 0.9467, 0.9394, 0.8984, 0.8133, 0.8556, 0.9711,
        0.9937, 0.9697, 0.9214, 0.9377, 0.9847, 0.9926, 0.9857, 0.9933, 0.9750,
        0.8282, 0.7500, 0.9778, 0.7667, 0.9667, 0.9533, 0.8000, 0.9312, 0.8389,
        0.5000, 0.8667, 0.8778, 0.5533, 0.9741, 1.0000, 0.9619, 0.9833, 0.9590,
        0.8750, 0.9667, 0.9754, 0.9444, 0.7778, 0.8000, 0.8667])
