#dataset: gtsrb
#way backdoor looks like: None
#merge strategy: sequential
#number of benign sources: 5
#number of malicious sources: 0
#batch size: 512
#distribution of data: equally distributed subset
#percentage of poisoned data in backdoored nodes: 100
#order of time backdoors being inserted: None
#attack model: basic
#starttime: 164321
training_type;epoch_number;learn_rate;avg_training_loss;avg_test_loss;test_accuracy;timestamp
tensor([0., 0., 1., 0., 0., 0., 0., 0., 0., 0., 0., 0., 0., 0., 0., 0., 0., 0.,
        0., 0., 0., 0., 0., 0., 0., 0., 0., 0., 0., 0., 0., 0., 0., 0., 0., 0.,
        0., 0., 0., 0., 0., 0., 0.])
tensor([0., 0., 1., 0., 0., 0., 0., 0., 0., 0., 0., 0., 0., 0., 0., 0., 0., 0.,
        0., 0., 0., 0., 0., 0., 0., 0., 0., 0., 0., 0., 0., 0., 0., 0., 0., 0.,
        0., 0., 0., 0., 0., 0., 0.])
tensor([0.0000, 0.0000, 0.4267, 0.0000, 0.0000, 0.0000, 0.0000, 0.0000, 0.0000,
        0.0000, 0.0000, 0.0000, 0.0000, 0.0417, 0.0000, 0.0000, 0.0000, 0.0000,
        0.0000, 0.0000, 0.0000, 0.0000, 0.0000, 0.0000, 0.0000, 0.0000, 0.0000,
        0.0000, 0.0000, 0.0000, 0.0000, 0.0000, 0.0000, 0.0000, 0.0000, 0.0000,
        0.0000, 0.0000, 0.9130, 0.0000, 0.0000, 0.0000, 0.0000])
tensor([0.0000, 0.2347, 0.1773, 0.0000, 0.1409, 0.0000, 0.0000, 0.0000, 0.0000,
        0.0000, 0.8273, 0.0000, 0.0058, 0.5111, 0.0000, 0.0000, 0.0000, 0.0000,
        0.0000, 0.0000, 0.0000, 0.0000, 0.0000, 0.0000, 0.0000, 0.0000, 0.0000,
        0.0000, 0.0000, 0.0000, 0.0000, 0.0000, 0.0000, 0.0000, 0.0000, 0.0000,
        0.0000, 0.0000, 0.4652, 0.0000, 0.0000, 0.0000, 0.0000])
tensor([0.0000, 0.3236, 0.1440, 0.0000, 0.0864, 0.0000, 0.0000, 0.0000, 0.0000,
        0.0000, 0.9030, 0.0000, 0.0449, 0.5028, 0.0000, 0.0000, 0.0000, 0.0000,
        0.0000, 0.0000, 0.0000, 0.0000, 0.0000, 0.0000, 0.0000, 0.0000, 0.0000,
        0.0000, 0.0000, 0.0000, 0.0000, 0.0000, 0.0000, 0.0000, 0.0000, 0.0000,
        0.0000, 0.0000, 0.0957, 0.0000, 0.0000, 0.0000, 0.0000])
tensor([0.0000, 0.2861, 0.1707, 0.0000, 0.1000, 0.0000, 0.0000, 0.0000, 0.0000,
        0.0000, 0.8652, 0.0000, 0.0783, 0.4764, 0.0000, 0.0000, 0.0000, 0.0000,
        0.0000, 0.0000, 0.0000, 0.0000, 0.0000, 0.0000, 0.0000, 0.0000, 0.0000,
        0.0000, 0.0000, 0.0000, 0.0000, 0.0000, 0.0000, 0.0000, 0.0000, 0.0000,
        0.0000, 0.0000, 0.1565, 0.0000, 0.0000, 0.0000, 0.0000])
tensor([0.0000, 0.2778, 0.2160, 0.0000, 0.1424, 0.0524, 0.0000, 0.0000, 0.0000,
        0.0000, 0.8076, 0.0000, 0.0942, 0.5764, 0.0000, 0.0000, 0.0000, 0.0000,
        0.0000, 0.0000, 0.0000, 0.0000, 0.0000, 0.0000, 0.0000, 0.0000, 0.0000,
        0.0000, 0.0000, 0.0000, 0.0000, 0.0000, 0.0000, 0.0000, 0.0000, 0.0000,
        0.0000, 0.0000, 0.1971, 0.0000, 0.0000, 0.0000, 0.0000])
tensor([0.0000, 0.3056, 0.2520, 0.0489, 0.1576, 0.3730, 0.0000, 0.0000, 0.0000,
        0.0000, 0.6545, 0.0000, 0.1783, 0.6792, 0.0000, 0.0000, 0.0000, 0.0028,
        0.0000, 0.0000, 0.0000, 0.0000, 0.0000, 0.0000, 0.0000, 0.0000, 0.0000,
        0.0000, 0.0000, 0.0000, 0.0000, 0.0000, 0.0000, 0.0000, 0.0000, 0.0051,
        0.0000, 0.0000, 0.3101, 0.0000, 0.0000, 0.0000, 0.0000])
tensor([0.0000, 0.3542, 0.2720, 0.0844, 0.2076, 0.3429, 0.0000, 0.0000, 0.0000,
        0.0000, 0.5591, 0.1333, 0.3507, 0.7986, 0.0074, 0.0000, 0.0000, 0.7083,
        0.1051, 0.0000, 0.0000, 0.0000, 0.0000, 0.0000, 0.0000, 0.0208, 0.0000,
        0.0000, 0.0000, 0.0000, 0.0000, 0.0000, 0.0000, 0.0000, 0.0000, 0.1154,
        0.0000, 0.0000, 0.6913, 0.0000, 0.0000, 0.0000, 0.0000])
tensor([0.0000, 0.4667, 0.2813, 0.0644, 0.1848, 0.4095, 0.0000, 0.0000, 0.0000,
        0.2646, 0.7030, 0.4643, 0.5725, 0.9042, 0.3185, 0.0000, 0.0000, 0.8139,
        0.5051, 0.0000, 0.0000, 0.0000, 0.0000, 0.0000, 0.0000, 0.3896, 0.0000,
        0.0000, 0.0000, 0.0000, 0.0000, 0.1704, 0.0000, 0.0000, 0.0000, 0.3487,
        0.0000, 0.0000, 0.9014, 0.0000, 0.0000, 0.0000, 0.0000])
tensor([0.0000, 0.5569, 0.3227, 0.0667, 0.3091, 0.4397, 0.0000, 0.1489, 0.0000,
        0.4187, 0.8530, 0.6238, 0.7391, 0.9458, 0.7444, 0.0571, 0.1733, 0.8444,
        0.5487, 0.0000, 0.0000, 0.0000, 0.0000, 0.0000, 0.0000, 0.7792, 0.0111,
        0.0000, 0.0467, 0.0000, 0.0000, 0.2926, 0.0000, 0.5571, 0.0000, 0.5872,
        0.0000, 0.0000, 0.9058, 0.0000, 0.0000, 0.0000, 0.0000])
tensor([0.0000, 0.6431, 0.3480, 0.2667, 0.7091, 0.3952, 0.4933, 0.3778, 0.0689,
        0.6521, 0.8106, 0.7357, 0.7319, 0.9042, 0.8333, 0.1476, 0.7600, 0.9389,
        0.6231, 0.0000, 0.0000, 0.1667, 0.4167, 0.1733, 0.0000, 0.8250, 0.0056,
        0.0000, 0.3200, 0.0000, 0.0400, 0.6148, 0.2333, 0.8381, 0.5083, 0.8436,
        0.0083, 0.0667, 0.9493, 0.6667, 0.1889, 0.3167, 0.0000])
tensor([0.0000, 0.7083, 0.5720, 0.5267, 0.7409, 0.5873, 0.6733, 0.4667, 0.1111,
        0.6958, 0.8879, 0.7762, 0.7957, 0.9403, 0.9333, 0.3810, 0.8133, 0.9556,
        0.5359, 0.0000, 0.2889, 0.2889, 0.6750, 0.3600, 0.0000, 0.8354, 0.2722,
        0.3000, 0.5067, 0.0111, 0.0800, 0.8370, 0.5333, 0.8952, 0.8583, 0.8231,
        0.5667, 0.4500, 0.9246, 0.6667, 0.3111, 0.5500, 0.1778])
tensor([0.0000, 0.7875, 0.6080, 0.6867, 0.8258, 0.6175, 0.6400, 0.5911, 0.4444,
        0.7792, 0.8864, 0.7905, 0.8130, 0.9236, 0.9370, 0.8048, 0.9200, 0.9528,
        0.6487, 0.0167, 0.5444, 0.3000, 0.8167, 0.5000, 0.0000, 0.8417, 0.0722,
        0.3833, 0.6200, 0.1333, 0.3133, 0.8185, 0.5333, 0.9190, 0.9083, 0.9436,
        0.7000, 0.6833, 0.9435, 0.7667, 0.4556, 0.7167, 0.4222])
tensor([0.0000, 0.7972, 0.7120, 0.7111, 0.8394, 0.6556, 0.6400, 0.6511, 0.5333,
        0.8292, 0.8894, 0.7929, 0.8507, 0.9250, 0.9370, 0.8571, 0.9733, 0.9639,
        0.6667, 0.1500, 0.7000, 0.4000, 0.8333, 0.5467, 0.1000, 0.8500, 0.1389,
        0.4167, 0.6800, 0.4889, 0.4467, 0.8148, 0.5000, 0.9571, 0.9417, 0.9590,
        0.7417, 0.7500, 0.9406, 0.8778, 0.5556, 0.7167, 0.6000])
tensor([0.0000, 0.8722, 0.7240, 0.7400, 0.8273, 0.7317, 0.6467, 0.6356, 0.6222,
        0.8479, 0.8879, 0.7905, 0.8594, 0.9292, 0.9630, 0.8667, 0.9800, 0.9611,
        0.7385, 0.3000, 0.7778, 0.3889, 0.8667, 0.5667, 0.1333, 0.8458, 0.0444,
        0.4500, 0.7200, 0.6667, 0.5800, 0.7556, 0.6167, 0.9619, 0.9167, 0.9744,
        0.7583, 0.8500, 0.9507, 0.9333, 0.6889, 0.7833, 0.6333])
tensor([0.0167, 0.8847, 0.7413, 0.8378, 0.8364, 0.7714, 0.7267, 0.7178, 0.6867,
        0.9229, 0.9136, 0.8286, 0.8681, 0.9528, 0.9778, 0.8857, 0.9800, 0.9611,
        0.6872, 0.3833, 0.8667, 0.4667, 0.9083, 0.5867, 0.4444, 0.8521, 0.2167,
        0.4500, 0.7933, 0.7222, 0.5533, 0.8741, 0.5500, 0.9714, 0.9667, 0.9615,
        0.8167, 0.7833, 0.9391, 0.9333, 0.6778, 0.7667, 0.6778])
tensor([0.0167, 0.9083, 0.7853, 0.8622, 0.8409, 0.7984, 0.6867, 0.7022, 0.7222,
        0.9312, 0.9333, 0.8167, 0.8971, 0.9500, 0.9889, 0.8857, 0.9800, 0.9611,
        0.6590, 0.3500, 0.8889, 0.4667, 0.9000, 0.6533, 0.4333, 0.8542, 0.4056,
        0.4500, 0.7467, 0.8667, 0.6200, 0.9037, 0.8333, 0.9762, 0.9583, 0.9590,
        0.7417, 0.8833, 0.9522, 0.9556, 0.8000, 0.7833, 0.6778])
tensor([0.1333, 0.8917, 0.8413, 0.8378, 0.8682, 0.8270, 0.7467, 0.7067, 0.7378,
        0.9354, 0.9500, 0.8452, 0.8957, 0.9583, 0.9926, 0.8714, 0.9800, 0.9556,
        0.6872, 0.4167, 0.9222, 0.4111, 0.9000, 0.7267, 0.4000, 0.8667, 0.3278,
        0.4500, 0.7467, 0.9000, 0.5533, 0.9222, 0.7167, 0.9762, 0.9583, 0.9487,
        0.7583, 0.9000, 0.9522, 0.9111, 0.8333, 0.7833, 0.6889])
tensor([0.0833, 0.9208, 0.8320, 0.8622, 0.8697, 0.8175, 0.7333, 0.7244, 0.7489,
        0.9500, 0.9394, 0.8429, 0.8957, 0.9528, 0.9926, 0.8952, 0.9800, 0.9528,
        0.6821, 0.4000, 0.9333, 0.5000, 0.9167, 0.7800, 0.5222, 0.8646, 0.5667,
        0.4500, 0.8467, 0.8667, 0.6667, 0.9037, 0.7500, 0.9810, 0.9750, 0.9641,
        0.8250, 0.9167, 0.9551, 0.9444, 0.8556, 0.7833, 0.7778])
tensor([0.0667, 0.9139, 0.8653, 0.8400, 0.8894, 0.8413, 0.7600, 0.7356, 0.7667,
        0.9438, 0.9530, 0.8500, 0.8971, 0.9556, 0.9963, 0.8762, 0.9800, 0.9528,
        0.6949, 0.4167, 0.9556, 0.4667, 0.9000, 0.7933, 0.5778, 0.8625, 0.6056,
        0.4500, 0.8200, 0.8889, 0.6800, 0.9185, 0.7667, 0.9762, 0.9750, 0.9641,
        0.8083, 0.9000, 0.9565, 0.9667, 0.8556, 0.8000, 0.7222])
tensor([0.2167, 0.9083, 0.8680, 0.8800, 0.8833, 0.8381, 0.7267, 0.7489, 0.8244,
        0.9583, 0.9561, 0.8619, 0.8971, 0.9653, 0.9963, 0.9000, 0.9800, 0.9500,
        0.6923, 0.4667, 0.9556, 0.4889, 0.9000, 0.8133, 0.6444, 0.8708, 0.6889,
        0.4667, 0.8733, 0.9111, 0.6467, 0.9333, 0.9000, 0.9762, 0.9750, 0.9615,
        0.8250, 0.9333, 0.9580, 0.8667, 0.9000, 0.8333, 0.8000])
tensor([0.3333, 0.9208, 0.8907, 0.8667, 0.8939, 0.8397, 0.7467, 0.7467, 0.8333,
        0.9625, 0.9576, 0.8881, 0.9014, 0.9597, 0.9963, 0.8857, 0.9800, 0.9500,
        0.6821, 0.4667, 0.9556, 0.5000, 0.9167, 0.8800, 0.6556, 0.8687, 0.7444,
        0.4667, 0.8333, 0.9222, 0.6667, 0.9222, 0.8667, 0.9762, 0.9833, 0.9641,
        0.8417, 0.9500, 0.9565, 0.9556, 0.9000, 0.8000, 0.8222])
tensor([0.3333, 0.9153, 0.8853, 0.8911, 0.8879, 0.8460, 0.7467, 0.7733, 0.8511,
        0.9646, 0.9561, 0.8738, 0.9087, 0.9681, 1.0000, 0.9048, 0.9800, 0.9528,
        0.6872, 0.4667, 0.9667, 0.5222, 0.9083, 0.9200, 0.6444, 0.8771, 0.7389,
        0.4833, 0.8333, 0.9222, 0.6667, 0.9333, 0.8667, 0.9762, 0.9833, 0.9538,
        0.8417, 0.9167, 0.9609, 0.9111, 0.8889, 0.8500, 0.7333])
tensor([0.3333, 0.9236, 0.8960, 0.9000, 0.9015, 0.8587, 0.7733, 0.7556, 0.8489,
        0.9688, 0.9591, 0.9000, 0.9101, 0.9681, 1.0000, 0.8905, 0.9800, 0.9444,
        0.7103, 0.4667, 0.9667, 0.5333, 0.9167, 0.9000, 0.6778, 0.8813, 0.7333,
        0.4833, 0.8400, 0.8778, 0.7133, 0.9444, 0.8667, 0.9762, 0.9833, 0.9615,
        0.8417, 0.9333, 0.9609, 0.9556, 0.8778, 0.8500, 0.8111])
tensor([0.3333, 0.9278, 0.9000, 0.8867, 0.9000, 0.8540, 0.7733, 0.7889, 0.8600,
        0.9708, 0.9591, 0.9071, 0.9246, 0.9597, 1.0000, 0.9000, 0.9800, 0.9389,
        0.7051, 0.4667, 0.9778, 0.5111, 0.9083, 0.9067, 0.7000, 0.8813, 0.7611,
        0.5000, 0.8400, 0.9222, 0.6733, 0.9259, 0.8167, 0.9857, 0.9833, 0.9641,
        0.8167, 0.9667, 0.9638, 0.9667, 0.9222, 0.8667, 0.8000])
tensor([0.2667, 0.9333, 0.9067, 0.8956, 0.9061, 0.8698, 0.7733, 0.7689, 0.8578,
        0.9667, 0.9591, 0.9143, 0.9275, 0.9639, 1.0000, 0.8810, 0.9800, 0.9444,
        0.6974, 0.4833, 0.9778, 0.5333, 0.9167, 0.9067, 0.6667, 0.8792, 0.7667,
        0.5000, 0.8867, 0.9222, 0.6867, 0.9222, 0.7833, 0.9762, 0.9833, 0.9641,
        0.8583, 0.9500, 0.9652, 0.9667, 0.9222, 0.8667, 0.8333])
tensor([0.4167, 0.9347, 0.9040, 0.8978, 0.9091, 0.8746, 0.7467, 0.7711, 0.8667,
        0.9729, 0.9591, 0.9024, 0.9290, 0.9667, 1.0000, 0.8952, 0.9800, 0.9417,
        0.7077, 0.4667, 0.9778, 0.4778, 0.9083, 0.9267, 0.7111, 0.8854, 0.7833,
        0.4833, 0.8667, 0.8889, 0.7133, 0.9519, 0.8833, 0.9857, 0.9833, 0.9641,
        0.8833, 0.9667, 0.9638, 0.9556, 0.8889, 0.8667, 0.8111])
tensor([0.4167, 0.9375, 0.9133, 0.9089, 0.9091, 0.8794, 0.7733, 0.7867, 0.8644,
        0.9750, 0.9591, 0.9286, 0.9290, 0.9639, 1.0000, 0.9095, 0.9800, 0.9389,
        0.7205, 0.5500, 0.9778, 0.5222, 0.9167, 0.9267, 0.7222, 0.8813, 0.7833,
        0.5000, 0.9067, 0.9000, 0.7333, 0.9519, 0.8333, 0.9810, 0.9750, 0.9667,
        0.8917, 0.9833, 0.9638, 0.9556, 0.8889, 0.8833, 0.8222])
tensor([0.4333, 0.9417, 0.9147, 0.9178, 0.9136, 0.8698, 0.7600, 0.7978, 0.8867,
        0.9771, 0.9591, 0.9262, 0.9275, 0.9639, 1.0000, 0.8905, 0.9800, 0.9306,
        0.7205, 0.5667, 0.9778, 0.5556, 0.9167, 0.9467, 0.7111, 0.8854, 0.7611,
        0.5000, 0.8867, 0.9111, 0.7067, 0.9519, 0.8333, 0.9810, 0.9833, 0.9718,
        0.8667, 0.9667, 0.9638, 0.9667, 0.9000, 0.8667, 0.7667])
tensor([0.4500, 0.9444, 0.9267, 0.9356, 0.9121, 0.8746, 0.7667, 0.8089, 0.8867,
        0.9750, 0.9606, 0.9286, 0.9319, 0.9681, 1.0000, 0.9095, 0.9800, 0.9389,
        0.7385, 0.5833, 0.9778, 0.5667, 0.9167, 0.9467, 0.7333, 0.8833, 0.7833,
        0.5000, 0.9400, 0.8889, 0.7067, 0.9519, 0.9000, 0.9857, 0.9833, 0.9615,
        0.8917, 0.9667, 0.9609, 0.9667, 0.9222, 0.8833, 0.7556])
tensor([0.4500, 0.9528, 0.9267, 0.9156, 0.9091, 0.8857, 0.7667, 0.8089, 0.8978,
        0.9771, 0.9606, 0.9333, 0.9275, 0.9708, 1.0000, 0.9095, 0.9800, 0.9361,
        0.7179, 0.6167, 0.9778, 0.5778, 0.9167, 0.9400, 0.7667, 0.8833, 0.8278,
        0.5000, 0.9000, 0.9111, 0.7267, 0.9519, 0.8833, 0.9857, 0.9833, 0.9641,
        0.9250, 0.9667, 0.9551, 0.9667, 0.9111, 0.8833, 0.7333])
tensor([0.4167, 0.9597, 0.9280, 0.9222, 0.9182, 0.8794, 0.7733, 0.8222, 0.8889,
        0.9771, 0.9621, 0.9357, 0.9391, 0.9694, 1.0000, 0.9048, 0.9800, 0.9361,
        0.7436, 0.6000, 0.9778, 0.5667, 0.9167, 0.9533, 0.8000, 0.8917, 0.8056,
        0.5000, 0.9400, 0.8778, 0.7267, 0.9556, 0.8667, 0.9857, 0.9833, 0.9718,
        0.9250, 0.9667, 0.9609, 0.9667, 0.9000, 0.9000, 0.8000])
tensor([0.4500, 0.9542, 0.9307, 0.9178, 0.9091, 0.8857, 0.7600, 0.8156, 0.8889,
        0.9771, 0.9621, 0.9429, 0.9348, 0.9681, 1.0000, 0.9095, 0.9800, 0.9333,
        0.7359, 0.6167, 0.9778, 0.6111, 0.9250, 0.9400, 0.8222, 0.8854, 0.8333,
        0.5000, 0.9267, 0.9111, 0.7200, 0.9556, 0.8667, 0.9810, 0.9833, 0.9718,
        0.9250, 0.9833, 0.9580, 0.9667, 0.9111, 0.9000, 0.8000])
tensor([0.6333, 0.9542, 0.9360, 0.9267, 0.9167, 0.8825, 0.7467, 0.8067, 0.9133,
        0.9771, 0.9621, 0.9333, 0.9290, 0.9667, 1.0000, 0.9095, 0.9800, 0.9194,
        0.7564, 0.6000, 0.9778, 0.6222, 0.9250, 0.9533, 0.8222, 0.8958, 0.8111,
        0.5000, 0.9267, 0.9000, 0.7333, 0.9630, 0.8833, 0.9857, 0.9750, 0.9718,
        0.9250, 0.9667, 0.9623, 0.9667, 0.9111, 0.9000, 0.8111])
tensor([0.5333, 0.9611, 0.9280, 0.9333, 0.9212, 0.8825, 0.7533, 0.8089, 0.9133,
        0.9792, 0.9621, 0.9262, 0.9464, 0.9708, 1.0000, 0.9143, 0.9800, 0.9333,
        0.7590, 0.6500, 0.9778, 0.5778, 0.9250, 0.9533, 0.8333, 0.8938, 0.8222,
        0.5000, 0.9467, 0.8889, 0.6800, 0.9667, 0.8167, 0.9810, 0.9750, 0.9795,
        0.9333, 0.9500, 0.9638, 0.9667, 0.8778, 0.9167, 0.8111])
tensor([0.5167, 0.9625, 0.9387, 0.9333, 0.9152, 0.8841, 0.7600, 0.8111, 0.9133,
        0.9771, 0.9621, 0.9500, 0.9435, 0.9667, 1.0000, 0.9143, 0.9867, 0.9333,
        0.7538, 0.7333, 0.9778, 0.6444, 0.9250, 0.9467, 0.8222, 0.8896, 0.8389,
        0.5000, 0.9400, 0.9000, 0.7200, 0.9593, 0.8333, 0.9810, 0.9750, 0.9795,
        0.9250, 0.9500, 0.9681, 0.9667, 0.9000, 0.9167, 0.8111])
tensor([0.4500, 0.9625, 0.9480, 0.9333, 0.9227, 0.8857, 0.7667, 0.8156, 0.9133,
        0.9771, 0.9621, 0.9405, 0.9420, 0.9681, 1.0000, 0.9143, 0.9800, 0.9194,
        0.7590, 0.7333, 0.9778, 0.6222, 0.9167, 0.9667, 0.8333, 0.8917, 0.8333,
        0.5000, 0.9533, 0.8778, 0.6667, 0.9593, 0.8000, 0.9810, 0.9750, 0.9692,
        0.9167, 0.9667, 0.9696, 0.9667, 0.9111, 0.9167, 0.8000])
tensor([0.6333, 0.9611, 0.9480, 0.9378, 0.9273, 0.8841, 0.7533, 0.8089, 0.9267,
        0.9771, 0.9636, 0.9119, 0.9435, 0.9667, 1.0000, 0.9143, 0.9800, 0.9278,
        0.7641, 0.7500, 0.9778, 0.6889, 0.9167, 0.9533, 0.8667, 0.8938, 0.8611,
        0.5000, 0.9533, 0.8889, 0.7400, 0.9593, 0.8833, 0.9810, 0.9750, 0.9821,
        0.9500, 0.9667, 0.9652, 0.9667, 0.9000, 0.9167, 0.7778])
tensor([0.6000, 0.9611, 0.9520, 0.9400, 0.9273, 0.8921, 0.7667, 0.8311, 0.9222,
        0.9771, 0.9636, 0.9214, 0.9420, 0.9667, 1.0000, 0.9190, 0.9800, 0.9333,
        0.7590, 0.7333, 0.9889, 0.6556, 0.9250, 0.9733, 0.8778, 0.9062, 0.8556,
        0.5000, 0.9467, 0.9000, 0.7267, 0.9667, 0.8500, 0.9810, 0.9750, 0.9795,
        0.9333, 0.9667, 0.9667, 0.9667, 0.8889, 0.9167, 0.8667])
tensor([0.5833, 0.9583, 0.9573, 0.9289, 0.9258, 0.8905, 0.7733, 0.8422, 0.9244,
        0.9792, 0.9652, 0.9476, 0.9406, 0.9694, 1.0000, 0.9143, 0.9800, 0.9306,
        0.7641, 0.7667, 0.9889, 0.6778, 0.9250, 0.9733, 0.8444, 0.9021, 0.8556,
        0.5000, 0.9333, 0.9111, 0.7067, 0.9667, 0.8667, 0.9857, 0.9750, 0.9795,
        0.9417, 0.9667, 0.9609, 0.9667, 0.9000, 0.9167, 0.8000])
tensor([0.7167, 0.9667, 0.9440, 0.9133, 0.9258, 0.9016, 0.7733, 0.8267, 0.9311,
        0.9792, 0.9621, 0.9452, 0.9391, 0.9667, 1.0000, 0.9238, 0.9800, 0.9306,
        0.7821, 0.7667, 0.9889, 0.6889, 0.9250, 0.9733, 0.8778, 0.8979, 0.8444,
        0.5000, 0.9400, 0.9000, 0.7000, 0.9667, 0.8333, 0.9857, 0.9833, 0.9795,
        0.9500, 0.9833, 0.9667, 0.9667, 0.9000, 0.9167, 0.8778])
tensor([0.7167, 0.9639, 0.9573, 0.9533, 0.9121, 0.8825, 0.7533, 0.8333, 0.9356,
        0.9771, 0.9621, 0.9429, 0.9290, 0.9736, 1.0000, 0.9429, 0.9800, 0.9306,
        0.7769, 0.7500, 0.9889, 0.7000, 0.9250, 0.9733, 0.8667, 0.9062, 0.8444,
        0.5000, 0.9400, 0.9444, 0.7267, 0.9630, 0.8333, 0.9810, 0.9750, 0.9744,
        0.9417, 0.9667, 0.9623, 0.9667, 0.8667, 0.9333, 0.8556])
tensor([0.7333, 0.9694, 0.9573, 0.9378, 0.9273, 0.8984, 0.7867, 0.8311, 0.9289,
        0.9792, 0.9652, 0.9429, 0.9493, 0.9708, 1.0000, 0.9143, 0.9800, 0.9306,
        0.7667, 0.7667, 0.9889, 0.6889, 0.9250, 0.9733, 0.8778, 0.8979, 0.8667,
        0.5000, 0.9333, 0.8667, 0.6800, 0.9704, 0.8500, 0.9857, 0.9833, 0.9795,
        0.9500, 0.9833, 0.9638, 0.9667, 0.8778, 0.9167, 0.7556])
tensor([0.7333, 0.9708, 0.9547, 0.9111, 0.9242, 0.9016, 0.7467, 0.8222, 0.9400,
        0.9833, 0.9636, 0.9286, 0.9435, 0.9694, 1.0000, 0.9333, 0.9800, 0.9361,
        0.7769, 0.7500, 0.9889, 0.6889, 0.9250, 0.9733, 0.8667, 0.9083, 0.8722,
        0.5000, 0.9533, 0.8889, 0.7667, 0.9704, 0.8500, 0.9857, 0.9833, 0.9846,
        0.9500, 0.9667, 0.9696, 0.9667, 0.9000, 0.9167, 0.8111])
tensor([0.7833, 0.9736, 0.9560, 0.9178, 0.9167, 0.9095, 0.7667, 0.8267, 0.9356,
        0.9812, 0.9652, 0.9500, 0.9493, 0.9694, 1.0000, 0.9333, 0.9800, 0.9361,
        0.7872, 0.8333, 0.9889, 0.6778, 0.9250, 0.9800, 0.8667, 0.9042, 0.8444,
        0.5000, 0.9533, 0.9222, 0.7267, 0.9704, 0.8500, 0.9810, 0.9833, 0.9846,
        0.9500, 0.9667, 0.9667, 0.9667, 0.8889, 0.9167, 0.8000])
tensor([0.6500, 0.9722, 0.9453, 0.9378, 0.9273, 0.9048, 0.7467, 0.8378, 0.9422,
        0.9812, 0.9667, 0.9548, 0.9362, 0.9708, 1.0000, 0.9381, 0.9800, 0.9389,
        0.7846, 0.7667, 0.9889, 0.6778, 0.9250, 0.9733, 0.8778, 0.9042, 0.8500,
        0.5000, 0.9533, 0.8889, 0.7400, 0.9741, 0.8500, 0.9810, 0.9833, 0.9795,
        0.9500, 0.9667, 0.9652, 0.9667, 0.9000, 0.9167, 0.8333])
tensor([0.7333, 0.9750, 0.9547, 0.9556, 0.9242, 0.9000, 0.7800, 0.8378, 0.9333,
        0.9792, 0.9682, 0.9500, 0.9391, 0.9722, 1.0000, 0.9286, 0.9800, 0.9333,
        0.7949, 0.8333, 0.9889, 0.6778, 0.9250, 0.9800, 0.8778, 0.9062, 0.8278,
        0.5000, 0.9533, 0.8667, 0.7333, 0.9741, 0.7500, 0.9810, 0.9833, 0.9769,
        0.9417, 0.9667, 0.9609, 0.9667, 0.8778, 0.9167, 0.8222])
tensor([0.7500, 0.9750, 0.9600, 0.9489, 0.9288, 0.9048, 0.7600, 0.8378, 0.9378,
        0.9833, 0.9667, 0.9500, 0.9507, 0.9722, 1.0000, 0.9333, 0.9800, 0.9333,
        0.7897, 0.8333, 0.9889, 0.7000, 0.9167, 0.9733, 0.8778, 0.9062, 0.8667,
        0.5000, 0.9467, 0.8889, 0.7400, 0.9704, 0.8000, 0.9952, 0.9833, 0.9795,
        0.9417, 0.9667, 0.9652, 0.9667, 0.9000, 0.9000, 0.8333])
tensor([0.7833, 0.9750, 0.9587, 0.9556, 0.9333, 0.9016, 0.7800, 0.8400, 0.9422,
        0.9833, 0.9697, 0.9333, 0.9493, 0.9722, 1.0000, 0.9333, 0.9800, 0.9333,
        0.7769, 0.8333, 0.9889, 0.6778, 0.9167, 0.9733, 0.8778, 0.9104, 0.8778,
        0.5000, 0.9533, 0.8778, 0.7467, 0.9741, 0.8500, 0.9810, 0.9833, 0.9897,
        0.9333, 0.9667, 0.9623, 0.9667, 0.8667, 0.9167, 0.8000])
tensor([0.7833, 0.9750, 0.9600, 0.9667, 0.9273, 0.8984, 0.7733, 0.8467, 0.9422,
        0.9875, 0.9682, 0.9476, 0.9435, 0.9736, 1.0000, 0.9429, 0.9800, 0.9333,
        0.7974, 0.9167, 0.9889, 0.7000, 0.9250, 0.9733, 0.8667, 0.9083, 0.8667,
        0.5000, 0.9600, 0.8667, 0.7467, 0.9667, 0.8667, 0.9857, 0.9833, 0.9872,
        0.9500, 0.9667, 0.9667, 0.9667, 0.8667, 0.9500, 0.8889])
tensor([0.8167, 0.9750, 0.9520, 0.9600, 0.9197, 0.8968, 0.7733, 0.8400, 0.9422,
        0.9854, 0.9712, 0.9643, 0.9507, 0.9736, 1.0000, 0.9429, 0.9800, 0.9417,
        0.7846, 0.8833, 0.9889, 0.7000, 0.9167, 0.9800, 0.8556, 0.9062, 0.8778,
        0.5000, 0.9533, 0.8778, 0.7800, 0.9741, 0.8500, 0.9810, 0.9833, 0.9897,
        0.9583, 0.9500, 0.9652, 0.9667, 0.8778, 0.9333, 0.8889])
tensor([0.7333, 0.9736, 0.9613, 0.9289, 0.9288, 0.9063, 0.7733, 0.8444, 0.9489,
        0.9896, 0.9682, 0.9595, 0.9609, 0.9736, 1.0000, 0.9476, 0.9800, 0.9361,
        0.7949, 0.9000, 0.9889, 0.7000, 0.9167, 0.9733, 0.8556, 0.9125, 0.8444,
        0.5000, 0.9400, 0.9111, 0.7467, 0.9704, 0.7667, 0.9952, 0.9750, 0.9897,
        0.9583, 0.9333, 0.9623, 0.9667, 0.8667, 0.9000, 0.8889])
tensor([0.8333, 0.9694, 0.9640, 0.9289, 0.9348, 0.9175, 0.7733, 0.8400, 0.9444,
        0.9854, 0.9712, 0.9429, 0.9435, 0.9736, 1.0000, 0.9476, 0.9800, 0.9278,
        0.7923, 0.9000, 0.9889, 0.6889, 0.9250, 0.9800, 0.8667, 0.9187, 0.8556,
        0.5000, 0.9533, 0.8778, 0.7667, 0.9741, 0.9500, 0.9952, 0.9833, 0.9897,
        0.9500, 0.9500, 0.9667, 0.9667, 0.9000, 0.9500, 0.8000])
tensor([0.8167, 0.9694, 0.9640, 0.9444, 0.9364, 0.9032, 0.7733, 0.8556, 0.9533,
        0.9896, 0.9727, 0.9524, 0.9464, 0.9708, 1.0000, 0.9476, 0.9800, 0.9333,
        0.7872, 0.8333, 0.9889, 0.7222, 0.9167, 0.9600, 0.8778, 0.9125, 0.8722,
        0.5000, 0.9467, 0.8778, 0.8000, 0.9741, 0.8667, 0.9952, 0.9833, 0.9897,
        0.9500, 0.9500, 0.9725, 0.9667, 0.9000, 0.9333, 0.8556])
tensor([0.8000, 0.9694, 0.9573, 0.9289, 0.9364, 0.9095, 0.7867, 0.8578, 0.9533,
        0.9917, 0.9712, 0.9452, 0.9623, 0.9722, 1.0000, 0.9286, 0.9800, 0.9361,
        0.7897, 0.9000, 0.9889, 0.7222, 0.9167, 0.9800, 0.8667, 0.9125, 0.8722,
        0.5000, 0.9733, 0.8667, 0.7600, 0.9741, 0.8667, 0.9810, 0.9833, 0.9897,
        0.9583, 0.9500, 0.9696, 0.9667, 0.8778, 0.9333, 0.8000])
tensor([0.8333, 0.9750, 0.9627, 0.9467, 0.9288, 0.9095, 0.7733, 0.8644, 0.9467,
        0.9896, 0.9727, 0.9452, 0.9638, 0.9708, 1.0000, 0.9429, 0.9800, 0.9250,
        0.7821, 0.9333, 0.9889, 0.7111, 0.9167, 0.9800, 0.8667, 0.9187, 0.8778,
        0.5000, 0.9400, 0.8778, 0.7533, 0.9778, 0.8333, 0.9952, 0.9833, 0.9897,
        0.9583, 0.9500, 0.9696, 0.9667, 0.8889, 0.9500, 0.8889])
tensor([0.8333, 0.9750, 0.9613, 0.9244, 0.9258, 0.9190, 0.7600, 0.8756, 0.9378,
        0.9917, 0.9727, 0.9524, 0.9594, 0.9708, 1.0000, 0.9476, 0.9800, 0.9278,
        0.7897, 0.9167, 0.9889, 0.7111, 0.9333, 0.9800, 0.8667, 0.9125, 0.8667,
        0.5000, 0.9533, 0.8778, 0.7667, 0.9741, 0.8500, 0.9857, 0.9833, 0.9897,
        0.9583, 0.9667, 0.9725, 0.9667, 0.8778, 0.9333, 0.9000])
tensor([0.7667, 0.9764, 0.9640, 0.9356, 0.9364, 0.9079, 0.7733, 0.8489, 0.9644,
        0.9917, 0.9682, 0.9595, 0.9536, 0.9722, 1.0000, 0.9476, 0.9800, 0.9278,
        0.7821, 0.8333, 0.9889, 0.7222, 0.9250, 0.9533, 0.8667, 0.9083, 0.8722,
        0.5000, 0.9600, 0.8667, 0.8000, 0.9815, 0.7500, 0.9857, 0.9833, 0.9897,
        0.9583, 0.9500, 0.9710, 0.9667, 0.8889, 0.9333, 0.8667])
tensor([0.8333, 0.9667, 0.9640, 0.9267, 0.9394, 0.9222, 0.7800, 0.8511, 0.9600,
        0.9937, 0.9697, 0.9595, 0.9623, 0.9722, 1.0000, 0.9429, 0.9800, 0.9250,
        0.7821, 0.9667, 0.9889, 0.7222, 0.9250, 0.9800, 0.8667, 0.9083, 0.8722,
        0.5000, 0.9600, 0.8778, 0.7600, 0.9778, 0.7833, 0.9905, 0.9833, 0.9923,
        0.9583, 0.9500, 0.9667, 0.9667, 0.8778, 0.9333, 0.8667])
tensor([0.7833, 0.9681, 0.9707, 0.9467, 0.9303, 0.9143, 0.7867, 0.8622, 0.9578,
        0.9896, 0.9712, 0.9548, 0.9609, 0.9722, 1.0000, 0.9333, 0.9800, 0.9222,
        0.7897, 0.9500, 0.9889, 0.7222, 0.9250, 0.9800, 0.8778, 0.9187, 0.8611,
        0.5000, 0.9467, 0.8778, 0.7667, 0.9778, 0.7667, 0.9952, 0.9833, 0.9872,
        0.9500, 0.9667, 0.9681, 0.9667, 0.8667, 0.9500, 0.8333])
tensor([0.8000, 0.9736, 0.9627, 0.9489, 0.9394, 0.9175, 0.7667, 0.8533, 0.9578,
        0.9896, 0.9712, 0.9548, 0.9580, 0.9722, 1.0000, 0.9476, 0.9800, 0.9278,
        0.7897, 0.9500, 0.9889, 0.7222, 0.9250, 0.9800, 0.8778, 0.9187, 0.8667,
        0.5000, 0.9467, 0.8778, 0.8000, 0.9741, 0.8667, 0.9952, 0.9833, 0.9897,
        0.9583, 0.9500, 0.9681, 0.9667, 0.8778, 0.9333, 0.8667])
tensor([0.8000, 0.9694, 0.9653, 0.9178, 0.9394, 0.9159, 0.7800, 0.8622, 0.9556,
        0.9854, 0.9758, 0.9500, 0.9580, 0.9708, 1.0000, 0.9429, 0.9800, 0.9167,
        0.8000, 0.9167, 0.9889, 0.7222, 0.9333, 0.9800, 0.8778, 0.9208, 0.8444,
        0.5000, 0.9467, 0.8889, 0.7667, 0.9815, 0.7833, 0.9952, 0.9833, 0.9897,
        0.9417, 0.9667, 0.9710, 0.9667, 0.8778, 0.9333, 0.9333])
tensor([0.7833, 0.9736, 0.9640, 0.9444, 0.9379, 0.9127, 0.7733, 0.8689, 0.9622,
        0.9896, 0.9773, 0.9595, 0.9594, 0.9722, 1.0000, 0.9381, 0.9800, 0.9167,
        0.7949, 0.9500, 0.9889, 0.6667, 0.9333, 0.9800, 0.8667, 0.9125, 0.8722,
        0.5000, 0.9467, 0.8778, 0.7533, 0.9815, 0.8667, 0.9952, 0.9833, 0.9897,
        0.9500, 0.9667, 0.9710, 0.9667, 0.8889, 0.9333, 0.8889])
tensor([0.8333, 0.9708, 0.9693, 0.9489, 0.9318, 0.9143, 0.7667, 0.8622, 0.9578,
        0.9896, 0.9773, 0.9476, 0.9551, 0.9722, 1.0000, 0.9571, 0.9933, 0.9306,
        0.7897, 0.9333, 0.9889, 0.7222, 0.9333, 0.9800, 0.8667, 0.9208, 0.8667,
        0.5000, 0.9467, 0.9111, 0.7733, 0.9778, 0.8500, 0.9952, 0.9833, 0.9923,
        0.9583, 0.9667, 0.9725, 0.9667, 0.8778, 0.9833, 0.8444])
tensor([0.8500, 0.9722, 0.9627, 0.9511, 0.9394, 0.9063, 0.7867, 0.8400, 0.9667,
        0.9917, 0.9727, 0.9524, 0.9507, 0.9736, 1.0000, 0.9524, 0.9800, 0.9139,
        0.7974, 0.9333, 0.9889, 0.7222, 0.9333, 0.9800, 0.8667, 0.9208, 0.8500,
        0.5000, 0.9533, 0.9000, 0.7800, 0.9778, 0.8333, 0.9905, 0.9833, 0.9897,
        0.9583, 0.9333, 0.9710, 0.9667, 0.8889, 0.9667, 0.8889])
tensor([0.8500, 0.9722, 0.9693, 0.9489, 0.9318, 0.9111, 0.7800, 0.8511, 0.9667,
        0.9917, 0.9742, 0.9595, 0.9565, 0.9694, 1.0000, 0.9476, 0.9933, 0.9250,
        0.8026, 0.9167, 0.9889, 0.7222, 0.9333, 0.9800, 0.8667, 0.9167, 0.8500,
        0.5000, 0.9600, 0.9000, 0.8000, 0.9815, 0.8333, 0.9952, 0.9833, 0.9923,
        0.9583, 0.9500, 0.9739, 0.9667, 0.9000, 1.0000, 0.8889])
tensor([0.8333, 0.9722, 0.9600, 0.9467, 0.9364, 0.9190, 0.8000, 0.8556, 0.9644,
        0.9937, 0.9742, 0.9500, 0.9565, 0.9694, 1.0000, 0.9429, 0.9800, 0.9167,
        0.7923, 0.9333, 0.9889, 0.7111, 0.9333, 0.9800, 0.8556, 0.9208, 0.8500,
        0.5000, 0.9400, 0.9333, 0.7667, 0.9815, 0.7500, 0.9905, 0.9833, 0.9923,
        0.9500, 0.9667, 0.9754, 0.9667, 0.8778, 0.9667, 0.8556])
tensor([0.8333, 0.9722, 0.9720, 0.9467, 0.9348, 0.9095, 0.7800, 0.8533, 0.9644,
        0.9937, 0.9758, 0.9595, 0.9565, 0.9722, 1.0000, 0.9476, 0.9800, 0.9250,
        0.7821, 0.9333, 0.9889, 0.7222, 0.9333, 0.9800, 0.8778, 0.9208, 0.8667,
        0.5000, 0.9467, 0.9000, 0.7867, 0.9852, 0.7833, 0.9952, 0.9833, 0.9923,
        0.9583, 0.9667, 0.9754, 0.9667, 0.8889, 0.9333, 0.9444])
tensor([0.8333, 0.9750, 0.9653, 0.9533, 0.9333, 0.9111, 0.7667, 0.8622, 0.9689,
        0.9937, 0.9727, 0.9548, 0.9652, 0.9736, 1.0000, 0.9571, 0.9867, 0.9139,
        0.7974, 0.9500, 0.9889, 0.7222, 0.9333, 0.9800, 0.8667, 0.9208, 0.8444,
        0.5000, 0.9467, 0.9222, 0.7800, 0.9815, 0.7500, 0.9952, 0.9833, 0.9923,
        0.9583, 0.9667, 0.9696, 0.9667, 0.8667, 0.9667, 0.9222])
tensor([0.7833, 0.9736, 0.9667, 0.9422, 0.9318, 0.9190, 0.8000, 0.8644, 0.9667,
        0.9937, 0.9712, 0.9619, 0.9609, 0.9722, 1.0000, 0.9571, 0.9867, 0.9278,
        0.7872, 0.9167, 0.9889, 0.7222, 0.9333, 0.9800, 0.8778, 0.9208, 0.8444,
        0.5000, 0.9467, 0.9111, 0.7933, 0.9852, 0.7333, 0.9952, 0.9833, 0.9923,
        0.9583, 0.9667, 0.9710, 0.9667, 0.8889, 0.9667, 0.9222])
tensor([0.8500, 0.9722, 0.9707, 0.9356, 0.9303, 0.9111, 0.7600, 0.8667, 0.9689,
        0.9937, 0.9773, 0.9595, 0.9551, 0.9736, 1.0000, 0.9571, 0.9867, 0.9306,
        0.7872, 0.9500, 0.9889, 0.6889, 0.9333, 0.9800, 0.8778, 0.9208, 0.8444,
        0.5000, 0.9467, 0.9000, 0.7733, 0.9815, 0.8000, 0.9905, 0.9833, 0.9949,
        0.9583, 0.9667, 0.9754, 0.9667, 0.8778, 0.9667, 0.9222])
tensor([0.8500, 0.9722, 0.9707, 0.9711, 0.9303, 0.9127, 0.7800, 0.8622, 0.9689,
        0.9896, 0.9758, 0.9643, 0.9652, 0.9722, 1.0000, 0.9524, 0.9867, 0.9361,
        0.7821, 0.9833, 0.9889, 0.6889, 0.9333, 0.9800, 0.8556, 0.9208, 0.8611,
        0.5000, 0.9400, 0.9222, 0.7600, 0.9815, 0.7500, 0.9905, 0.9833, 0.9897,
        0.9583, 0.9667, 0.9710, 0.9667, 0.8778, 0.9500, 0.9556])
tensor([0.8500, 0.9708, 0.9720, 0.9444, 0.9364, 0.9222, 0.7800, 0.8667, 0.9667,
        0.9937, 0.9742, 0.9690, 0.9652, 0.9722, 1.0000, 0.9571, 0.9867, 0.9250,
        0.7949, 0.9833, 0.9889, 0.7222, 0.9333, 0.9800, 0.8667, 0.9208, 0.8556,
        0.5000, 0.9467, 0.8889, 0.7867, 0.9778, 0.7500, 0.9952, 0.9833, 0.9923,
        0.9667, 0.9667, 0.9681, 0.9667, 0.8778, 0.9833, 0.8889])
tensor([0.8500, 0.9722, 0.9747, 0.9444, 0.9318, 0.9159, 0.7800, 0.8733, 0.9689,
        0.9937, 0.9742, 0.9619, 0.9667, 0.9722, 1.0000, 0.9476, 0.9867, 0.9417,
        0.7846, 0.9667, 0.9889, 0.7111, 0.9333, 0.9800, 0.8778, 0.9208, 0.8556,
        0.5000, 0.9467, 0.9222, 0.7933, 0.9815, 0.7500, 0.9905, 0.9833, 0.9923,
        0.9667, 0.9667, 0.9667, 0.9667, 0.8889, 0.9833, 0.9000])
tensor([0.9000, 0.9667, 0.9667, 0.9622, 0.9409, 0.9159, 0.7733, 0.8711, 0.9644,
        0.9896, 0.9773, 0.9524, 0.9609, 0.9722, 1.0000, 0.9619, 0.9933, 0.9278,
        0.7923, 0.9833, 0.9889, 0.7000, 0.9333, 0.9800, 0.8778, 0.9208, 0.8333,
        0.5000, 0.9467, 0.9222, 0.7667, 0.9815, 0.8833, 0.9905, 0.9833, 0.9923,
        0.9667, 0.9667, 0.9696, 0.9667, 0.8889, 0.9833, 0.9667])
tensor([0.8833, 0.9694, 0.9667, 0.9600, 0.9273, 0.9206, 0.7667, 0.8689, 0.9644,
        0.9917, 0.9788, 0.9571, 0.9623, 0.9708, 1.0000, 0.9667, 0.9867, 0.9250,
        0.7846, 0.9500, 0.9889, 0.6667, 0.9333, 0.9800, 0.8778, 0.9208, 0.8611,
        0.5000, 0.9467, 0.9111, 0.7933, 0.9852, 0.8500, 0.9857, 0.9833, 0.9949,
        0.9667, 0.9667, 0.9696, 0.9667, 0.8778, 1.0000, 0.9556])
tensor([0.8500, 0.9708, 0.9747, 0.9622, 0.9318, 0.9206, 0.7733, 0.8756, 0.9622,
        0.9896, 0.9758, 0.9595, 0.9667, 0.9708, 1.0000, 0.9619, 0.9933, 0.9278,
        0.7872, 0.9500, 0.9889, 0.7111, 0.9333, 0.9800, 0.8667, 0.9208, 0.8611,
        0.5000, 0.9467, 0.9000, 0.7867, 0.9815, 0.8333, 0.9905, 0.9833, 0.9923,
        0.9583, 0.9667, 0.9710, 0.9667, 0.9000, 1.0000, 0.9444])
tensor([0.8333, 0.9722, 0.9760, 0.9400, 0.9364, 0.9175, 0.7600, 0.8533, 0.9667,
        0.9937, 0.9712, 0.9524, 0.9638, 0.9736, 1.0000, 0.9571, 0.9867, 0.9222,
        0.7949, 0.9500, 0.9889, 0.7222, 0.9333, 0.9800, 0.8778, 0.9208, 0.8500,
        0.5000, 0.9400, 0.9000, 0.7867, 0.9815, 0.8000, 0.9952, 0.9917, 0.9923,
        0.9667, 0.9667, 0.9739, 0.9667, 0.8778, 1.0000, 0.9444])
tensor([0.8333, 0.9694, 0.9760, 0.9778, 0.9348, 0.9143, 0.7800, 0.8711, 0.9711,
        0.9937, 0.9758, 0.9548, 0.9652, 0.9764, 1.0000, 0.9667, 0.9800, 0.9278,
        0.7949, 1.0000, 0.9889, 0.7222, 0.9333, 0.9800, 0.8778, 0.9208, 0.8333,
        0.5000, 0.9400, 0.9222, 0.7800, 0.9815, 0.8333, 0.9952, 0.9917, 0.9897,
        0.9667, 0.9667, 0.9696, 0.9667, 0.8778, 0.9667, 0.9333])
tensor([0.8333, 0.9694, 0.9787, 0.9533, 0.9424, 0.9206, 0.7733, 0.8778, 0.9667,
        0.9896, 0.9803, 0.9643, 0.9652, 0.9750, 1.0000, 0.9476, 0.9867, 0.9361,
        0.7949, 0.9833, 0.9889, 0.7111, 0.9333, 0.9800, 0.8778, 0.9187, 0.8444,
        0.5000, 0.9400, 0.9222, 0.7800, 0.9815, 0.8667, 0.9905, 0.9833, 0.9923,
        0.9667, 0.9667, 0.9725, 0.9667, 0.8778, 0.9833, 0.9556])
tensor([0.8667, 0.9694, 0.9773, 0.9556, 0.9333, 0.9143, 0.7933, 0.8822, 0.9689,
        0.9896, 0.9773, 0.9548, 0.9638, 0.9722, 1.0000, 0.9571, 0.9933, 0.9278,
        0.7923, 0.9833, 0.9889, 0.7222, 0.9333, 0.9800, 0.8667, 0.9208, 0.8389,
        0.5000, 0.9333, 0.9222, 0.7733, 0.9815, 0.8667, 0.9905, 0.9833, 0.9923,
        0.9667, 0.9667, 0.9681, 0.9667, 0.8889, 1.0000, 0.9333])
tensor([0.8333, 0.9722, 0.9800, 0.9400, 0.9364, 0.9238, 0.7933, 0.8556, 0.9733,
        0.9896, 0.9788, 0.9690, 0.9667, 0.9736, 1.0000, 0.9524, 0.9867, 0.9333,
        0.7949, 0.9167, 0.9889, 0.7222, 0.9333, 0.9867, 0.8778, 0.9167, 0.8556,
        0.5000, 0.9667, 0.9000, 0.7933, 0.9852, 0.7500, 0.9905, 0.9917, 0.9923,
        0.9583, 0.9667, 0.9725, 0.9667, 0.8889, 1.0000, 0.9667])
tensor([0.8333, 0.9694, 0.9747, 0.9467, 0.9364, 0.9175, 0.7800, 0.8644, 0.9733,
        0.9896, 0.9758, 0.9500, 0.9667, 0.9722, 1.0000, 0.9714, 0.9867, 0.9333,
        0.8000, 0.9500, 0.9889, 0.7111, 0.9333, 0.9800, 0.8667, 0.9208, 0.8500,
        0.5000, 0.9600, 0.9222, 0.7933, 0.9778, 0.9000, 0.9857, 0.9833, 0.9923,
        0.9667, 0.9667, 0.9739, 0.9667, 0.9000, 1.0000, 0.9444])
tensor([0.8667, 0.9708, 0.9760, 0.9444, 0.9379, 0.9143, 0.7800, 0.8844, 0.9733,
        0.9917, 0.9803, 0.9595, 0.9696, 0.9736, 1.0000, 0.9571, 0.9933, 0.9417,
        0.8000, 0.9333, 0.9889, 0.7222, 0.9333, 0.9867, 0.8667, 0.9208, 0.8667,
        0.5000, 0.9533, 0.9000, 0.8000, 0.9778, 0.8833, 0.9905, 0.9833, 0.9923,
        0.9667, 0.9667, 0.9739, 0.9667, 0.8889, 0.9833, 0.9444])
tensor([0.8833, 0.9708, 0.9773, 0.9489, 0.9318, 0.9175, 0.7933, 0.8689, 0.9733,
        0.9937, 0.9742, 0.9548, 0.9696, 0.9722, 1.0000, 0.9714, 0.9933, 0.9250,
        0.7897, 0.9667, 0.9889, 0.7222, 0.9333, 0.9800, 0.8667, 0.9208, 0.8556,
        0.5000, 0.9600, 0.9222, 0.7933, 0.9741, 0.8667, 0.9905, 0.9833, 0.9923,
        0.9750, 0.9667, 0.9739, 0.9667, 0.8889, 1.0000, 0.9556])
tensor([0.8667, 0.9694, 0.9773, 0.9444, 0.9409, 0.9143, 0.7933, 0.8800, 0.9733,
        0.9896, 0.9758, 0.9548, 0.9696, 0.9750, 1.0000, 0.9714, 0.9933, 0.9306,
        0.7897, 0.9667, 0.9889, 0.7222, 0.9333, 0.9800, 0.8778, 0.9250, 0.8500,
        0.5000, 0.9400, 0.9222, 0.8000, 0.9778, 0.8667, 0.9857, 0.9833, 0.9923,
        0.9667, 0.9667, 0.9768, 0.9667, 0.8889, 0.9833, 0.9556])
tensor([0.8833, 0.9681, 0.9733, 0.9578, 0.9424, 0.9159, 0.7800, 0.8956, 0.9733,
        0.9896, 0.9788, 0.9619, 0.9681, 0.9736, 1.0000, 0.9762, 0.9867, 0.9278,
        0.7897, 1.0000, 0.9889, 0.7222, 0.9333, 0.9867, 0.8778, 0.9208, 0.8556,
        0.5000, 0.9533, 0.8889, 0.7933, 0.9852, 0.8000, 0.9857, 0.9833, 0.9949,
        0.9667, 0.9667, 0.9739, 0.9667, 0.8889, 0.9833, 0.9556])
tensor([0.9500, 0.9681, 0.9747, 0.9489, 0.9273, 0.9254, 0.7800, 0.8711, 0.9733,
        0.9917, 0.9788, 0.9619, 0.9710, 0.9736, 1.0000, 0.9714, 0.9933, 0.9333,
        0.7923, 0.9667, 0.9889, 0.6667, 0.9333, 0.9867, 0.8778, 0.9208, 0.8500,
        0.5000, 0.9400, 0.9222, 0.7933, 0.9815, 0.9500, 0.9857, 0.9833, 0.9949,
        0.9750, 0.9667, 0.9768, 0.9667, 0.8778, 1.0000, 0.8889])
tensor([0.8667, 0.9708, 0.9787, 0.9467, 0.9409, 0.9175, 0.8067, 0.8889, 0.9733,
        0.9917, 0.9803, 0.9690, 0.9696, 0.9722, 1.0000, 0.9667, 0.9933, 0.9333,
        0.8000, 0.9667, 0.9889, 0.6889, 0.9333, 0.9867, 0.8778, 0.9208, 0.8500,
        0.5000, 0.9667, 0.8889, 0.8067, 0.9778, 0.8500, 0.9857, 0.9833, 0.9949,
        0.9667, 0.9667, 0.9754, 0.9667, 0.8889, 0.9833, 0.9333])
tensor([0.8500, 0.9681, 0.9800, 0.9800, 0.9424, 0.9159, 0.7733, 0.8889, 0.9711,
        0.9917, 0.9803, 0.9667, 0.9638, 0.9750, 1.0000, 0.9762, 0.9933, 0.9278,
        0.7949, 0.9833, 0.9889, 0.6889, 0.9333, 0.9800, 0.8667, 0.9229, 0.8500,
        0.5000, 0.9467, 0.9222, 0.7867, 0.9815, 0.8500, 0.9905, 0.9833, 0.9923,
        0.9583, 0.9667, 0.9754, 0.9667, 0.8889, 0.9667, 0.9556])
tensor([0.8667, 0.9694, 0.9800, 0.9578, 0.9439, 0.9127, 0.7867, 0.8956, 0.9733,
        0.9937, 0.9803, 0.9714, 0.9623, 0.9736, 1.0000, 0.9524, 0.9933, 0.9278,
        0.8000, 1.0000, 0.9889, 0.7000, 0.9333, 0.9867, 0.8667, 0.9208, 0.8333,
        0.5000, 0.9333, 0.9222, 0.7733, 0.9852, 0.7333, 0.9952, 0.9833, 0.9923,
        0.9667, 0.9667, 0.9710, 0.9667, 0.9000, 0.9500, 0.9667])
tensor([0.8333, 0.9694, 0.9800, 0.9533, 0.9439, 0.9175, 0.7933, 0.8822, 0.9733,
        0.9937, 0.9788, 0.9667, 0.9652, 0.9750, 1.0000, 0.9571, 0.9867, 0.9333,
        0.8000, 1.0000, 0.9889, 0.7222, 0.9333, 0.9800, 0.8778, 0.9250, 0.8389,
        0.5000, 0.9467, 0.9000, 0.7800, 0.9815, 0.7833, 0.9952, 0.9833, 0.9923,
        0.9667, 0.9667, 0.9696, 0.9667, 0.8889, 0.9333, 0.9444])
tensor([0.8833, 0.9708, 0.9773, 0.9578, 0.9318, 0.9206, 0.8067, 0.8800, 0.9733,
        0.9937, 0.9773, 0.9571, 0.9667, 0.9750, 1.0000, 0.9810, 0.9933, 0.9361,
        0.7949, 0.9500, 0.9889, 0.6778, 0.9333, 0.9800, 0.8889, 0.9208, 0.8500,
        0.5000, 0.9333, 0.9111, 0.7933, 0.9852, 0.9000, 0.9905, 0.9917, 0.9923,
        0.9667, 0.9667, 0.9696, 0.9667, 0.8889, 1.0000, 0.9444])
tensor([0.8667, 0.9681, 0.9720, 0.9578, 0.9364, 0.9175, 0.7800, 0.8933, 0.9733,
        0.9979, 0.9788, 0.9667, 0.9739, 0.9778, 1.0000, 0.9810, 0.9933, 0.9389,
        0.7821, 0.9833, 0.9889, 0.6778, 0.9333, 0.9867, 0.8778, 0.9208, 0.8667,
        0.5000, 0.9333, 0.9222, 0.7933, 0.9852, 0.9000, 0.9952, 0.9917, 0.9897,
        0.9583, 0.9667, 0.9725, 0.9667, 0.8778, 0.9667, 0.9222])
tensor([0.8833, 0.9694, 0.9733, 0.9556, 0.9439, 0.9127, 0.7933, 0.8800, 0.9733,
        0.9958, 0.9788, 0.9619, 0.9696, 0.9722, 1.0000, 0.9571, 0.9933, 0.9333,
        0.8051, 0.9667, 0.9889, 0.6444, 0.9333, 0.9867, 0.8778, 0.9208, 0.8444,
        0.5000, 0.9533, 0.9222, 0.7867, 0.9889, 0.8500, 0.9857, 0.9833, 0.9923,
        0.9583, 0.9667, 0.9754, 0.9667, 0.8889, 0.9833, 0.9222])
tensor([0.8667, 0.9708, 0.9787, 0.9689, 0.9409, 0.9143, 0.8067, 0.8867, 0.9733,
        0.9979, 0.9788, 0.9643, 0.9710, 0.9736, 1.0000, 0.9762, 0.9933, 0.9278,
        0.7872, 1.0000, 0.9889, 0.6556, 0.9333, 0.9933, 0.8778, 0.9208, 0.8444,
        0.5000, 0.9400, 0.9222, 0.7933, 0.9889, 0.7667, 0.9952, 0.9917, 0.9949,
        0.9667, 0.9667, 0.9739, 0.9667, 0.8889, 0.9500, 0.9556])
tensor([0.8667, 0.9708, 0.9813, 0.9644, 0.9439, 0.9143, 0.7933, 0.8778, 0.9733,
        0.9896, 0.9788, 0.9667, 0.9739, 0.9736, 1.0000, 0.9667, 0.9933, 0.9278,
        0.8000, 0.9667, 0.9889, 0.7000, 0.9333, 0.9867, 0.8778, 0.9229, 0.8444,
        0.5000, 0.9400, 0.9000, 0.7800, 0.9815, 0.8000, 0.9952, 0.9833, 0.9923,
        0.9667, 0.9667, 0.9797, 0.9667, 0.8778, 0.9333, 0.9556])
tensor([0.8833, 0.9694, 0.9813, 0.9778, 0.9348, 0.9127, 0.7800, 0.8867, 0.9711,
        0.9979, 0.9773, 0.9762, 0.9696, 0.9736, 1.0000, 0.9714, 0.9933, 0.9278,
        0.7974, 0.9833, 0.9889, 0.6889, 0.9333, 0.9867, 0.8778, 0.9187, 0.8500,
        0.5000, 0.9533, 0.9222, 0.7800, 0.9815, 0.7667, 0.9952, 0.9917, 0.9923,
        0.9583, 0.9667, 0.9739, 0.9667, 0.8889, 0.9667, 0.9444])
tensor([0.8667, 0.9694, 0.9787, 0.9511, 0.9409, 0.9206, 0.7933, 0.8778, 0.9733,
        0.9958, 0.9773, 0.9667, 0.9725, 0.9750, 1.0000, 0.9810, 0.9933, 0.9278,
        0.8026, 1.0000, 0.9889, 0.6667, 0.9333, 0.9800, 0.8778, 0.9208, 0.8611,
        0.5000, 0.9533, 0.9000, 0.8000, 0.9815, 0.8000, 0.9952, 0.9917, 0.9923,
        0.9750, 0.9667, 0.9710, 0.9667, 0.8889, 0.9667, 0.9444])
