tensor([1., 0., 0., 0., 0., 0., 0., 0., 0., 0., 0., 0., 0., 0., 0., 0., 0., 0.,
        0., 0., 0., 0., 0., 0., 0., 0., 0., 0., 0., 0., 0., 0., 0., 0., 0., 0.,
        0., 0., 0., 0., 0., 0., 0.])
tensor([0.5000, 0.0000, 0.0000, 0.0000, 0.0000, 0.0000, 0.0000, 0.0000, 0.0000,
        0.0000, 0.0000, 0.0000, 0.0000, 0.0000, 0.0000, 0.0000, 0.0000, 0.0000,
        0.0000, 0.0000, 0.0000, 0.0000, 0.0000, 0.0000, 0.0000, 0.0000, 0.0000,
        0.0000, 0.0000, 0.0000, 0.0000, 0.0000, 0.0000, 0.0000, 0.0000, 0.0000,
        0.0000, 0.0000, 0.7928, 0.0000, 0.0000, 0.0000, 0.0000])
tensor([0.0000, 0.0125, 0.4653, 0.0000, 0.0000, 0.0000, 0.0000, 0.0000, 0.0000,
        0.0000, 0.8939, 0.0000, 0.1449, 0.0000, 0.0000, 0.0000, 0.0000, 0.0000,
        0.0000, 0.0000, 0.0000, 0.0000, 0.0000, 0.0000, 0.0000, 0.0000, 0.0000,
        0.0000, 0.0000, 0.0000, 0.0000, 0.0000, 0.0000, 0.0000, 0.0000, 0.0000,
        0.0000, 0.0000, 0.0000, 0.0000, 0.0000, 0.0000, 0.0000])
tensor([0.0000, 0.0083, 0.5053, 0.0000, 0.0000, 0.0000, 0.0000, 0.0000, 0.0000,
        0.0000, 0.8742, 0.0000, 0.0768, 0.0000, 0.0000, 0.0000, 0.0000, 0.0000,
        0.0000, 0.0000, 0.0000, 0.0000, 0.0000, 0.0000, 0.0000, 0.0000, 0.0000,
        0.0000, 0.0000, 0.0000, 0.0000, 0.0000, 0.0000, 0.0000, 0.0000, 0.0000,
        0.0000, 0.0000, 0.0000, 0.0000, 0.0000, 0.0000, 0.0000])
tensor([0.0000, 0.2875, 0.3640, 0.0000, 0.0000, 0.0000, 0.0000, 0.0000, 0.0000,
        0.0000, 0.8939, 0.0000, 0.0681, 0.0042, 0.0000, 0.0000, 0.0000, 0.0000,
        0.0000, 0.0000, 0.0000, 0.0000, 0.0000, 0.0000, 0.0000, 0.0000, 0.0000,
        0.0000, 0.0000, 0.0000, 0.0000, 0.0000, 0.0000, 0.0000, 0.0000, 0.0000,
        0.0000, 0.0000, 0.0000, 0.0000, 0.0000, 0.0000, 0.0000])
tensor([0.0000, 0.4097, 0.2493, 0.0000, 0.0091, 0.0000, 0.0000, 0.0000, 0.0000,
        0.0000, 0.8909, 0.0000, 0.1493, 0.1181, 0.0000, 0.0000, 0.0000, 0.0000,
        0.0000, 0.0000, 0.0000, 0.0000, 0.0000, 0.0000, 0.0000, 0.0000, 0.0000,
        0.0000, 0.0000, 0.0000, 0.0000, 0.0000, 0.0000, 0.0000, 0.0000, 0.0000,
        0.0000, 0.0000, 0.0101, 0.0000, 0.0000, 0.0000, 0.0000])
tensor([0.0000, 0.4167, 0.2320, 0.0000, 0.0561, 0.0000, 0.0000, 0.0000, 0.0000,
        0.0000, 0.8591, 0.0000, 0.4435, 0.2097, 0.0000, 0.0000, 0.0000, 0.0000,
        0.0000, 0.0000, 0.0000, 0.0000, 0.0000, 0.0000, 0.0000, 0.0000, 0.0000,
        0.0000, 0.0000, 0.0000, 0.0000, 0.0000, 0.0000, 0.0000, 0.0000, 0.0000,
        0.0000, 0.0000, 0.0406, 0.0000, 0.0000, 0.0000, 0.0000])
tensor([0.0000, 0.3792, 0.2493, 0.0000, 0.0879, 0.0000, 0.0000, 0.0000, 0.0000,
        0.0000, 0.8242, 0.0000, 0.6377, 0.3069, 0.0000, 0.0000, 0.0000, 0.0000,
        0.0000, 0.0000, 0.0000, 0.0000, 0.0000, 0.0000, 0.0000, 0.0000, 0.0000,
        0.0000, 0.0000, 0.0000, 0.0000, 0.0000, 0.0000, 0.0000, 0.0000, 0.0000,
        0.0000, 0.0000, 0.1174, 0.0000, 0.0000, 0.0000, 0.0000])
tensor([0.0000, 0.2306, 0.3853, 0.0000, 0.0985, 0.0000, 0.0000, 0.0000, 0.0000,
        0.0000, 0.8409, 0.0000, 0.6812, 0.5389, 0.0000, 0.0000, 0.0000, 0.5583,
        0.0000, 0.0000, 0.0000, 0.0000, 0.0000, 0.0000, 0.0000, 0.0000, 0.0000,
        0.0000, 0.0000, 0.0000, 0.0000, 0.0000, 0.0000, 0.0000, 0.0000, 0.0000,
        0.0000, 0.0000, 0.7594, 0.0000, 0.0000, 0.0000, 0.0000])
tensor([0.0000, 0.1250, 0.4507, 0.0378, 0.1273, 0.0127, 0.0000, 0.0000, 0.0000,
        0.0000, 0.9227, 0.0881, 0.7667, 0.7653, 0.1111, 0.0000, 0.0000, 0.8278,
        0.0000, 0.0000, 0.0000, 0.0000, 0.0000, 0.0000, 0.0000, 0.1479, 0.0000,
        0.0000, 0.0000, 0.0000, 0.0000, 0.0000, 0.0000, 0.0000, 0.0000, 0.0000,
        0.0000, 0.0000, 0.8362, 0.0000, 0.0000, 0.0000, 0.0000])
tensor([0.0000, 0.4333, 0.2720, 0.1378, 0.1864, 0.0349, 0.0000, 0.0000, 0.0000,
        0.1250, 0.9273, 0.5286, 0.7725, 0.8806, 0.7556, 0.0000, 0.0000, 0.6194,
        0.3128, 0.0000, 0.0000, 0.0000, 0.0000, 0.0000, 0.0000, 0.4333, 0.0000,
        0.0000, 0.0000, 0.0000, 0.0000, 0.0000, 0.0000, 0.0000, 0.0000, 0.2462,
        0.0000, 0.0000, 0.8420, 0.0000, 0.0000, 0.0000, 0.0000])
tensor([0.0000, 0.6694, 0.1173, 0.2311, 0.2606, 0.1270, 0.0000, 0.0978, 0.0244,
        0.2729, 0.8939, 0.6190, 0.7754, 0.9139, 0.7889, 0.0000, 0.0000, 0.6361,
        0.3923, 0.0000, 0.0000, 0.0000, 0.0000, 0.0000, 0.0000, 0.5229, 0.1000,
        0.0000, 0.0000, 0.0000, 0.0000, 0.0148, 0.0000, 0.0000, 0.0000, 0.4026,
        0.0000, 0.0000, 0.8522, 0.0000, 0.0000, 0.0000, 0.0000])
tensor([0.0000, 0.6042, 0.1720, 0.2844, 0.2621, 0.1492, 0.0000, 0.1822, 0.1000,
        0.5000, 0.8879, 0.6619, 0.8014, 0.9208, 0.7926, 0.2143, 0.1533, 0.7611,
        0.4359, 0.0000, 0.0000, 0.0000, 0.0167, 0.0067, 0.0000, 0.6542, 0.1722,
        0.0000, 0.0800, 0.0000, 0.0000, 0.0815, 0.0500, 0.1381, 0.0000, 0.4333,
        0.0000, 0.0000, 0.8855, 0.0000, 0.0000, 0.0000, 0.0000])
tensor([0.0000, 0.6708, 0.1480, 0.3200, 0.3318, 0.0984, 0.3667, 0.3089, 0.1600,
        0.6667, 0.8682, 0.7381, 0.8478, 0.9167, 0.8000, 0.4762, 0.3667, 0.8194,
        0.4923, 0.0000, 0.0000, 0.0222, 0.1667, 0.0133, 0.0000, 0.6833, 0.2944,
        0.0000, 0.1667, 0.0000, 0.0267, 0.1778, 0.4500, 0.4190, 0.0000, 0.5538,
        0.0000, 0.0000, 0.9290, 0.0000, 0.0000, 0.0833, 0.0000])
tensor([0.0000, 0.6458, 0.2667, 0.4622, 0.4182, 0.2032, 0.1933, 0.3289, 0.1511,
        0.7292, 0.9000, 0.7619, 0.8290, 0.9292, 0.8556, 0.7381, 0.6200, 0.8167,
        0.5231, 0.0000, 0.0000, 0.0667, 0.3833, 0.0667, 0.0000, 0.7542, 0.4222,
        0.0000, 0.4200, 0.0000, 0.0133, 0.2667, 0.6167, 0.7286, 0.0083, 0.6205,
        0.0167, 0.0333, 0.8942, 0.3222, 0.4444, 0.1333, 0.0000])
tensor([0.0000, 0.6347, 0.3613, 0.6356, 0.5652, 0.1698, 0.4600, 0.4800, 0.3289,
        0.8062, 0.8758, 0.7905, 0.8435, 0.9361, 0.9037, 0.8810, 0.8400, 0.8333,
        0.6128, 0.0000, 0.0000, 0.0556, 0.7667, 0.1667, 0.0000, 0.7792, 0.5500,
        0.0000, 0.6333, 0.0111, 0.0933, 0.4148, 0.6500, 0.8905, 0.7417, 0.9051,
        0.4167, 0.5667, 0.9449, 0.6667, 0.6333, 0.2500, 0.2778])
tensor([0.0000, 0.6208, 0.4987, 0.6733, 0.6424, 0.2206, 0.5067, 0.5000, 0.4400,
        0.8438, 0.8894, 0.7881, 0.8652, 0.9417, 0.9296, 0.8905, 0.8733, 0.8389,
        0.6179, 0.0000, 0.0889, 0.0000, 0.9000, 0.2733, 0.0000, 0.8083, 0.6167,
        0.0000, 0.7133, 0.0444, 0.0533, 0.5259, 0.6667, 0.9381, 0.7333, 0.9282,
        0.4583, 0.7000, 0.9696, 0.6778, 0.6444, 0.2667, 0.4667])
tensor([0.0000, 0.5958, 0.5960, 0.7711, 0.6758, 0.3381, 0.5800, 0.5356, 0.6444,
        0.8792, 0.9091, 0.7571, 0.8783, 0.9542, 0.9444, 0.9190, 0.9333, 0.8472,
        0.5974, 0.0000, 0.2000, 0.0889, 0.9083, 0.4200, 0.0333, 0.7875, 0.6278,
        0.0000, 0.7533, 0.0556, 0.3600, 0.6481, 0.7167, 0.9619, 0.8167, 0.9564,
        0.7583, 0.8167, 0.9594, 0.7333, 0.6222, 0.6333, 0.6222])
tensor([0.0000, 0.6583, 0.6720, 0.8022, 0.6879, 0.4079, 0.5800, 0.5400, 0.7289,
        0.9229, 0.9000, 0.7690, 0.8928, 0.9597, 0.9630, 0.9190, 0.8933, 0.8806,
        0.6051, 0.0000, 0.2444, 0.3222, 0.9167, 0.5267, 0.1111, 0.7979, 0.5889,
        0.1667, 0.8267, 0.0667, 0.3600, 0.6704, 0.7500, 0.9714, 0.8250, 0.9487,
        0.8250, 0.8167, 0.9580, 0.6667, 0.6556, 0.5500, 0.7111])
tensor([0.0000, 0.6722, 0.7747, 0.9178, 0.7030, 0.4921, 0.6733, 0.6000, 0.7867,
        0.9312, 0.9242, 0.8071, 0.9029, 0.9653, 0.9778, 0.9524, 0.9200, 0.9000,
        0.6128, 0.0167, 0.2889, 0.3667, 0.9167, 0.5267, 0.1333, 0.8167, 0.6389,
        0.2333, 0.7600, 0.1222, 0.4000, 0.7148, 0.8167, 0.9571, 0.8500, 0.9718,
        0.8917, 0.8167, 0.9493, 0.6667, 0.6667, 0.6000, 0.8000])
tensor([0.0000, 0.6778, 0.7920, 0.9156, 0.7758, 0.5413, 0.6000, 0.6000, 0.8133,
        0.9542, 0.9212, 0.8262, 0.9000, 0.9625, 0.9630, 0.9524, 0.9267, 0.8944,
        0.6205, 0.0333, 0.3000, 0.4556, 0.9167, 0.5800, 0.2667, 0.8208, 0.6722,
        0.2333, 0.7933, 0.2778, 0.5400, 0.7185, 0.8333, 0.9905, 0.8667, 0.9744,
        0.9000, 0.8667, 0.9652, 0.9333, 0.7556, 0.6000, 0.8111])
tensor([0.0000, 0.7208, 0.8147, 0.9178, 0.7606, 0.5810, 0.6800, 0.6600, 0.8289,
        0.9625, 0.9318, 0.8262, 0.9058, 0.9681, 0.9852, 0.9476, 0.9067, 0.9083,
        0.6205, 0.1833, 0.3444, 0.5444, 0.9250, 0.6200, 0.2556, 0.8417, 0.6556,
        0.2833, 0.7667, 0.2889, 0.5533, 0.7407, 0.8167, 0.9905, 0.8833, 0.9821,
        0.9000, 0.8667, 0.9594, 0.8889, 0.7889, 0.6167, 0.8111])
tensor([0.0000, 0.7306, 0.8387, 0.9467, 0.7712, 0.6444, 0.6933, 0.6911, 0.8356,
        0.9583, 0.9409, 0.8381, 0.9058, 0.9722, 0.9926, 0.9571, 0.9133, 0.9167,
        0.6282, 0.2333, 0.3444, 0.5667, 0.9250, 0.6133, 0.2667, 0.8583, 0.7278,
        0.3167, 0.7667, 0.2889, 0.6133, 0.7630, 0.9000, 0.9857, 0.9250, 0.9821,
        0.9167, 0.8500, 0.9594, 0.8778, 0.8000, 0.6667, 0.8556])
tensor([0.0000, 0.7556, 0.8733, 0.9422, 0.7742, 0.6476, 0.7000, 0.7067, 0.8600,
        0.9646, 0.9379, 0.8595, 0.9145, 0.9722, 0.9926, 0.9762, 0.9067, 0.9111,
        0.6308, 0.3000, 0.4111, 0.4778, 0.9417, 0.6667, 0.2778, 0.8750, 0.7833,
        0.3500, 0.7733, 0.4667, 0.6000, 0.7852, 0.8333, 0.9952, 0.9417, 0.9821,
        0.9000, 0.8667, 0.9507, 0.9111, 0.8111, 0.6167, 0.8222])
tensor([0.0167, 0.7569, 0.8667, 0.9467, 0.8136, 0.7111, 0.7067, 0.7222, 0.8911,
        0.9729, 0.9455, 0.8571, 0.9116, 0.9722, 0.9926, 0.9857, 0.9133, 0.9194,
        0.6538, 0.2667, 0.4111, 0.4444, 0.9333, 0.6867, 0.3222, 0.9021, 0.7667,
        0.3667, 0.7933, 0.3667, 0.5933, 0.8185, 0.9333, 0.9952, 0.9333, 0.9821,
        0.9167, 0.8667, 0.9507, 0.8778, 0.8444, 0.6500, 0.8556])
tensor([0.0833, 0.7931, 0.8640, 0.9511, 0.8197, 0.7413, 0.7133, 0.7200, 0.9156,
        0.9729, 0.9545, 0.8548, 0.9145, 0.9736, 0.9926, 0.9810, 0.9133, 0.9222,
        0.6487, 0.4000, 0.4000, 0.6111, 0.9333, 0.7667, 0.3222, 0.9062, 0.7944,
        0.3667, 0.7867, 0.4111, 0.6333, 0.8148, 0.9333, 0.9952, 0.9333, 0.9821,
        0.9083, 0.8667, 0.9609, 0.9111, 0.8444, 0.6667, 0.8556])
tensor([0.1000, 0.8069, 0.8947, 0.9644, 0.8000, 0.7302, 0.7400, 0.7778, 0.9044,
        0.9729, 0.9606, 0.8690, 0.9174, 0.9736, 0.9963, 0.9905, 0.9133, 0.9306,
        0.6487, 0.4000, 0.4222, 0.5333, 0.9500, 0.7667, 0.3556, 0.9125, 0.8167,
        0.3667, 0.7933, 0.4333, 0.6467, 0.8259, 0.9500, 0.9905, 0.9667, 0.9872,
        0.9333, 0.8833, 0.9507, 0.8889, 0.8333, 0.6667, 0.8556])
tensor([0.1000, 0.8181, 0.9053, 0.9622, 0.8061, 0.7302, 0.7400, 0.7800, 0.9156,
        0.9750, 0.9591, 0.8690, 0.9116, 0.9750, 0.9963, 0.9905, 0.9200, 0.9333,
        0.6846, 0.4333, 0.4333, 0.5222, 0.9583, 0.7733, 0.4778, 0.9125, 0.7944,
        0.3667, 0.7933, 0.4444, 0.7067, 0.8333, 0.9667, 0.9952, 0.9667, 0.9846,
        0.9083, 0.9000, 0.9580, 0.9222, 0.8444, 0.6833, 0.8778])
tensor([0.1167, 0.8722, 0.8800, 0.9622, 0.8061, 0.7587, 0.7533, 0.8044, 0.9111,
        0.9750, 0.9667, 0.8690, 0.9116, 0.9750, 0.9963, 0.9905, 0.9267, 0.9361,
        0.6949, 0.4333, 0.4444, 0.4889, 0.9583, 0.8933, 0.4222, 0.9229, 0.8222,
        0.3833, 0.8133, 0.5111, 0.6933, 0.8444, 0.9667, 0.9905, 0.9750, 0.9846,
        0.9417, 0.9000, 0.9551, 0.9222, 0.8667, 0.6833, 0.8778])
tensor([0.1667, 0.8750, 0.8773, 0.9600, 0.8273, 0.7889, 0.7533, 0.7933, 0.9289,
        0.9729, 0.9727, 0.8786, 0.9101, 0.9750, 0.9963, 0.9952, 0.9333, 0.9389,
        0.6974, 0.4333, 0.4889, 0.5222, 0.9667, 0.9200, 0.4333, 0.9250, 0.8500,
        0.3833, 0.7933, 0.5000, 0.6933, 0.8704, 1.0000, 0.9905, 0.9750, 0.9846,
        0.9500, 0.9000, 0.9551, 0.9333, 0.8444, 0.7167, 0.8778])
tensor([0.1833, 0.8653, 0.9067, 0.9622, 0.8379, 0.7794, 0.7533, 0.8156, 0.9311,
        0.9729, 0.9742, 0.8738, 0.9101, 0.9764, 0.9963, 0.9905, 0.9267, 0.9417,
        0.7077, 0.4333, 0.5222, 0.4556, 0.9667, 0.9333, 0.5333, 0.9292, 0.8611,
        0.4000, 0.8133, 0.4556, 0.7133, 0.8815, 1.0000, 0.9905, 0.9750, 0.9846,
        0.9500, 0.9000, 0.9551, 0.9111, 0.8444, 0.7167, 0.8667])
tensor([0.2000, 0.8806, 0.9040, 0.9733, 0.8182, 0.7651, 0.7533, 0.8044, 0.9133,
        0.9750, 0.9652, 0.8810, 0.9072, 0.9764, 1.0000, 1.0000, 0.9133, 0.9472,
        0.7205, 0.4500, 0.4778, 0.4333, 0.9667, 0.9200, 0.5444, 0.9312, 0.8389,
        0.4000, 0.8200, 0.5000, 0.7000, 0.9037, 1.0000, 0.9905, 0.9750, 0.9846,
        0.9583, 0.9000, 0.9522, 0.9111, 0.8333, 0.7333, 0.8667])
tensor([0.2000, 0.8833, 0.9187, 0.9733, 0.8242, 0.7619, 0.7600, 0.8133, 0.9267,
        0.9750, 0.9727, 0.8905, 0.9101, 0.9750, 1.0000, 0.9905, 0.9267, 0.9417,
        0.7077, 0.4833, 0.6111, 0.4889, 0.9583, 0.9533, 0.6000, 0.9312, 0.8667,
        0.4000, 0.8133, 0.5111, 0.7000, 0.9259, 1.0000, 0.9952, 0.9750, 0.9846,
        0.9500, 0.9167, 0.9623, 0.9000, 0.8444, 0.7333, 0.9000])
tensor([0.2000, 0.8889, 0.9173, 0.9644, 0.8394, 0.7905, 0.7600, 0.8311, 0.9378,
        0.9729, 0.9742, 0.8833, 0.9116, 0.9764, 1.0000, 1.0000, 0.9333, 0.9472,
        0.7308, 0.4500, 0.6111, 0.4889, 0.9667, 0.9467, 0.5778, 0.9333, 0.8556,
        0.4000, 0.8133, 0.5222, 0.7333, 0.9259, 1.0000, 0.9905, 0.9750, 0.9872,
        0.9500, 0.9000, 0.9580, 0.9333, 0.8667, 0.7167, 0.8889])
tensor([0.2167, 0.9014, 0.9240, 0.9667, 0.8333, 0.7952, 0.7600, 0.8422, 0.9289,
        0.9646, 0.9773, 0.9095, 0.9101, 0.9764, 1.0000, 1.0000, 0.9467, 0.9472,
        0.7462, 0.4667, 0.6556, 0.4778, 0.9583, 0.9600, 0.5667, 0.9333, 0.8556,
        0.4000, 0.8533, 0.5333, 0.7067, 0.9481, 1.0000, 0.9905, 0.9750, 0.9846,
        0.9583, 0.9167, 0.9594, 0.9444, 0.8556, 0.7333, 0.8778])
tensor([0.2167, 0.8986, 0.9280, 0.9622, 0.8394, 0.8048, 0.7600, 0.8533, 0.9378,
        0.9729, 0.9758, 0.8976, 0.9116, 0.9764, 1.0000, 0.9952, 0.9400, 0.9556,
        0.7487, 0.4833, 0.6556, 0.4667, 0.9667, 0.9667, 0.5778, 0.9354, 0.8500,
        0.4000, 0.8333, 0.5556, 0.7533, 0.9519, 1.0000, 0.9952, 0.9833, 0.9846,
        0.9583, 0.9167, 0.9623, 0.9222, 0.8333, 0.7333, 0.8889])
tensor([0.2333, 0.9222, 0.9160, 0.9667, 0.8318, 0.8048, 0.7600, 0.8511, 0.9378,
        0.9750, 0.9758, 0.8952, 0.9130, 0.9764, 1.0000, 1.0000, 0.9333, 0.9611,
        0.7615, 0.6167, 0.6778, 0.5556, 0.9667, 0.9600, 0.6222, 0.9375, 0.8500,
        0.4000, 0.8600, 0.5667, 0.7467, 0.9444, 1.0000, 0.9905, 0.9750, 0.9846,
        0.9583, 0.9167, 0.9623, 0.9111, 0.8667, 0.7500, 0.8778])
tensor([0.2333, 0.9083, 0.9280, 0.9711, 0.8500, 0.8222, 0.7600, 0.8467, 0.9422,
        0.9708, 0.9803, 0.8929, 0.9087, 0.9750, 1.0000, 0.9952, 0.9400, 0.9417,
        0.7538, 0.5500, 0.7111, 0.4667, 0.9500, 0.9733, 0.6667, 0.9396, 0.8500,
        0.4000, 0.8400, 0.6556, 0.7400, 0.9481, 1.0000, 0.9905, 0.9750, 0.9846,
        0.9417, 0.9167, 0.9652, 0.9333, 0.8222, 0.7500, 0.9000])
tensor([0.2333, 0.9222, 0.9253, 0.9689, 0.8424, 0.8365, 0.7667, 0.8400, 0.9289,
        0.9792, 0.9818, 0.8905, 0.9116, 0.9764, 1.0000, 1.0000, 0.9400, 0.9444,
        0.7590, 0.5667, 0.7778, 0.5444, 0.9667, 0.9667, 0.6778, 0.9396, 0.8556,
        0.4000, 0.8533, 0.6556, 0.7533, 0.9481, 1.0000, 0.9905, 0.9917, 0.9846,
        0.9583, 0.9167, 0.9580, 0.9444, 0.8333, 0.7333, 0.9000])
tensor([0.2333, 0.9236, 0.9347, 0.9689, 0.8424, 0.8222, 0.7667, 0.8489, 0.9267,
        0.9792, 0.9788, 0.9000, 0.9145, 0.9764, 1.0000, 1.0000, 0.9467, 0.9528,
        0.7718, 0.5833, 0.7444, 0.4667, 0.9667, 0.9800, 0.7000, 0.9396, 0.8611,
        0.4000, 0.8733, 0.6444, 0.7533, 0.9519, 1.0000, 0.9952, 0.9917, 0.9846,
        0.9583, 0.9167, 0.9652, 0.9333, 0.8444, 0.7500, 0.8889])
tensor([0.2500, 0.9306, 0.9293, 0.9622, 0.8561, 0.8333, 0.8133, 0.8533, 0.9489,
        0.9688, 0.9803, 0.8976, 0.9174, 0.9778, 1.0000, 1.0000, 0.9733, 0.9389,
        0.7744, 0.5000, 0.8222, 0.5889, 0.9667, 0.9667, 0.7222, 0.9396, 0.8611,
        0.4000, 0.8600, 0.6556, 0.7467, 0.9519, 1.0000, 0.9952, 0.9750, 0.9897,
        0.9667, 0.9167, 0.9623, 0.9556, 0.8333, 0.7333, 0.9000])
tensor([0.2667, 0.9347, 0.9320, 0.9756, 0.8439, 0.8190, 0.8000, 0.8533, 0.9244,
        0.9854, 0.9818, 0.9048, 0.9145, 0.9792, 1.0000, 0.9952, 0.9533, 0.9528,
        0.7590, 0.5667, 0.8222, 0.5222, 0.9750, 0.9733, 0.6889, 0.9417, 0.8556,
        0.4000, 0.8600, 0.6889, 0.7600, 0.9519, 1.0000, 0.9952, 0.9917, 0.9897,
        0.9500, 0.9167, 0.9594, 0.9444, 0.8333, 0.7333, 0.9000])
tensor([0.3000, 0.9417, 0.9320, 0.9711, 0.8530, 0.8460, 0.8067, 0.8489, 0.9444,
        0.9688, 0.9803, 0.9024, 0.9101, 0.9778, 1.0000, 0.9905, 0.9667, 0.9611,
        0.7667, 0.6333, 0.8000, 0.5111, 0.9750, 0.9800, 0.7111, 0.9417, 0.8667,
        0.4333, 0.8667, 0.7222, 0.7533, 0.9481, 1.0000, 0.9952, 0.9750, 0.9897,
        0.9500, 0.9167, 0.9652, 0.9444, 0.8333, 0.7500, 0.9000])
tensor([0.3167, 0.9292, 0.9333, 0.9689, 0.8636, 0.8413, 0.7933, 0.8644, 0.9422,
        0.9708, 0.9803, 0.9214, 0.9159, 0.9792, 1.0000, 0.9952, 0.9600, 0.9639,
        0.7718, 0.6167, 0.8333, 0.5556, 0.9667, 0.9800, 0.7000, 0.9438, 0.8833,
        0.4167, 0.8667, 0.7333, 0.7400, 0.9519, 1.0000, 1.0000, 0.9917, 0.9897,
        0.9583, 0.9167, 0.9609, 0.9444, 0.8444, 0.7167, 0.9000])
tensor([0.2833, 0.9403, 0.9320, 0.9689, 0.8591, 0.8429, 0.8133, 0.8578, 0.9444,
        0.9708, 0.9803, 0.9286, 0.9116, 0.9792, 1.0000, 0.9952, 0.9667, 0.9389,
        0.7769, 0.6667, 0.8222, 0.5000, 0.9583, 0.9867, 0.7444, 0.9438, 0.8667,
        0.4333, 0.8800, 0.6889, 0.7400, 0.9630, 1.0000, 0.9952, 0.9750, 0.9872,
        0.9583, 0.9167, 0.9623, 0.9556, 0.8444, 0.7333, 0.9000])
tensor([0.2833, 0.9458, 0.9307, 0.9667, 0.8636, 0.8524, 0.8133, 0.8667, 0.9467,
        0.9792, 0.9803, 0.9190, 0.9130, 0.9778, 1.0000, 1.0000, 0.9733, 0.9500,
        0.7795, 0.7000, 0.8222, 0.5556, 0.9750, 0.9800, 0.7556, 0.9458, 0.8611,
        0.4167, 0.8800, 0.7333, 0.7533, 0.9630, 1.0000, 0.9952, 0.9750, 0.9897,
        0.9750, 0.9167, 0.9623, 0.9556, 0.8556, 0.7333, 0.9000])
tensor([0.3167, 0.9458, 0.9320, 0.9622, 0.8652, 0.8587, 0.8200, 0.8644, 0.9422,
        0.9812, 0.9803, 0.9190, 0.9145, 0.9778, 1.0000, 1.0000, 0.9733, 0.9389,
        0.7795, 0.7333, 0.8333, 0.5444, 0.9667, 0.9800, 0.7667, 0.9458, 0.8611,
        0.4333, 0.8800, 0.7556, 0.7733, 0.9630, 1.0000, 1.0000, 0.9750, 0.9897,
        0.9750, 0.9167, 0.9652, 0.9444, 0.8333, 0.7333, 0.9111])
tensor([0.3333, 0.9444, 0.9333, 0.9622, 0.8667, 0.8571, 0.8200, 0.8711, 0.9444,
        0.9792, 0.9833, 0.9095, 0.9101, 0.9792, 1.0000, 1.0000, 0.9667, 0.9444,
        0.7846, 0.7667, 0.8667, 0.4778, 0.9667, 0.9800, 0.7556, 0.9479, 0.8722,
        0.4333, 0.8733, 0.7667, 0.7600, 0.9593, 1.0000, 1.0000, 0.9750, 0.9897,
        0.9583, 0.9167, 0.9638, 0.9444, 0.8333, 0.7500, 0.8889])
tensor([0.3167, 0.9500, 0.9347, 0.9667, 0.8652, 0.8476, 0.8067, 0.8756, 0.9444,
        0.9771, 0.9833, 0.9095, 0.9145, 0.9792, 1.0000, 1.0000, 0.9667, 0.9389,
        0.7769, 0.7333, 0.8444, 0.5444, 0.9750, 0.9867, 0.7111, 0.9500, 0.8611,
        0.4500, 0.8867, 0.7556, 0.7600, 0.9667, 1.0000, 1.0000, 0.9750, 0.9897,
        0.9667, 0.9167, 0.9609, 0.9556, 0.8333, 0.7500, 0.9000])
tensor([0.3333, 0.9472, 0.9333, 0.9644, 0.8742, 0.8556, 0.8200, 0.8844, 0.9444,
        0.9625, 0.9788, 0.9119, 0.9116, 0.9778, 1.0000, 1.0000, 0.9800, 0.9417,
        0.7897, 0.7333, 0.8778, 0.5667, 0.9750, 0.9800, 0.7889, 0.9479, 0.8722,
        0.4333, 0.8933, 0.7444, 0.7667, 0.9630, 1.0000, 1.0000, 0.9750, 0.9897,
        0.9583, 0.9167, 0.9696, 0.9556, 0.8333, 0.7500, 0.9111])
tensor([0.4167, 0.9472, 0.9360, 0.9644, 0.8712, 0.8635, 0.8267, 0.8844, 0.9422,
        0.9792, 0.9833, 0.9190, 0.9145, 0.9792, 1.0000, 0.9952, 0.9667, 0.9389,
        0.7872, 0.6833, 0.8778, 0.4667, 0.9750, 0.9867, 0.7444, 0.9438, 0.8667,
        0.4667, 0.8933, 0.7667, 0.7467, 0.9667, 1.0000, 0.9952, 0.9750, 0.9897,
        0.9667, 0.9167, 0.9623, 0.9556, 0.8333, 0.7667, 0.9000])
tensor([0.4167, 0.9514, 0.9347, 0.9622, 0.8818, 0.8635, 0.8067, 0.8800, 0.9444,
        0.9771, 0.9848, 0.9333, 0.9159, 0.9792, 1.0000, 1.0000, 0.9667, 0.9333,
        0.7949, 0.7167, 0.8667, 0.6000, 0.9750, 0.9867, 0.7556, 0.9438, 0.8778,
        0.4333, 0.8933, 0.7889, 0.7400, 0.9704, 1.0000, 1.0000, 0.9750, 0.9897,
        0.9667, 0.9167, 0.9652, 0.9667, 0.8333, 0.7500, 0.9000])
tensor([0.3667, 0.9542, 0.9307, 0.9578, 0.8742, 0.8619, 0.8067, 0.8822, 0.9444,
        0.9812, 0.9848, 0.9238, 0.9130, 0.9792, 1.0000, 1.0000, 0.9667, 0.9389,
        0.7949, 0.7500, 0.8778, 0.5667, 0.9750, 0.9933, 0.7444, 0.9417, 0.8778,
        0.4667, 0.8800, 0.8000, 0.7333, 0.9704, 1.0000, 0.9952, 0.9750, 0.9897,
        0.9750, 0.9167, 0.9652, 0.9667, 0.8333, 0.7500, 0.9111])
tensor([0.4500, 0.9556, 0.9347, 0.9667, 0.8682, 0.8540, 0.8200, 0.8844, 0.9422,
        0.9771, 0.9848, 0.9286, 0.9159, 0.9792, 1.0000, 0.9905, 0.9667, 0.9333,
        0.7949, 0.8167, 0.8889, 0.6556, 0.9750, 0.9800, 0.7556, 0.9438, 0.8611,
        0.4667, 0.9067, 0.7889, 0.7600, 0.9704, 1.0000, 1.0000, 0.9750, 0.9897,
        0.9667, 0.9167, 0.9623, 0.9444, 0.8333, 0.7500, 0.9111])
tensor([0.4333, 0.9542, 0.9427, 0.9644, 0.8803, 0.8683, 0.8133, 0.8778, 0.9489,
        0.9854, 0.9833, 0.9333, 0.9159, 0.9778, 1.0000, 1.0000, 0.9667, 0.9333,
        0.7949, 0.7833, 0.8778, 0.6111, 0.9750, 0.9800, 0.7889, 0.9500, 0.8667,
        0.4333, 0.8867, 0.8111, 0.7533, 0.9704, 1.0000, 1.0000, 0.9750, 0.9897,
        0.9833, 0.9167, 0.9681, 0.9556, 0.8333, 0.7167, 0.9111])
tensor([0.4833, 0.9583, 0.9373, 0.9622, 0.8818, 0.8746, 0.8267, 0.9000, 0.9511,
        0.9812, 0.9864, 0.9500, 0.9130, 0.9792, 1.0000, 1.0000, 0.9667, 0.9389,
        0.8026, 0.8000, 0.8889, 0.6556, 0.9750, 0.9800, 0.7667, 0.9458, 0.8611,
        0.4500, 0.8933, 0.8333, 0.7467, 0.9704, 1.0000, 0.9952, 0.9750, 0.9897,
        0.9833, 0.9167, 0.9681, 0.9556, 0.8444, 0.7500, 0.9111])
tensor([0.5000, 0.9556, 0.9467, 0.9644, 0.8803, 0.8619, 0.8067, 0.8933, 0.9444,
        0.9750, 0.9848, 0.9429, 0.9130, 0.9792, 1.0000, 1.0000, 0.9933, 0.9583,
        0.8000, 0.8333, 0.9000, 0.5778, 0.9750, 0.9867, 0.8000, 0.9458, 0.8556,
        0.4667, 0.8733, 0.8556, 0.7467, 0.9704, 1.0000, 0.9952, 0.9750, 0.9897,
        0.9667, 0.9167, 0.9681, 0.9667, 0.8333, 0.7500, 0.9111])
tensor([0.5167, 0.9556, 0.9440, 0.9689, 0.8818, 0.8698, 0.8200, 0.8956, 0.9356,
        0.9792, 0.9833, 0.9619, 0.9130, 0.9792, 1.0000, 1.0000, 0.9800, 0.9556,
        0.7897, 0.8500, 0.8889, 0.5778, 0.9750, 0.9933, 0.7444, 0.9417, 0.8667,
        0.4500, 0.8867, 0.8667, 0.7333, 0.9667, 1.0000, 1.0000, 0.9750, 0.9897,
        0.9750, 0.9167, 0.9681, 0.9556, 0.8333, 0.7333, 0.9111])
tensor([0.4500, 0.9597, 0.9413, 0.9622, 0.8864, 0.8714, 0.8133, 0.8889, 0.9489,
        0.9812, 0.9848, 0.9214, 0.9116, 0.9778, 0.9926, 1.0000, 0.9933, 0.9500,
        0.7974, 0.8500, 0.8667, 0.6222, 0.9750, 0.9933, 0.8333, 0.9417, 0.8611,
        0.4667, 0.8933, 0.8778, 0.7533, 0.9667, 1.0000, 1.0000, 0.9750, 0.9897,
        0.9833, 0.9167, 0.9667, 0.9556, 0.8333, 0.7500, 0.9111])
tensor([0.5333, 0.9569, 0.9440, 0.9644, 0.8909, 0.8762, 0.8200, 0.8889, 0.9467,
        0.9833, 0.9864, 0.9476, 0.9130, 0.9792, 0.9926, 1.0000, 0.9800, 0.9417,
        0.7974, 0.8500, 0.9000, 0.6000, 0.9750, 0.9933, 0.8111, 0.9396, 0.8667,
        0.4667, 0.8867, 0.8667, 0.7333, 0.9704, 1.0000, 1.0000, 0.9750, 0.9897,
        0.9750, 0.9167, 0.9696, 0.9556, 0.8333, 0.7333, 0.9111])
tensor([0.5167, 0.9556, 0.9520, 0.9600, 0.9015, 0.8667, 0.8333, 0.9089, 0.9489,
        0.9854, 0.9848, 0.9452, 0.9130, 0.9778, 0.9963, 1.0000, 0.9867, 0.9500,
        0.7923, 0.8500, 0.9000, 0.6000, 0.9750, 0.9933, 0.8444, 0.9438, 0.8611,
        0.4333, 0.8867, 0.8667, 0.7467, 0.9704, 1.0000, 1.0000, 0.9750, 0.9897,
        0.9750, 0.9167, 0.9696, 0.9667, 0.8333, 0.7500, 0.9000])
tensor([0.5167, 0.9597, 0.9427, 0.9711, 0.8985, 0.8746, 0.8200, 0.8933, 0.9511,
        0.9854, 0.9848, 0.9310, 0.9116, 0.9792, 0.9963, 1.0000, 0.9867, 0.9528,
        0.7923, 0.8500, 0.9000, 0.5444, 0.9750, 0.9867, 0.8222, 0.9438, 0.8722,
        0.4667, 0.8867, 0.8889, 0.7400, 0.9667, 1.0000, 1.0000, 0.9750, 0.9897,
        0.9833, 0.9333, 0.9609, 0.9667, 0.8222, 0.7500, 0.9111])
tensor([0.5333, 0.9583, 0.9507, 0.9711, 0.8955, 0.8651, 0.8133, 0.9089, 0.9556,
        0.9854, 0.9848, 0.9524, 0.9116, 0.9806, 0.9963, 1.0000, 0.9867, 0.9500,
        0.7949, 0.8500, 0.9000, 0.6000, 0.9750, 0.9933, 0.8111, 0.9354, 0.8611,
        0.4667, 0.8933, 0.8778, 0.7333, 0.9704, 1.0000, 1.0000, 0.9917, 0.9897,
        0.9750, 0.9167, 0.9681, 0.9667, 0.8333, 0.7500, 0.8889])
tensor([0.4667, 0.9611, 0.9453, 0.9533, 0.8879, 0.8873, 0.8267, 0.9200, 0.9489,
        0.9771, 0.9864, 0.9500, 0.9130, 0.9792, 0.9926, 1.0000, 0.9933, 0.9500,
        0.8026, 0.8500, 0.9111, 0.6556, 0.9667, 0.9933, 0.8222, 0.9417, 0.8556,
        0.4667, 0.8933, 0.9000, 0.7333, 0.9704, 1.0000, 1.0000, 0.9750, 0.9897,
        0.9750, 0.9167, 0.9667, 0.9667, 0.8333, 0.7500, 0.9222])
tensor([0.5500, 0.9611, 0.9507, 0.9622, 0.9030, 0.8730, 0.8267, 0.9067, 0.9622,
        0.9875, 0.9864, 0.9405, 0.9145, 0.9792, 0.9926, 1.0000, 0.9933, 0.9528,
        0.7974, 0.9000, 0.9111, 0.6333, 0.9750, 0.9933, 0.8333, 0.9396, 0.8722,
        0.4667, 0.8933, 0.8778, 0.7667, 0.9704, 1.0000, 1.0000, 0.9667, 0.9897,
        0.9667, 0.9167, 0.9681, 0.9667, 0.8333, 0.7500, 0.9222])
tensor([0.5500, 0.9611, 0.9600, 0.9556, 0.9000, 0.8714, 0.8267, 0.9178, 0.9556,
        0.9875, 0.9864, 0.9476, 0.9145, 0.9792, 0.9926, 1.0000, 0.9867, 0.9528,
        0.7949, 0.8833, 0.9111, 0.5889, 0.9750, 0.9933, 0.8333, 0.9417, 0.8667,
        0.4667, 0.8933, 0.8889, 0.7467, 0.9704, 1.0000, 1.0000, 0.9750, 0.9897,
        0.9750, 0.9167, 0.9681, 0.9667, 0.8333, 0.7500, 0.8889])
tensor([0.5833, 0.9569, 0.9587, 0.9711, 0.8985, 0.8635, 0.8200, 0.9267, 0.9511,
        0.9875, 0.9864, 0.9500, 0.9159, 0.9792, 0.9926, 1.0000, 0.9867, 0.9583,
        0.7923, 0.9333, 0.9111, 0.5778, 0.9750, 0.9933, 0.8000, 0.9417, 0.8611,
        0.4667, 0.8933, 0.8778, 0.7400, 0.9667, 1.0000, 1.0000, 0.9833, 0.9897,
        0.9750, 0.9167, 0.9667, 0.9667, 0.8333, 0.7500, 0.9222])
tensor([0.5333, 0.9583, 0.9467, 0.9644, 0.8985, 0.8841, 0.8267, 0.9222, 0.9578,
        0.9854, 0.9864, 0.9619, 0.9130, 0.9764, 0.9926, 1.0000, 0.9867, 0.9556,
        0.7974, 0.8500, 0.9111, 0.5667, 0.9750, 0.9933, 0.7889, 0.9375, 0.8667,
        0.4667, 0.9067, 0.9111, 0.7333, 0.9704, 1.0000, 1.0000, 0.9750, 0.9897,
        0.9750, 0.9167, 0.9681, 0.9667, 0.8222, 0.7333, 0.9222])
tensor([0.5833, 0.9639, 0.9547, 0.9689, 0.8985, 0.8762, 0.8333, 0.9000, 0.9667,
        0.9833, 0.9848, 0.9619, 0.9130, 0.9778, 0.9926, 1.0000, 0.9933, 0.9583,
        0.7949, 0.9167, 0.9111, 0.5667, 0.9667, 0.9933, 0.8333, 0.9417, 0.8778,
        0.4500, 0.8933, 0.9333, 0.7467, 0.9556, 1.0000, 1.0000, 0.9833, 0.9897,
        0.9750, 0.9167, 0.9725, 0.9667, 0.8333, 0.7333, 0.9222])
tensor([0.5500, 0.9597, 0.9627, 0.9511, 0.9015, 0.8746, 0.8267, 0.9044, 0.9556,
        0.9854, 0.9864, 0.9619, 0.9116, 0.9764, 0.9926, 1.0000, 0.9933, 0.9583,
        0.7974, 0.8667, 0.9000, 0.5778, 0.9750, 0.9933, 0.8222, 0.9396, 0.8722,
        0.4667, 0.9000, 0.8667, 0.7533, 0.9630, 1.0000, 1.0000, 0.9750, 0.9897,
        0.9750, 0.9167, 0.9739, 0.9667, 0.8222, 0.7500, 0.9222])
tensor([0.5333, 0.9611, 0.9520, 0.9622, 0.8985, 0.8937, 0.8400, 0.9178, 0.9556,
        0.9854, 0.9894, 0.9667, 0.9130, 0.9778, 0.9926, 1.0000, 0.9867, 0.9583,
        0.8000, 0.9333, 0.9000, 0.6000, 0.9750, 0.9933, 0.8000, 0.9354, 0.8667,
        0.4667, 0.9000, 0.9444, 0.7400, 0.9667, 1.0000, 1.0000, 0.9917, 0.9897,
        0.9750, 0.9167, 0.9725, 0.9667, 0.8222, 0.7500, 0.9333])
tensor([0.5667, 0.9625, 0.9573, 0.9689, 0.9015, 0.8825, 0.8400, 0.9178, 0.9622,
        0.9854, 0.9894, 0.9548, 0.9130, 0.9778, 0.9926, 1.0000, 0.9867, 0.9556,
        0.7974, 0.9333, 0.9000, 0.6222, 0.9750, 0.9933, 0.8222, 0.9375, 0.8556,
        0.4667, 0.9133, 0.9333, 0.7333, 0.9704, 1.0000, 1.0000, 0.9917, 0.9897,
        0.9750, 0.9333, 0.9725, 0.9667, 0.8222, 0.7500, 0.9333])
tensor([0.5333, 0.9653, 0.9560, 0.9667, 0.9000, 0.8794, 0.8400, 0.9156, 0.9556,
        0.9875, 0.9879, 0.9500, 0.9130, 0.9778, 0.9926, 1.0000, 0.9867, 0.9500,
        0.8000, 0.9167, 0.9111, 0.6444, 0.9750, 0.9933, 0.8333, 0.9438, 0.8389,
        0.4667, 0.9000, 0.9222, 0.7267, 0.9704, 1.0000, 1.0000, 0.9833, 0.9897,
        0.9750, 0.9167, 0.9696, 0.9667, 0.8333, 0.7500, 0.9333])
tensor([0.5667, 0.9625, 0.9600, 0.9667, 0.9015, 0.8825, 0.8267, 0.9244, 0.9578,
        0.9875, 0.9879, 0.9571, 0.9130, 0.9764, 0.9926, 1.0000, 0.9867, 0.9500,
        0.8000, 0.9000, 0.9111, 0.6778, 0.9750, 0.9867, 0.8222, 0.9396, 0.8500,
        0.4667, 0.9000, 0.9444, 0.7333, 0.9667, 1.0000, 1.0000, 0.9750, 0.9897,
        0.9750, 0.9167, 0.9725, 0.9667, 0.8333, 0.7500, 0.9333])
tensor([0.6000, 0.9611, 0.9627, 0.9689, 0.8939, 0.8778, 0.8333, 0.9356, 0.9556,
        0.9854, 0.9879, 0.9500, 0.9145, 0.9833, 0.9926, 1.0000, 0.9933, 0.9556,
        0.8051, 0.9333, 0.9333, 0.6444, 0.9750, 0.9933, 0.8333, 0.9438, 0.8556,
        0.4667, 0.9000, 0.9556, 0.7400, 0.9704, 1.0000, 1.0000, 0.9917, 0.9897,
        0.9750, 0.9167, 0.9725, 0.9667, 0.8333, 0.7500, 0.9111])
tensor([0.5333, 0.9611, 0.9600, 0.9622, 0.9106, 0.8825, 0.8333, 0.9111, 0.9644,
        0.9917, 0.9879, 0.9571, 0.9130, 0.9792, 0.9926, 1.0000, 0.9867, 0.9556,
        0.8026, 0.9000, 0.9222, 0.6000, 0.9750, 0.9933, 0.8333, 0.9375, 0.8611,
        0.4667, 0.9067, 0.9444, 0.7200, 0.9667, 1.0000, 1.0000, 0.9917, 0.9923,
        0.9750, 0.9167, 0.9739, 0.9667, 0.8111, 0.7667, 0.9333])
tensor([0.5500, 0.9653, 0.9600, 0.9556, 0.9061, 0.8889, 0.8400, 0.9222, 0.9778,
        0.9917, 0.9879, 0.9571, 0.9130, 0.9778, 0.9926, 1.0000, 0.9867, 0.9528,
        0.8077, 0.8833, 0.9111, 0.6556, 0.9750, 0.9933, 0.8444, 0.9396, 0.8444,
        0.4667, 0.9000, 0.9556, 0.7467, 0.9704, 1.0000, 1.0000, 0.9917, 0.9897,
        0.9750, 0.9667, 0.9725, 0.9667, 0.8111, 0.7500, 0.9444])
tensor([0.5833, 0.9611, 0.9613, 0.9689, 0.9030, 0.8905, 0.8400, 0.9067, 0.9667,
        0.9896, 0.9879, 0.9619, 0.9159, 0.9819, 0.9926, 1.0000, 0.9867, 0.9611,
        0.8077, 0.8833, 0.9333, 0.6444, 0.9750, 0.9933, 0.8444, 0.9458, 0.8556,
        0.4667, 0.9067, 0.9667, 0.7267, 0.9704, 1.0000, 1.0000, 0.9750, 0.9897,
        0.9750, 0.9333, 0.9725, 0.9667, 0.8111, 0.7500, 0.9111])
tensor([0.5333, 0.9611, 0.9667, 0.9667, 0.9015, 0.8762, 0.8267, 0.9267, 0.9622,
        0.9896, 0.9879, 0.9643, 0.9145, 0.9819, 0.9926, 1.0000, 0.9867, 0.9500,
        0.8103, 0.9167, 0.9222, 0.6222, 0.9750, 0.9933, 0.8333, 0.9417, 0.8611,
        0.4667, 0.9067, 0.9667, 0.7133, 0.9704, 1.0000, 1.0000, 0.9917, 0.9897,
        0.9750, 0.9333, 0.9739, 0.9667, 0.8111, 0.7833, 0.9222])
tensor([0.5500, 0.9625, 0.9640, 0.9644, 0.9076, 0.8873, 0.8267, 0.9311, 0.9733,
        0.9896, 0.9879, 0.9667, 0.9203, 0.9792, 0.9926, 1.0000, 0.9933, 0.9444,
        0.8000, 0.9500, 0.9222, 0.6889, 0.9750, 0.9933, 0.8667, 0.9375, 0.8722,
        0.4667, 0.9067, 0.9444, 0.7600, 0.9630, 1.0000, 1.0000, 0.9917, 0.9897,
        0.9750, 0.9667, 0.9710, 0.9667, 0.8111, 0.7500, 0.9333])
tensor([0.6167, 0.9653, 0.9587, 0.9667, 0.9045, 0.8857, 0.8400, 0.9289, 0.9600,
        0.9854, 0.9879, 0.9548, 0.9188, 0.9833, 0.9926, 1.0000, 0.9933, 0.9500,
        0.7974, 0.9333, 0.9333, 0.6000, 0.9750, 0.9933, 0.8444, 0.9396, 0.8667,
        0.4667, 0.9000, 0.9222, 0.7467, 0.9667, 1.0000, 1.0000, 0.9917, 0.9923,
        0.9750, 0.9667, 0.9696, 0.9667, 0.8111, 0.7500, 0.9333])
tensor([0.6333, 0.9625, 0.9627, 0.9689, 0.9015, 0.8762, 0.8533, 0.9356, 0.9667,
        0.9917, 0.9848, 0.9667, 0.9232, 0.9847, 0.9926, 1.0000, 0.9867, 0.9583,
        0.8026, 0.9500, 0.9111, 0.6111, 0.9750, 0.9933, 0.8333, 0.9417, 0.8500,
        0.4667, 0.9267, 0.9333, 0.7533, 0.9667, 1.0000, 1.0000, 0.9917, 0.9897,
        0.9667, 0.9500, 0.9710, 0.9667, 0.8111, 0.7500, 0.9333])
tensor([0.5833, 0.9639, 0.9640, 0.9667, 0.9061, 0.8825, 0.8400, 0.9267, 0.9689,
        0.9896, 0.9848, 0.9619, 0.9174, 0.9833, 0.9926, 1.0000, 0.9933, 0.9611,
        0.8000, 0.9167, 0.9111, 0.6444, 0.9750, 0.9933, 0.8333, 0.9396, 0.8444,
        0.4667, 0.9200, 0.9667, 0.7600, 0.9667, 1.0000, 1.0000, 0.9917, 0.9897,
        0.9750, 0.9667, 0.9696, 0.9667, 0.8111, 0.7500, 0.9333])
tensor([0.5833, 0.9681, 0.9587, 0.9644, 0.9061, 0.8841, 0.8400, 0.9311, 0.9711,
        0.9896, 0.9879, 0.9714, 0.9232, 0.9847, 0.9926, 1.0000, 0.9867, 0.9611,
        0.8000, 0.9500, 0.9111, 0.6333, 0.9750, 0.9933, 0.8444, 0.9417, 0.8722,
        0.4667, 0.9200, 0.9667, 0.7267, 0.9593, 1.0000, 1.0000, 0.9917, 0.9897,
        0.9750, 0.9667, 0.9696, 0.9667, 0.8111, 0.7333, 0.9222])
tensor([0.6167, 0.9639, 0.9680, 0.9622, 0.9106, 0.8873, 0.8467, 0.9267, 0.9689,
        0.9896, 0.9879, 0.9667, 0.9203, 0.9833, 0.9926, 1.0000, 0.9867, 0.9583,
        0.7974, 0.9333, 0.9222, 0.5667, 0.9750, 0.9933, 0.8444, 0.9417, 0.8667,
        0.4667, 0.9133, 0.9667, 0.7400, 0.9630, 1.0000, 1.0000, 0.9917, 0.9897,
        0.9750, 0.9333, 0.9754, 0.9667, 0.8111, 0.7500, 0.9444])
tensor([0.6167, 0.9653, 0.9587, 0.9667, 0.9091, 0.9000, 0.8333, 0.9067, 0.9667,
        0.9896, 0.9879, 0.9595, 0.9116, 0.9819, 0.9926, 1.0000, 0.9867, 0.9611,
        0.8000, 0.9167, 0.9444, 0.5667, 0.9750, 0.9933, 0.8556, 0.9438, 0.8611,
        0.4667, 0.9133, 0.9667, 0.7267, 0.9593, 1.0000, 1.0000, 0.9917, 0.9897,
        0.9750, 0.9333, 0.9739, 0.9667, 0.8111, 0.7667, 0.9444])
tensor([0.6000, 0.9681, 0.9560, 0.9667, 0.9061, 0.8921, 0.8467, 0.8978, 0.9733,
        0.9875, 0.9879, 0.9738, 0.9188, 0.9806, 0.9963, 1.0000, 0.9933, 0.9611,
        0.8077, 0.9667, 0.9333, 0.5889, 0.9750, 0.9933, 0.8333, 0.9312, 0.8556,
        0.4667, 0.9133, 0.9778, 0.6933, 0.9630, 1.0000, 1.0000, 0.9917, 0.9897,
        0.9750, 0.9667, 0.9696, 0.9667, 0.8111, 0.7500, 0.9111])
tensor([0.6000, 0.9681, 0.9627, 0.9578, 0.9030, 0.8905, 0.8467, 0.9311, 0.9689,
        0.9917, 0.9879, 0.9738, 0.9159, 0.9819, 0.9926, 1.0000, 0.9867, 0.9583,
        0.8026, 0.9333, 0.9333, 0.6444, 0.9750, 0.9933, 0.8444, 0.9312, 0.8611,
        0.4667, 0.9133, 0.9778, 0.7200, 0.9630, 1.0000, 1.0000, 0.9917, 0.9897,
        0.9750, 0.9667, 0.9725, 0.9667, 0.8111, 0.7500, 0.9222])
tensor([0.6333, 0.9653, 0.9640, 0.9711, 0.9030, 0.8968, 0.8400, 0.9244, 0.9622,
        0.9917, 0.9894, 0.9738, 0.9246, 0.9778, 0.9926, 1.0000, 0.9867, 0.9611,
        0.8077, 0.9500, 0.9333, 0.6444, 0.9750, 0.9933, 0.8333, 0.9396, 0.8500,
        0.4667, 0.9133, 0.9778, 0.7067, 0.9630, 1.0000, 1.0000, 0.9833, 0.9923,
        0.9750, 0.9667, 0.9725, 0.9667, 0.8111, 0.7500, 0.9333])
tensor([0.5833, 0.9639, 0.9613, 0.9600, 0.9106, 0.9016, 0.8400, 0.9333, 0.9711,
        0.9917, 0.9879, 0.9738, 0.9232, 0.9806, 0.9926, 1.0000, 0.9867, 0.9611,
        0.8051, 0.9333, 0.9333, 0.5778, 0.9750, 0.9933, 0.8333, 0.9354, 0.8722,
        0.4667, 0.9133, 0.9778, 0.7133, 0.9630, 1.0000, 1.0000, 0.9833, 0.9897,
        0.9750, 0.9667, 0.9681, 0.9667, 0.8111, 0.7500, 0.9444])
tensor([0.6167, 0.9667, 0.9613, 0.9533, 0.9061, 0.8921, 0.8400, 0.9200, 0.9733,
        0.9896, 0.9879, 0.9786, 0.9174, 0.9819, 0.9926, 1.0000, 0.9933, 0.9611,
        0.8077, 0.9667, 0.9333, 0.6444, 0.9750, 0.9933, 0.8333, 0.9396, 0.8667,
        0.4667, 0.9133, 1.0000, 0.7467, 0.9593, 1.0000, 1.0000, 0.9833, 0.9897,
        0.9750, 0.9667, 0.9739, 0.9667, 0.8111, 0.7500, 0.9444])
tensor([0.6500, 0.9625, 0.9653, 0.9644, 0.9061, 0.8889, 0.8467, 0.9311, 0.9689,
        0.9917, 0.9879, 0.9738, 0.9232, 0.9847, 0.9926, 1.0000, 0.9867, 0.9667,
        0.8026, 0.9667, 0.9333, 0.6000, 0.9750, 0.9933, 0.8333, 0.9375, 0.8556,
        0.4667, 0.9133, 0.9778, 0.7133, 0.9593, 1.0000, 1.0000, 0.9917, 0.9897,
        0.9750, 0.9500, 0.9739, 0.9667, 0.8111, 0.7500, 0.9333])
tensor([0.6500, 0.9653, 0.9653, 0.9644, 0.9091, 0.8905, 0.8400, 0.9333, 0.9822,
        0.9917, 0.9879, 0.9738, 0.9130, 0.9833, 0.9926, 1.0000, 0.9867, 0.9639,
        0.8128, 0.9167, 0.9111, 0.5778, 0.9750, 0.9933, 0.8444, 0.9375, 0.8556,
        0.4667, 0.9267, 0.9778, 0.7267, 0.9667, 1.0000, 1.0000, 0.9917, 0.9897,
        0.9750, 0.9833, 0.9710, 0.9667, 0.8111, 0.7667, 0.9333])
tensor([0.6500, 0.9653, 0.9600, 0.9711, 0.9106, 0.8968, 0.8400, 0.9378, 0.9689,
        0.9917, 0.9879, 0.9738, 0.9246, 0.9847, 0.9926, 1.0000, 0.9867, 0.9667,
        0.8051, 0.9500, 0.9556, 0.6444, 0.9750, 0.9933, 0.8444, 0.9396, 0.8611,
        0.4667, 0.9133, 0.9778, 0.7333, 0.9630, 1.0000, 1.0000, 0.9833, 0.9897,
        0.9750, 0.9500, 0.9710, 0.9667, 0.8111, 0.7500, 0.9333])
tensor([0.6833, 0.9667, 0.9653, 0.9622, 0.9076, 0.8984, 0.8467, 0.9311, 0.9756,
        0.9917, 0.9879, 0.9786, 0.9188, 0.9819, 0.9926, 1.0000, 0.9867, 0.9611,
        0.8051, 0.9500, 0.9556, 0.5889, 0.9750, 0.9933, 0.8556, 0.9354, 0.8667,
        0.4667, 0.9067, 0.9778, 0.6867, 0.9667, 1.0000, 1.0000, 0.9917, 0.9923,
        0.9750, 0.9667, 0.9725, 0.9667, 0.8111, 0.7667, 0.9333])
tensor([0.6333, 0.9597, 0.9680, 0.9711, 0.9076, 0.8952, 0.8267, 0.9333, 0.9689,
        0.9917, 0.9894, 0.9738, 0.9174, 0.9792, 0.9926, 1.0000, 0.9867, 0.9583,
        0.8179, 0.9500, 0.9333, 0.5778, 0.9750, 0.9933, 0.8333, 0.9375, 0.8556,
        0.4667, 0.9133, 1.0000, 0.6600, 0.9630, 1.0000, 1.0000, 0.9833, 0.9923,
        0.9750, 0.9667, 0.9739, 0.9667, 0.8111, 0.7667, 0.9444])
tensor([0.5833, 0.9639, 0.9707, 0.9667, 0.9121, 0.8937, 0.8400, 0.9356, 0.9756,
        0.9875, 0.9894, 0.9738, 0.9203, 0.9833, 0.9926, 1.0000, 0.9867, 0.9583,
        0.8128, 0.9500, 0.9556, 0.5778, 0.9750, 0.9933, 0.8333, 0.9375, 0.8611,
        0.4667, 0.9133, 0.9778, 0.6600, 0.9667, 1.0000, 1.0000, 0.9917, 0.9897,
        0.9750, 0.9500, 0.9725, 0.9667, 0.8111, 0.7833, 0.9333])
tensor([0.6167, 0.9681, 0.9653, 0.9622, 0.9121, 0.8952, 0.8400, 0.9267, 0.9756,
        0.9854, 0.9879, 0.9690, 0.9116, 0.9806, 0.9926, 1.0000, 0.9933, 0.9611,
        0.8128, 0.9500, 0.9556, 0.5667, 0.9750, 0.9933, 0.8556, 0.9375, 0.8556,
        0.4667, 0.9133, 0.9889, 0.6800, 0.9630, 1.0000, 1.0000, 0.9917, 0.9897,
        0.9750, 0.9667, 0.9812, 0.9667, 0.8111, 0.7833, 0.9333])
tensor([0.6333, 0.9625, 0.9693, 0.9711, 0.9091, 0.8968, 0.8333, 0.9378, 0.9733,
        0.9917, 0.9894, 0.9786, 0.9232, 0.9861, 0.9926, 1.0000, 0.9867, 0.9667,
        0.8103, 0.9500, 0.9556, 0.6333, 0.9750, 0.9933, 0.8556, 0.9354, 0.8556,
        0.4667, 0.9133, 0.9889, 0.6867, 0.9667, 1.0000, 1.0000, 0.9917, 0.9872,
        0.9750, 0.9500, 0.9710, 0.9667, 0.8111, 0.7500, 0.9444])
tensor([0.7000, 0.9667, 0.9653, 0.9689, 0.9106, 0.9016, 0.8333, 0.9378, 0.9756,
        0.9875, 0.9894, 0.9714, 0.9101, 0.9833, 0.9926, 1.0000, 0.9867, 0.9667,
        0.8154, 0.9500, 0.9444, 0.5889, 0.9750, 0.9933, 0.8444, 0.9396, 0.8444,
        0.4667, 0.9133, 1.0000, 0.6333, 0.9630, 1.0000, 1.0000, 0.9833, 0.9897,
        0.9750, 0.9667, 0.9710, 0.9667, 0.8111, 0.7833, 0.9333])
