tensor([0.0000, 0.0014, 0.9800, 0.0000, 0.0000, 0.0000, 0.0000, 0.0000, 0.0000,
        0.0000, 0.0000, 0.0000, 0.0000, 0.0000, 0.0000, 0.0000, 0.0000, 0.0000,
        0.0000, 0.0000, 0.0000, 0.0000, 0.0000, 0.0000, 0.0000, 0.0000, 0.0000,
        0.0000, 0.0000, 0.0000, 0.0000, 0.0000, 0.0000, 0.0000, 0.0000, 0.0000,
        0.0000, 0.0000, 0.0000, 0.0000, 0.0000, 0.0000, 0.0000])
tensor([0.0000, 0.0000, 0.0000, 0.0000, 0.0000, 0.0000, 0.0000, 0.0000, 0.0000,
        0.0000, 0.9682, 0.0000, 0.0000, 0.2792, 0.0000, 0.0000, 0.0000, 0.0000,
        0.0000, 0.0000, 0.0000, 0.0000, 0.0000, 0.0000, 0.0000, 0.0000, 0.0000,
        0.0000, 0.0000, 0.0000, 0.0000, 0.0000, 0.0000, 0.0000, 0.0000, 0.0000,
        0.0000, 0.0000, 0.0000, 0.0000, 0.0000, 0.0000, 0.0000])
tensor([0., 0., 1., 0., 0., 0., 0., 0., 0., 0., 0., 0., 0., 0., 0., 0., 0., 0.,
        0., 0., 0., 0., 0., 0., 0., 0., 0., 0., 0., 0., 0., 0., 0., 0., 0., 0.,
        0., 0., 0., 0., 0., 0., 0.])
tensor([0.0000, 0.0000, 0.0293, 0.0000, 0.0000, 0.0000, 0.0000, 0.0000, 0.0000,
        0.0000, 0.0000, 0.0000, 0.0000, 0.9986, 0.0000, 0.0000, 0.0000, 0.0000,
        0.0000, 0.0000, 0.0000, 0.0000, 0.0000, 0.0000, 0.0000, 0.0000, 0.0000,
        0.0000, 0.0000, 0.0000, 0.0000, 0.0000, 0.0000, 0.0000, 0.0000, 0.0000,
        0.0000, 0.0000, 0.0000, 0.0000, 0.0000, 0.0000, 0.0000])
tensor([0.0000, 0.4708, 0.2467, 0.0000, 0.0000, 0.0000, 0.0000, 0.0000, 0.0000,
        0.0000, 0.8288, 0.0000, 0.0000, 0.0000, 0.0000, 0.0000, 0.0000, 0.0000,
        0.0000, 0.0000, 0.0000, 0.0000, 0.0000, 0.0000, 0.0000, 0.0000, 0.0000,
        0.0000, 0.0000, 0.0000, 0.0000, 0.0000, 0.0000, 0.0000, 0.0000, 0.0000,
        0.0000, 0.0000, 0.0000, 0.0000, 0.0000, 0.0000, 0.0000])
tensor([0.0000, 0.4556, 0.1200, 0.0000, 0.0136, 0.0000, 0.0000, 0.0000, 0.0000,
        0.0000, 0.8848, 0.0000, 0.0145, 0.0000, 0.0000, 0.0000, 0.0000, 0.0000,
        0.0000, 0.0000, 0.0000, 0.0000, 0.0000, 0.0000, 0.0000, 0.0000, 0.0000,
        0.0000, 0.0000, 0.0000, 0.0000, 0.0000, 0.0000, 0.0000, 0.0000, 0.0000,
        0.0000, 0.0000, 0.0000, 0.0000, 0.0000, 0.0000, 0.0000])
tensor([0.0000, 0.6097, 0.1080, 0.0000, 0.0758, 0.0000, 0.0000, 0.0000, 0.0000,
        0.0000, 0.8182, 0.0000, 0.0000, 0.0972, 0.0000, 0.0000, 0.0000, 0.0000,
        0.0000, 0.0000, 0.0000, 0.0000, 0.0000, 0.0000, 0.0000, 0.0000, 0.0000,
        0.0000, 0.0000, 0.0000, 0.0000, 0.0000, 0.0000, 0.0000, 0.0000, 0.0000,
        0.0000, 0.0000, 0.0000, 0.0000, 0.0000, 0.0000, 0.0000])
tensor([0.0000, 0.6056, 0.1053, 0.0000, 0.0333, 0.0000, 0.0000, 0.0000, 0.0000,
        0.0000, 0.8152, 0.0000, 0.2159, 0.0306, 0.0407, 0.0000, 0.0000, 0.1750,
        0.0000, 0.0000, 0.0000, 0.0000, 0.0000, 0.0000, 0.0000, 0.0000, 0.0000,
        0.0000, 0.0000, 0.0000, 0.0000, 0.0000, 0.0000, 0.0000, 0.0000, 0.0000,
        0.0000, 0.0000, 0.4638, 0.0000, 0.0000, 0.0000, 0.0000])
tensor([0.0000, 0.0347, 0.6680, 0.0000, 0.0273, 0.0286, 0.0000, 0.0000, 0.0000,
        0.0000, 0.7394, 0.0000, 0.6246, 0.4361, 0.0704, 0.0000, 0.0000, 0.6528,
        0.0000, 0.0000, 0.0000, 0.0000, 0.0000, 0.0000, 0.0000, 0.0021, 0.0000,
        0.0000, 0.0000, 0.0000, 0.0000, 0.0000, 0.0000, 0.0000, 0.0000, 0.0000,
        0.0000, 0.0000, 0.8261, 0.0000, 0.0000, 0.0000, 0.0000])
tensor([0.0000, 0.2264, 0.4080, 0.0089, 0.4197, 0.0016, 0.0000, 0.0000, 0.0000,
        0.0104, 0.5515, 0.0976, 0.7304, 0.7167, 0.1296, 0.0000, 0.0000, 0.9000,
        0.1231, 0.0000, 0.0000, 0.0000, 0.0000, 0.0000, 0.0000, 0.0021, 0.0000,
        0.0000, 0.0000, 0.0000, 0.0000, 0.0000, 0.0000, 0.0000, 0.0000, 0.0000,
        0.0000, 0.0000, 0.9159, 0.0000, 0.0000, 0.0000, 0.0000])
tensor([0.0000, 0.2028, 0.4053, 0.0089, 0.2439, 0.1381, 0.0000, 0.0000, 0.0267,
        0.1500, 0.5924, 0.2976, 0.7942, 0.8167, 0.1926, 0.0000, 0.0000, 0.8528,
        0.5564, 0.0000, 0.0000, 0.0000, 0.0000, 0.0000, 0.0000, 0.0396, 0.0000,
        0.0000, 0.0000, 0.0000, 0.0000, 0.0000, 0.0000, 0.0000, 0.0000, 0.0000,
        0.0000, 0.0000, 0.8942, 0.0000, 0.0000, 0.0000, 0.0000])
tensor([0.0000, 0.2556, 0.3773, 0.0378, 0.2818, 0.1143, 0.1867, 0.0000, 0.1089,
        0.1854, 0.7364, 0.6429, 0.7928, 0.8597, 0.4148, 0.0238, 0.0000, 0.7889,
        0.6026, 0.0000, 0.0000, 0.0000, 0.0000, 0.0000, 0.0000, 0.1750, 0.0000,
        0.0000, 0.0000, 0.0000, 0.0000, 0.0000, 0.0000, 0.0000, 0.0000, 0.0205,
        0.0000, 0.0000, 0.8913, 0.0000, 0.0000, 0.0000, 0.0000])
tensor([0.0000, 0.3389, 0.3507, 0.0511, 0.2591, 0.0714, 0.2733, 0.0000, 0.1978,
        0.2188, 0.7864, 0.6976, 0.7957, 0.8931, 0.4630, 0.0000, 0.0000, 0.7889,
        0.5974, 0.0000, 0.0000, 0.0000, 0.0000, 0.0000, 0.0000, 0.2854, 0.0000,
        0.0000, 0.0000, 0.0000, 0.0000, 0.0000, 0.0000, 0.0000, 0.0000, 0.3333,
        0.0000, 0.0000, 0.8464, 0.0000, 0.0000, 0.0000, 0.0000])
tensor([0.0000, 0.3750, 0.3040, 0.0622, 0.2379, 0.0714, 0.2800, 0.0000, 0.2489,
        0.3438, 0.8439, 0.7119, 0.8014, 0.9056, 0.6148, 0.1143, 0.0000, 0.7444,
        0.5897, 0.0000, 0.0000, 0.0000, 0.0333, 0.0000, 0.0000, 0.4292, 0.0000,
        0.0000, 0.0000, 0.0000, 0.0000, 0.0000, 0.0000, 0.0000, 0.0000, 0.3103,
        0.0000, 0.0000, 0.8768, 0.0000, 0.0000, 0.0000, 0.0000])
tensor([0.0000, 0.3569, 0.3333, 0.0844, 0.2227, 0.0905, 0.3333, 0.0000, 0.2133,
        0.4187, 0.8606, 0.7167, 0.8087, 0.9194, 0.5741, 0.2333, 0.0000, 0.7972,
        0.6128, 0.0000, 0.0000, 0.0000, 0.0917, 0.0000, 0.0000, 0.4396, 0.0000,
        0.0000, 0.0067, 0.0000, 0.0000, 0.0000, 0.0000, 0.0000, 0.0000, 0.4282,
        0.0000, 0.0000, 0.8594, 0.0000, 0.0000, 0.0000, 0.0000])
tensor([0.0000, 0.3931, 0.2853, 0.1022, 0.2879, 0.0984, 0.3733, 0.0000, 0.2444,
        0.5146, 0.8545, 0.7595, 0.8101, 0.9264, 0.6370, 0.2762, 0.0000, 0.7917,
        0.6436, 0.0000, 0.0000, 0.0000, 0.2083, 0.0000, 0.0000, 0.4563, 0.0056,
        0.0000, 0.0000, 0.0000, 0.0000, 0.0037, 0.0000, 0.0048, 0.0000, 0.4564,
        0.0000, 0.0000, 0.8768, 0.0000, 0.0000, 0.0000, 0.0000])
tensor([0.0000, 0.4125, 0.2813, 0.1222, 0.3348, 0.2016, 0.4200, 0.0022, 0.1822,
        0.6167, 0.8712, 0.7667, 0.8087, 0.9306, 0.6556, 0.3952, 0.3933, 0.8306,
        0.6590, 0.0000, 0.0000, 0.0000, 0.4083, 0.0000, 0.0000, 0.4812, 0.0500,
        0.0000, 0.0000, 0.0000, 0.0000, 0.0444, 0.0000, 0.1000, 0.0000, 0.4821,
        0.0000, 0.0000, 0.8957, 0.4667, 0.0000, 0.2333, 0.0000])
tensor([0.0000, 0.5264, 0.1853, 0.1800, 0.4000, 0.2746, 0.4467, 0.0689, 0.1356,
        0.6875, 0.8773, 0.7667, 0.8174, 0.9361, 0.7148, 0.4952, 0.6400, 0.8444,
        0.6308, 0.0000, 0.0000, 0.0000, 0.5750, 0.0000, 0.0000, 0.5312, 0.1444,
        0.0000, 0.0400, 0.0111, 0.0000, 0.1741, 0.0333, 0.5905, 0.0000, 0.5231,
        0.0000, 0.0000, 0.8957, 0.6667, 0.0000, 0.4167, 0.0000])
tensor([0.0000, 0.5431, 0.1587, 0.2356, 0.4515, 0.3381, 0.4467, 0.1889, 0.1333,
        0.7271, 0.8803, 0.7619, 0.8145, 0.9417, 0.7815, 0.5333, 0.7000, 0.8444,
        0.6103, 0.0000, 0.0000, 0.0000, 0.6333, 0.0067, 0.0000, 0.6187, 0.2722,
        0.0000, 0.2067, 0.0333, 0.0267, 0.2963, 0.1833, 0.8190, 0.0167, 0.5359,
        0.0000, 0.0000, 0.8870, 0.6667, 0.1000, 0.6167, 0.0333])
tensor([0.0000, 0.6222, 0.1347, 0.3556, 0.4561, 0.3397, 0.4667, 0.3000, 0.2022,
        0.7250, 0.8985, 0.7524, 0.8319, 0.9556, 0.8259, 0.6000, 0.7333, 0.9000,
        0.6333, 0.0000, 0.0000, 0.0222, 0.6667, 0.0267, 0.0000, 0.6750, 0.4167,
        0.0000, 0.2600, 0.0556, 0.0467, 0.4481, 0.3000, 0.9000, 0.5500, 0.6564,
        0.0000, 0.0000, 0.8986, 0.6667, 0.2444, 0.7000, 0.0889])
tensor([0.0000, 0.5847, 0.1907, 0.4289, 0.5242, 0.4079, 0.4733, 0.3378, 0.1911,
        0.7583, 0.8970, 0.7548, 0.8275, 0.9556, 0.8704, 0.5667, 0.7733, 0.9028,
        0.6692, 0.0000, 0.0000, 0.0444, 0.6667, 0.0400, 0.0000, 0.7125, 0.3944,
        0.0000, 0.4000, 0.0778, 0.0667, 0.4963, 0.4167, 0.9048, 0.8000, 0.7282,
        0.0000, 0.0000, 0.9130, 0.6667, 0.5111, 0.6833, 0.1222])
tensor([0.0000, 0.5972, 0.2187, 0.4756, 0.5985, 0.4762, 0.4933, 0.4111, 0.2289,
        0.7833, 0.8818, 0.7548, 0.8130, 0.9500, 0.8963, 0.5714, 0.8400, 0.9056,
        0.6923, 0.0000, 0.0000, 0.0333, 0.7083, 0.1000, 0.0000, 0.7521, 0.4278,
        0.0333, 0.4600, 0.0667, 0.0733, 0.5852, 0.5167, 0.9095, 0.8667, 0.7821,
        0.0667, 0.0167, 0.9275, 0.6667, 0.6222, 0.6667, 0.1000])
tensor([0.0000, 0.5931, 0.2440, 0.5622, 0.6227, 0.5587, 0.5200, 0.4044, 0.2933,
        0.7792, 0.8833, 0.7667, 0.8130, 0.9444, 0.8926, 0.6238, 0.8600, 0.9194,
        0.6949, 0.0000, 0.0000, 0.0111, 0.8083, 0.1467, 0.0000, 0.8125, 0.4000,
        0.2333, 0.4800, 0.1000, 0.0800, 0.6259, 0.5333, 0.9143, 0.9583, 0.7718,
        0.3167, 0.4000, 0.9304, 0.6667, 0.6444, 0.6500, 0.1444])
tensor([0.0000, 0.5889, 0.2667, 0.5822, 0.7485, 0.6333, 0.5533, 0.4244, 0.2578,
        0.7979, 0.8924, 0.7786, 0.8116, 0.9431, 0.9333, 0.6952, 0.8733, 0.9278,
        0.7000, 0.0000, 0.0111, 0.0333, 0.8417, 0.1467, 0.0222, 0.8375, 0.3833,
        0.2500, 0.4867, 0.1556, 0.1133, 0.6259, 0.5167, 0.9190, 0.9333, 0.8282,
        0.6250, 0.6333, 0.9319, 0.7222, 0.6444, 0.6500, 0.3222])
tensor([0.0000, 0.6097, 0.2920, 0.6222, 0.7985, 0.6619, 0.5800, 0.4244, 0.2689,
        0.8250, 0.9045, 0.7786, 0.8246, 0.9486, 0.9444, 0.7286, 0.8867, 0.9306,
        0.6897, 0.0000, 0.0222, 0.0667, 0.8833, 0.2000, 0.0222, 0.8521, 0.3889,
        0.2333, 0.5533, 0.1667, 0.0933, 0.7037, 0.6333, 0.9190, 0.9583, 0.8359,
        0.6583, 0.7167, 0.9348, 0.7222, 0.6444, 0.7333, 0.3111])
tensor([0.0000, 0.6472, 0.3173, 0.7000, 0.8061, 0.6714, 0.6000, 0.4444, 0.2867,
        0.8396, 0.9030, 0.7857, 0.8304, 0.9486, 0.9815, 0.7762, 0.8933, 0.9278,
        0.6846, 0.0000, 0.0222, 0.0778, 0.9000, 0.3067, 0.0333, 0.8438, 0.4056,
        0.2333, 0.5467, 0.2444, 0.0933, 0.7222, 0.5833, 0.9286, 0.9583, 0.8513,
        0.6750, 0.7667, 0.9319, 0.7222, 0.6556, 0.7000, 0.4000])
tensor([0.0000, 0.6778, 0.3080, 0.6956, 0.8273, 0.7238, 0.5867, 0.4400, 0.2844,
        0.8562, 0.9061, 0.7881, 0.8174, 0.9514, 0.9815, 0.8381, 0.8933, 0.9417,
        0.6846, 0.0000, 0.0000, 0.0444, 0.9333, 0.3467, 0.0444, 0.8583, 0.4556,
        0.2333, 0.5667, 0.2444, 0.1667, 0.7000, 0.5667, 0.9143, 0.9833, 0.8872,
        0.6833, 0.8667, 0.9449, 0.7111, 0.6667, 0.7167, 0.5778])
tensor([0.0000, 0.7194, 0.3133, 0.7756, 0.8348, 0.7317, 0.6067, 0.4822, 0.2933,
        0.9083, 0.9167, 0.7762, 0.8290, 0.9514, 0.9889, 0.9238, 0.9200, 0.9278,
        0.6795, 0.0000, 0.0000, 0.1000, 0.9333, 0.4267, 0.0889, 0.8625, 0.5056,
        0.2333, 0.5867, 0.3222, 0.1867, 0.7222, 0.7167, 0.9048, 0.9917, 0.8846,
        0.6833, 0.8667, 0.9507, 0.7111, 0.6667, 0.7333, 0.6889])
tensor([0.0000, 0.7000, 0.3707, 0.7333, 0.8697, 0.7413, 0.6333, 0.5089, 0.2689,
        0.9187, 0.9273, 0.7833, 0.8348, 0.9500, 0.9852, 0.9286, 0.9333, 0.9306,
        0.7103, 0.0500, 0.0111, 0.2000, 0.9333, 0.4200, 0.1889, 0.8708, 0.4556,
        0.2333, 0.6133, 0.3333, 0.1733, 0.7370, 0.6500, 0.9238, 0.9833, 0.9103,
        0.6833, 0.8833, 0.9536, 0.6667, 0.6667, 0.7167, 0.7667])
tensor([0.0000, 0.7333, 0.4307, 0.8133, 0.8652, 0.7429, 0.6600, 0.5556, 0.3022,
        0.9229, 0.9409, 0.7810, 0.8420, 0.9514, 0.9889, 0.9476, 0.9333, 0.9361,
        0.7103, 0.0833, 0.0222, 0.2333, 0.9500, 0.5000, 0.2444, 0.8792, 0.4500,
        0.2167, 0.6000, 0.4000, 0.1800, 0.7630, 0.6167, 0.9286, 0.9833, 0.9103,
        0.7167, 0.8833, 0.9536, 0.6556, 0.6556, 0.7333, 0.8444])
tensor([0.0000, 0.7236, 0.5173, 0.7778, 0.8561, 0.7714, 0.6467, 0.5822, 0.4222,
        0.9625, 0.9258, 0.7762, 0.8536, 0.9500, 0.9926, 0.9429, 0.9400, 0.9389,
        0.7000, 0.0833, 0.0889, 0.2444, 0.9583, 0.5533, 0.2778, 0.8833, 0.5056,
        0.2167, 0.5733, 0.3556, 0.2667, 0.7519, 0.8833, 0.9190, 0.9917, 0.9179,
        0.7083, 0.9000, 0.9565, 0.7111, 0.6556, 0.7500, 0.8556])
tensor([0.0167, 0.7153, 0.6067, 0.8289, 0.8606, 0.7651, 0.6533, 0.6244, 0.4644,
        0.9646, 0.9333, 0.7833, 0.8667, 0.9542, 0.9926, 0.9524, 0.9333, 0.9417,
        0.7026, 0.0833, 0.1444, 0.2889, 0.9417, 0.5867, 0.3667, 0.8833, 0.5778,
        0.2333, 0.5600, 0.4111, 0.3133, 0.7704, 0.8500, 0.9048, 0.9917, 0.9282,
        0.7250, 0.9000, 0.9493, 0.7222, 0.6444, 0.7500, 0.8889])
tensor([0.0167, 0.7347, 0.6667, 0.8778, 0.8727, 0.7635, 0.6667, 0.6489, 0.4933,
        0.9729, 0.9364, 0.7905, 0.8609, 0.9583, 0.9963, 0.9524, 0.9400, 0.9306,
        0.7179, 0.1167, 0.1889, 0.2778, 0.9667, 0.5933, 0.4778, 0.8771, 0.5444,
        0.2167, 0.6067, 0.5667, 0.2800, 0.7926, 0.7667, 0.9333, 0.9917, 0.9692,
        0.7250, 0.9167, 0.9551, 0.6667, 0.6556, 0.7167, 0.8778])
tensor([0.0333, 0.7306, 0.7027, 0.8756, 0.8424, 0.7651, 0.6667, 0.6844, 0.6333,
        0.9833, 0.9470, 0.8024, 0.8710, 0.9583, 0.9963, 0.9476, 0.9467, 0.9361,
        0.7154, 0.2000, 0.3556, 0.3111, 0.9750, 0.5800, 0.5333, 0.8813, 0.5833,
        0.2167, 0.5800, 0.5333, 0.3867, 0.8037, 0.8333, 0.9095, 0.9917, 0.9667,
        0.7250, 0.9500, 0.9493, 0.6778, 0.6333, 0.7000, 0.8667])
tensor([0.0333, 0.7667, 0.7173, 0.8756, 0.8500, 0.7619, 0.6667, 0.7067, 0.6956,
        0.9896, 0.9500, 0.8167, 0.8638, 0.9681, 0.9963, 0.9381, 0.9533, 0.9528,
        0.7103, 0.2500, 0.3556, 0.4444, 0.9750, 0.6133, 0.5333, 0.8938, 0.6333,
        0.2333, 0.6133, 0.7000, 0.3200, 0.8074, 0.9500, 0.9429, 0.9917, 0.9436,
        0.7250, 0.9500, 0.9493, 0.6444, 0.6444, 0.7000, 0.8778])
tensor([0.0500, 0.7875, 0.7133, 0.8867, 0.8652, 0.7730, 0.6733, 0.7222, 0.6778,
        0.9875, 0.9545, 0.8286, 0.8783, 0.9597, 0.9963, 0.9429, 0.9533, 0.9389,
        0.7231, 0.2167, 0.4222, 0.3778, 0.9750, 0.6333, 0.5444, 0.9000, 0.6722,
        0.2333, 0.6000, 0.6778, 0.2933, 0.8370, 0.8833, 0.9429, 0.9917, 0.9615,
        0.7250, 0.9167, 0.9580, 0.6556, 0.6556, 0.7000, 0.9000])
tensor([0.0833, 0.7708, 0.7640, 0.9156, 0.8621, 0.7667, 0.7067, 0.7244, 0.7489,
        0.9833, 0.9561, 0.8357, 0.8841, 0.9611, 0.9963, 0.9476, 0.9533, 0.9444,
        0.7359, 0.2500, 0.3778, 0.3667, 0.9750, 0.6133, 0.5556, 0.9000, 0.7556,
        0.2167, 0.6067, 0.7333, 0.4067, 0.8333, 0.8167, 0.9238, 0.9917, 0.9821,
        0.7583, 0.9667, 0.9507, 0.7000, 0.6333, 0.7167, 0.8778])
tensor([0.1833, 0.7944, 0.7680, 0.9067, 0.8485, 0.7905, 0.6867, 0.7356, 0.7778,
        0.9875, 0.9530, 0.8310, 0.8826, 0.9625, 1.0000, 0.9571, 0.9600, 0.9583,
        0.7359, 0.1667, 0.4667, 0.4667, 0.9750, 0.6400, 0.5444, 0.8979, 0.6944,
        0.2500, 0.6000, 0.7667, 0.4067, 0.8444, 0.9000, 0.9381, 0.9917, 0.9718,
        0.7583, 0.9667, 0.9565, 0.7333, 0.6333, 0.7167, 0.9333])
tensor([0.1500, 0.8181, 0.7760, 0.9089, 0.8773, 0.7810, 0.6800, 0.7689, 0.7689,
        0.9896, 0.9561, 0.8262, 0.8841, 0.9639, 1.0000, 0.9571, 0.9600, 0.9500,
        0.7513, 0.2167, 0.6889, 0.4222, 0.9750, 0.6733, 0.5778, 0.9000, 0.7000,
        0.2667, 0.5267, 0.7333, 0.4733, 0.8741, 0.8667, 0.9476, 0.9917, 0.9692,
        0.7750, 0.9833, 0.9536, 0.7111, 0.6222, 0.7167, 0.9333])
tensor([0.1333, 0.8250, 0.8147, 0.9222, 0.8667, 0.7984, 0.7067, 0.7578, 0.8044,
        0.9854, 0.9545, 0.8619, 0.8957, 0.9708, 1.0000, 0.9476, 0.9600, 0.9528,
        0.7795, 0.2500, 0.6444, 0.3667, 0.9750, 0.6600, 0.6111, 0.9000, 0.6778,
        0.2500, 0.5533, 0.7556, 0.4867, 0.8815, 0.9500, 0.9714, 0.9917, 0.9564,
        0.7333, 0.9833, 0.9623, 0.6333, 0.6444, 0.7333, 0.8778])
tensor([0.1833, 0.8403, 0.8053, 0.9356, 0.8742, 0.8000, 0.7467, 0.7778, 0.8178,
        0.9875, 0.9576, 0.8571, 0.8928, 0.9708, 0.9963, 0.9476, 0.9600, 0.9583,
        0.7641, 0.2667, 0.6333, 0.3778, 0.9667, 0.6667, 0.6222, 0.9000, 0.7167,
        0.3000, 0.5133, 0.7778, 0.5133, 0.8667, 0.9333, 0.9714, 0.9917, 0.9564,
        0.7500, 0.9667, 0.9623, 0.6778, 0.6333, 0.7333, 0.9333])
tensor([0.2000, 0.8583, 0.8200, 0.9533, 0.8894, 0.7984, 0.7333, 0.7733, 0.8178,
        0.9875, 0.9591, 0.8643, 0.8899, 0.9708, 1.0000, 0.9619, 0.9667, 0.9472,
        0.7590, 0.2833, 0.7556, 0.4111, 0.9750, 0.6667, 0.6556, 0.9042, 0.7667,
        0.3000, 0.5867, 0.7778, 0.4733, 0.8630, 0.9833, 0.9667, 0.9917, 0.9308,
        0.7833, 0.9667, 0.9667, 0.6889, 0.6444, 0.7167, 0.9333])
tensor([0.2500, 0.8736, 0.8320, 0.9578, 0.8803, 0.8095, 0.7133, 0.7578, 0.8333,
        0.9917, 0.9576, 0.8571, 0.9000, 0.9708, 1.0000, 0.9619, 0.9667, 0.9583,
        0.7641, 0.3000, 0.7444, 0.4556, 0.9750, 0.7000, 0.6667, 0.9042, 0.7500,
        0.3000, 0.5600, 0.7444, 0.4933, 0.8704, 0.9167, 0.9524, 0.9917, 0.9769,
        0.7750, 0.9667, 0.9710, 0.7444, 0.6778, 0.7167, 0.9333])
tensor([0.2333, 0.8736, 0.8560, 0.9422, 0.8879, 0.8222, 0.7133, 0.7533, 0.8378,
        0.9937, 0.9576, 0.8667, 0.9000, 0.9708, 1.0000, 0.9667, 0.9667, 0.9528,
        0.7538, 0.2667, 0.6556, 0.3667, 0.9750, 0.7067, 0.6222, 0.9000, 0.8056,
        0.3333, 0.5400, 0.7778, 0.5933, 0.8815, 0.9333, 0.9762, 0.9917, 0.9564,
        0.7833, 0.9833, 0.9710, 0.6667, 0.6333, 0.7167, 0.9333])
tensor([0.1667, 0.8889, 0.8587, 0.9533, 0.8818, 0.8254, 0.7400, 0.7644, 0.8511,
        0.9896, 0.9561, 0.8595, 0.8986, 0.9708, 1.0000, 0.9667, 0.9667, 0.9639,
        0.7897, 0.3833, 0.7444, 0.4889, 0.9750, 0.7000, 0.6444, 0.9042, 0.7833,
        0.3333, 0.5800, 0.7889, 0.5533, 0.8889, 1.0000, 0.9524, 0.9917, 0.9744,
        0.7917, 0.9833, 0.9710, 0.6889, 0.6444, 0.7333, 0.9444])
tensor([0.3000, 0.8875, 0.8693, 0.9489, 0.8788, 0.8286, 0.7400, 0.7667, 0.8711,
        0.9917, 0.9576, 0.8714, 0.9014, 0.9708, 1.0000, 0.9667, 0.9667, 0.9722,
        0.7641, 0.2833, 0.7556, 0.4778, 0.9667, 0.7400, 0.6778, 0.9000, 0.7833,
        0.3833, 0.6333, 0.7778, 0.4467, 0.8852, 1.0000, 0.9762, 0.9917, 0.9641,
        0.7917, 0.9833, 0.9768, 0.6778, 0.6222, 0.7500, 0.9444])
tensor([0.3000, 0.8958, 0.8653, 0.9467, 0.8833, 0.8317, 0.7400, 0.8178, 0.8800,
        0.9896, 0.9606, 0.8571, 0.9043, 0.9708, 1.0000, 0.9857, 0.9733, 0.9750,
        0.7872, 0.3833, 0.7556, 0.5222, 0.9750, 0.7067, 0.6222, 0.8958, 0.7833,
        0.4000, 0.5333, 0.8111, 0.6533, 0.8852, 1.0000, 0.9762, 0.9917, 0.9667,
        0.7500, 0.9667, 0.9696, 0.6778, 0.7778, 0.7333, 0.9333])
tensor([0.2500, 0.9194, 0.8707, 0.9489, 0.8848, 0.8365, 0.7933, 0.8067, 0.8756,
        0.9917, 0.9576, 0.8571, 0.9000, 0.9694, 1.0000, 0.9762, 0.9667, 0.9750,
        0.7846, 0.4833, 0.8222, 0.4667, 0.9750, 0.7733, 0.6667, 0.9062, 0.7667,
        0.4000, 0.5867, 0.7889, 0.5933, 0.8741, 0.9667, 0.9762, 0.9917, 0.9667,
        0.7833, 0.9667, 0.9696, 0.6778, 0.6778, 0.7333, 0.9333])
tensor([0.2667, 0.9319, 0.8667, 0.9644, 0.8955, 0.8381, 0.7667, 0.7844, 0.8800,
        0.9917, 0.9576, 0.8762, 0.9043, 0.9708, 0.9963, 0.9762, 0.9733, 0.9750,
        0.7846, 0.3833, 0.7778, 0.5667, 0.9750, 0.8000, 0.7000, 0.9042, 0.7944,
        0.3833, 0.6467, 0.7778, 0.5333, 0.9000, 0.9833, 0.9571, 0.9917, 0.9692,
        0.7917, 0.9667, 0.9681, 0.7556, 0.8778, 0.7500, 0.9444])
tensor([0.4000, 0.9208, 0.8613, 0.9578, 0.8985, 0.8413, 0.7600, 0.7978, 0.9000,
        0.9896, 0.9621, 0.8738, 0.9014, 0.9722, 1.0000, 0.9810, 0.9867, 0.9750,
        0.7872, 0.5500, 0.8778, 0.6000, 0.9750, 0.7933, 0.6667, 0.8958, 0.7500,
        0.4000, 0.6200, 0.8222, 0.4267, 0.8852, 0.9833, 0.9619, 0.9917, 0.9692,
        0.7917, 0.9667, 0.9681, 0.7556, 0.9444, 0.7167, 0.9444])
tensor([0.3333, 0.9194, 0.8653, 0.9533, 0.8955, 0.8619, 0.7933, 0.8222, 0.9044,
        0.9937, 0.9606, 0.8690, 0.9058, 0.9722, 0.9963, 0.9857, 0.9867, 0.9694,
        0.7821, 0.4500, 0.8222, 0.5556, 0.9750, 0.7733, 0.6667, 0.9083, 0.8889,
        0.3500, 0.6067, 0.8333, 0.5933, 0.9222, 0.9833, 0.9857, 0.9917, 0.9667,
        0.7917, 0.9667, 0.9768, 0.7889, 0.9444, 0.7833, 0.9333])
tensor([0.4000, 0.9222, 0.8667, 0.9578, 0.8909, 0.8635, 0.7867, 0.8089, 0.9222,
        0.9937, 0.9636, 0.8738, 0.9072, 0.9708, 1.0000, 0.9952, 0.9867, 0.9806,
        0.7949, 0.6000, 0.8444, 0.6222, 0.9667, 0.8000, 0.6889, 0.9083, 0.7944,
        0.3833, 0.5800, 0.8333, 0.5800, 0.9148, 1.0000, 0.9810, 0.9917, 0.9513,
        0.7917, 0.9667, 0.9754, 0.8667, 0.9556, 0.7667, 0.9333])
tensor([0.3500, 0.9375, 0.8707, 0.9578, 0.9015, 0.8571, 0.7733, 0.7933, 0.9244,
        0.9917, 0.9591, 0.8690, 0.9058, 0.9736, 1.0000, 0.9952, 0.9867, 0.9750,
        0.7949, 0.5667, 0.8444, 0.5444, 0.9750, 0.8333, 0.6667, 0.9083, 0.7667,
        0.3833, 0.6133, 0.8556, 0.6400, 0.9185, 0.9333, 0.9667, 0.9917, 0.9615,
        0.7917, 0.9667, 0.9754, 0.8778, 0.9667, 0.7833, 0.9444])
tensor([0.3167, 0.9514, 0.8787, 0.9600, 0.9045, 0.8556, 0.7667, 0.8044, 0.9156,
        0.9917, 0.9636, 0.8643, 0.9087, 0.9722, 1.0000, 0.9952, 0.9867, 0.9833,
        0.7846, 0.6500, 0.8222, 0.6667, 0.9667, 0.8600, 0.7000, 0.9208, 0.8556,
        0.4333, 0.6067, 0.8333, 0.5933, 0.9148, 0.9167, 0.9762, 0.9917, 0.9692,
        0.7583, 0.9667, 0.9739, 0.8778, 0.9444, 0.7667, 0.9333])
tensor([0.3167, 0.9500, 0.8987, 0.9689, 0.9076, 0.8603, 0.7667, 0.8133, 0.9156,
        0.9958, 0.9591, 0.8881, 0.9058, 0.9722, 1.0000, 0.9952, 0.9867, 0.9833,
        0.7923, 0.6000, 0.8111, 0.6333, 0.9750, 0.8600, 0.7111, 0.9167, 0.8222,
        0.3833, 0.6467, 0.8889, 0.5467, 0.9222, 0.8833, 0.9619, 0.9917, 0.9641,
        0.7917, 0.9667, 0.9783, 0.8556, 0.9222, 0.7500, 0.9556])
tensor([0.3167, 0.9542, 0.9013, 0.9667, 0.9091, 0.8587, 0.7600, 0.8067, 0.9200,
        0.9937, 0.9652, 0.8810, 0.9058, 0.9722, 1.0000, 0.9952, 0.9867, 0.9833,
        0.7949, 0.6500, 0.8667, 0.6222, 0.9583, 0.8600, 0.7000, 0.9021, 0.8389,
        0.4000, 0.6867, 0.8444, 0.5467, 0.9259, 0.9167, 0.9619, 0.9917, 0.9641,
        0.8167, 0.9667, 0.9768, 0.8556, 0.9444, 0.7833, 0.9444])
tensor([0.3167, 0.9556, 0.9080, 0.9622, 0.9121, 0.8714, 0.7667, 0.8244, 0.9244,
        0.9937, 0.9636, 0.8643, 0.9058, 0.9736, 1.0000, 0.9952, 0.9867, 0.9861,
        0.7897, 0.6000, 0.8444, 0.7000, 0.9583, 0.9067, 0.7222, 0.9146, 0.8222,
        0.4667, 0.6533, 0.9000, 0.4800, 0.9370, 0.9167, 0.9619, 0.9917, 0.9615,
        0.8083, 0.9667, 0.9768, 0.8556, 0.9333, 0.7833, 0.9444])
tensor([0.3333, 0.9625, 0.9173, 0.9600, 0.9030, 0.8794, 0.7667, 0.7911, 0.9356,
        0.9937, 0.9652, 0.8976, 0.9072, 0.9778, 1.0000, 0.9952, 0.9800, 0.9861,
        0.7923, 0.5167, 0.8444, 0.7333, 0.9583, 0.8800, 0.7667, 0.9104, 0.7611,
        0.4667, 0.6667, 0.8222, 0.5000, 0.9296, 0.9333, 0.9619, 0.9917, 0.9615,
        0.7833, 0.9667, 0.9797, 0.8667, 0.9000, 0.7833, 0.9111])
tensor([0.3333, 0.9569, 0.9240, 0.9444, 0.9152, 0.8841, 0.7667, 0.7978, 0.9378,
        0.9958, 0.9652, 0.8643, 0.9101, 0.9736, 1.0000, 0.9952, 0.9933, 0.9861,
        0.7974, 0.5833, 0.8778, 0.6889, 0.9667, 0.9067, 0.7556, 0.9187, 0.8444,
        0.4500, 0.6733, 0.8333, 0.4733, 0.9370, 0.9333, 0.9571, 0.9917, 0.9641,
        0.7833, 0.9667, 0.9812, 0.9111, 0.8333, 0.7833, 0.9444])
tensor([0.4000, 0.9375, 0.9387, 0.9622, 0.9182, 0.8778, 0.7533, 0.8222, 0.9267,
        0.9958, 0.9652, 0.9048, 0.9029, 0.9750, 1.0000, 0.9952, 0.9867, 0.9861,
        0.8000, 0.6833, 0.8667, 0.6556, 0.9750, 0.9200, 0.6889, 0.9229, 0.8333,
        0.4333, 0.6533, 0.8444, 0.4800, 0.9296, 0.9500, 0.9619, 0.9917, 0.9615,
        0.8000, 0.9667, 0.9783, 0.8222, 0.8667, 0.7833, 0.9444])
tensor([0.5833, 0.9319, 0.9440, 0.9511, 0.9182, 0.8841, 0.7533, 0.8244, 0.9222,
        0.9937, 0.9621, 0.8952, 0.9116, 0.9750, 1.0000, 0.9952, 0.9867, 0.9861,
        0.8026, 0.6333, 0.8556, 0.7778, 0.9750, 0.8933, 0.6778, 0.9229, 0.8667,
        0.4667, 0.6800, 0.9333, 0.5933, 0.9407, 0.9667, 0.9619, 0.9917, 0.9615,
        0.8000, 0.9667, 0.9797, 0.8556, 0.8889, 0.7833, 0.9333])
tensor([0.4167, 0.9528, 0.9360, 0.9578, 0.9242, 0.8825, 0.7933, 0.8200, 0.9333,
        0.9937, 0.9636, 0.9024, 0.9072, 0.9792, 1.0000, 0.9952, 0.9867, 0.9889,
        0.8051, 0.7167, 0.8667, 0.7000, 0.9750, 0.8867, 0.7222, 0.9229, 0.7444,
        0.4500, 0.6667, 0.9333, 0.6400, 0.9370, 0.8833, 0.9571, 0.9917, 0.9308,
        0.8083, 0.9500, 0.9754, 0.8889, 0.9000, 0.8000, 0.8889])
tensor([0.4167, 0.9528, 0.9427, 0.9622, 0.9288, 0.8857, 0.7667, 0.8222, 0.9200,
        0.9958, 0.9667, 0.8929, 0.9058, 0.9778, 1.0000, 0.9952, 0.9867, 0.9889,
        0.8051, 0.6000, 0.8889, 0.7000, 0.9667, 0.9133, 0.7222, 0.9187, 0.8056,
        0.4667, 0.7000, 0.9222, 0.5600, 0.9407, 0.8833, 0.9571, 0.9917, 0.9282,
        0.8000, 0.9667, 0.9768, 0.8778, 0.9111, 0.8000, 0.8889])
tensor([0.4167, 0.9514, 0.9387, 0.9644, 0.9197, 0.8825, 0.8267, 0.8222, 0.9289,
        0.9937, 0.9682, 0.8976, 0.9072, 0.9736, 1.0000, 0.9905, 0.9867, 0.9889,
        0.8051, 0.6667, 0.8667, 0.6889, 0.9667, 0.9533, 0.7333, 0.9250, 0.8056,
        0.4667, 0.6467, 0.9333, 0.5333, 0.9296, 0.9000, 0.9619, 0.9917, 0.9615,
        0.8417, 0.9667, 0.9739, 0.9000, 0.9111, 0.8000, 0.9111])
tensor([0.5500, 0.9486, 0.9413, 0.9289, 0.9303, 0.8921, 0.7933, 0.8289, 0.9333,
        0.9937, 0.9591, 0.8952, 0.9072, 0.9764, 1.0000, 0.9905, 0.9933, 0.9917,
        0.8026, 0.7167, 0.8667, 0.7667, 0.9750, 0.9000, 0.7556, 0.9208, 0.8389,
        0.4833, 0.7000, 0.9333, 0.5800, 0.9370, 0.8833, 0.9571, 0.9917, 0.9615,
        0.8667, 0.9667, 0.9725, 0.9000, 0.8333, 0.8000, 0.9222])
tensor([0.3500, 0.9611, 0.9347, 0.9489, 0.9379, 0.8857, 0.8200, 0.8289, 0.9311,
        0.9937, 0.9682, 0.8976, 0.9014, 0.9764, 1.0000, 0.9905, 0.9933, 0.9861,
        0.8103, 0.6500, 0.9000, 0.6889, 0.9500, 0.9533, 0.7444, 0.9187, 0.8389,
        0.4667, 0.6867, 0.9222, 0.5667, 0.9481, 0.8833, 0.9667, 0.9917, 0.9256,
        0.8000, 0.9667, 0.9783, 0.8778, 0.8556, 0.8000, 0.9333])
tensor([0.3500, 0.9528, 0.9587, 0.9511, 0.9273, 0.8921, 0.7867, 0.8467, 0.9267,
        0.9937, 0.9667, 0.9238, 0.9029, 0.9833, 1.0000, 0.9952, 0.9867, 0.9861,
        0.8051, 0.6667, 0.8889, 0.7111, 0.9417, 0.9333, 0.7556, 0.9167, 0.8056,
        0.5000, 0.7133, 0.8778, 0.5800, 0.9519, 0.8833, 0.9714, 0.9917, 0.9513,
        0.7750, 0.9667, 0.9797, 0.8778, 0.8444, 0.8000, 0.9222])
tensor([0.5167, 0.9486, 0.9587, 0.9578, 0.9242, 0.8889, 0.7800, 0.8267, 0.9400,
        0.9937, 0.9636, 0.9119, 0.9058, 0.9792, 1.0000, 0.9952, 0.9933, 0.9889,
        0.8103, 0.6833, 0.8778, 0.7000, 0.9833, 0.9600, 0.7556, 0.9250, 0.8556,
        0.4667, 0.7133, 0.9222, 0.5400, 0.9407, 0.8667, 0.9667, 0.9917, 0.9564,
        0.8583, 0.9667, 0.9725, 0.8889, 0.8333, 0.8000, 0.9444])
tensor([0.5167, 0.9556, 0.9427, 0.9333, 0.9348, 0.9000, 0.7800, 0.8444, 0.9356,
        0.9937, 0.9712, 0.9048, 0.9029, 0.9792, 1.0000, 1.0000, 0.9933, 0.9889,
        0.8128, 0.6833, 0.9000, 0.6889, 0.9583, 0.9600, 0.7556, 0.9250, 0.7667,
        0.4833, 0.6867, 0.9333, 0.5867, 0.9444, 0.8500, 0.9571, 0.9917, 0.9718,
        0.8000, 0.9667, 0.9797, 0.9111, 0.8889, 0.8000, 0.9556])
tensor([0.5000, 0.9528, 0.9573, 0.9511, 0.9379, 0.8921, 0.8200, 0.8467, 0.9333,
        0.9937, 0.9652, 0.9071, 0.9014, 0.9792, 1.0000, 0.9952, 0.9933, 0.9917,
        0.8128, 0.7167, 0.9333, 0.7667, 0.9500, 0.9467, 0.7444, 0.9167, 0.7500,
        0.5000, 0.8067, 0.9111, 0.5600, 0.9333, 0.8833, 0.9571, 0.9917, 0.9487,
        0.7917, 0.9667, 0.9797, 0.8889, 0.9222, 0.8000, 0.9111])
tensor([0.3333, 0.9611, 0.9560, 0.9444, 0.9470, 0.8889, 0.8000, 0.8578, 0.9200,
        0.9937, 0.9682, 0.9143, 0.9087, 0.9764, 1.0000, 0.9905, 0.9933, 0.9889,
        0.8103, 0.7167, 0.9444, 0.7889, 0.9667, 0.9267, 0.7333, 0.9229, 0.8056,
        0.5000, 0.7267, 0.9444, 0.5933, 0.9481, 0.8500, 0.9714, 0.9917, 0.9615,
        0.8333, 0.9667, 0.9754, 0.8556, 0.8333, 0.8000, 0.8889])
tensor([0.4000, 0.9597, 0.9560, 0.9422, 0.9333, 0.8873, 0.8200, 0.8578, 0.9444,
        0.9937, 0.9667, 0.9119, 0.9087, 0.9764, 1.0000, 0.9857, 0.9933, 0.9917,
        0.8154, 0.6500, 0.9444, 0.7111, 0.9583, 0.9600, 0.7889, 0.9187, 0.8000,
        0.5000, 0.7200, 0.9333, 0.5533, 0.9481, 0.9167, 0.9667, 0.9917, 0.9641,
        0.8167, 0.9667, 0.9783, 0.9444, 0.8333, 0.8000, 0.8889])
tensor([0.3000, 0.9625, 0.9440, 0.9489, 0.9409, 0.8937, 0.8200, 0.8511, 0.9444,
        0.9937, 0.9667, 0.9071, 0.9043, 0.9833, 1.0000, 0.9952, 0.9933, 0.9861,
        0.8128, 0.6667, 0.9333, 0.7222, 0.9667, 0.9600, 0.8000, 0.9187, 0.8111,
        0.5000, 0.7867, 0.9333, 0.5933, 0.9593, 0.9167, 0.9667, 0.9917, 0.9513,
        0.8000, 0.9667, 0.9797, 0.9444, 0.8444, 0.8000, 0.8889])
tensor([0.2500, 0.9625, 0.9573, 0.9422, 0.9439, 0.8921, 0.7533, 0.8556, 0.9489,
        0.9937, 0.9682, 0.9000, 0.9145, 0.9778, 1.0000, 0.9810, 0.9933, 0.9861,
        0.8154, 0.7000, 0.9444, 0.8000, 0.9500, 0.9600, 0.7889, 0.9229, 0.8000,
        0.5000, 0.7800, 0.9222, 0.5867, 0.9519, 0.8500, 0.9714, 0.9917, 0.9538,
        0.8833, 0.9667, 0.9783, 0.9000, 0.8333, 0.8000, 0.9444])
tensor([0.3667, 0.9653, 0.9560, 0.9422, 0.9470, 0.8841, 0.8000, 0.8800, 0.9267,
        0.9937, 0.9697, 0.9214, 0.9087, 0.9806, 1.0000, 1.0000, 0.9933, 0.9917,
        0.8179, 0.7333, 0.9333, 0.8111, 0.9583, 0.9400, 0.7667, 0.9187, 0.7944,
        0.5000, 0.7867, 0.9333, 0.5933, 0.9519, 0.9167, 0.9714, 0.9833, 0.9667,
        0.8583, 0.9667, 0.9754, 0.9111, 0.8333, 0.8167, 0.8333])
tensor([0.3333, 0.9653, 0.9507, 0.9311, 0.9485, 0.9095, 0.8067, 0.8489, 0.9444,
        0.9937, 0.9636, 0.9143, 0.8957, 0.9764, 1.0000, 1.0000, 0.9933, 0.9917,
        0.8179, 0.7333, 0.9444, 0.7889, 0.9667, 0.9467, 0.7667, 0.9229, 0.8278,
        0.5000, 0.7867, 0.9333, 0.5267, 0.9481, 0.8667, 0.9667, 0.9917, 0.9641,
        0.8333, 0.9667, 0.9754, 0.9556, 0.8444, 0.8000, 0.9667])
tensor([0.5167, 0.9597, 0.9573, 0.9378, 0.9470, 0.9000, 0.7933, 0.8578, 0.9467,
        0.9937, 0.9667, 0.9048, 0.9174, 0.9764, 1.0000, 0.9952, 0.9933, 0.9917,
        0.8179, 0.7000, 0.9444, 0.7000, 0.9667, 0.9600, 0.8222, 0.9229, 0.7889,
        0.5000, 0.8000, 0.8889, 0.5933, 0.9519, 0.9167, 0.9667, 0.9917, 0.9487,
        0.8000, 0.9667, 0.9797, 0.9333, 0.8556, 0.8000, 0.9556])
tensor([0.3833, 0.9514, 0.9653, 0.9244, 0.9470, 0.9079, 0.7867, 0.8711, 0.9600,
        0.9937, 0.9697, 0.9119, 0.9000, 0.9806, 1.0000, 0.9857, 0.9933, 0.9889,
        0.8179, 0.6833, 0.9667, 0.6778, 0.9667, 0.9533, 0.8222, 0.9187, 0.7833,
        0.5000, 0.7133, 0.9333, 0.5600, 0.9556, 0.8667, 0.9667, 0.9833, 0.9538,
        0.8833, 0.9667, 0.9768, 0.8889, 0.8222, 0.8000, 0.9444])
tensor([0.4667, 0.9597, 0.9587, 0.9244, 0.9455, 0.9000, 0.8267, 0.8333, 0.9533,
        0.9937, 0.9682, 0.9190, 0.9130, 0.9792, 1.0000, 0.9905, 0.9933, 0.9917,
        0.8179, 0.7333, 0.9444, 0.7222, 0.9667, 0.9600, 0.8111, 0.9208, 0.8000,
        0.5000, 0.7933, 0.9333, 0.5533, 0.9519, 0.8667, 0.9667, 0.9833, 0.9564,
        0.8583, 0.9667, 0.9797, 0.8889, 0.8556, 0.8000, 0.9444])
tensor([0.4167, 0.9542, 0.9613, 0.9467, 0.9485, 0.8952, 0.8000, 0.8444, 0.9622,
        0.9937, 0.9682, 0.9476, 0.9072, 0.9792, 1.0000, 1.0000, 0.9933, 0.9833,
        0.8179, 0.7167, 0.9556, 0.7222, 0.9667, 0.9533, 0.8333, 0.9104, 0.8111,
        0.5000, 0.8200, 0.9333, 0.5333, 0.9519, 0.9000, 0.9667, 0.9917, 0.9436,
        0.8417, 0.9667, 0.9797, 0.9556, 0.8333, 0.8000, 0.9111])
tensor([0.3667, 0.9667, 0.9600, 0.9267, 0.9439, 0.8984, 0.8267, 0.8689, 0.9511,
        0.9937, 0.9697, 0.9119, 0.9116, 0.9750, 1.0000, 1.0000, 0.9933, 0.9778,
        0.8256, 0.6833, 0.9556, 0.6889, 0.9667, 0.9600, 0.8111, 0.9250, 0.7167,
        0.5000, 0.7333, 0.9444, 0.5933, 0.9630, 0.9000, 0.9667, 0.9917, 0.9590,
        0.8833, 0.9667, 0.9797, 0.9667, 0.8444, 0.8000, 0.8778])
tensor([0.3833, 0.9556, 0.9707, 0.9222, 0.9500, 0.8984, 0.8000, 0.8822, 0.9578,
        0.9937, 0.9667, 0.9167, 0.9043, 0.9792, 1.0000, 1.0000, 0.9933, 0.9917,
        0.8205, 0.7333, 0.9222, 0.7222, 0.9667, 0.9600, 0.8111, 0.9208, 0.7944,
        0.5000, 0.8200, 0.9333, 0.5333, 0.9593, 0.9500, 0.9667, 0.9917, 0.9718,
        0.8500, 0.9667, 0.9797, 0.9667, 0.8444, 0.8000, 0.8778])
tensor([0.3667, 0.9597, 0.9587, 0.9267, 0.9561, 0.9032, 0.7867, 0.8689, 0.9600,
        0.9937, 0.9697, 0.9071, 0.9058, 0.9792, 1.0000, 0.9905, 0.9933, 0.9778,
        0.8179, 0.7000, 0.9667, 0.7333, 0.9750, 0.9667, 0.8111, 0.9229, 0.7833,
        0.5000, 0.8000, 0.9667, 0.4933, 0.9593, 0.8500, 0.9667, 0.9917, 0.9513,
        0.8833, 0.9667, 0.9797, 0.9444, 0.8333, 0.8000, 0.9222])
tensor([0.4667, 0.9611, 0.9573, 0.9267, 0.9470, 0.9000, 0.8267, 0.8578, 0.9667,
        0.9937, 0.9697, 0.9500, 0.9203, 0.9806, 1.0000, 0.9905, 0.9933, 0.9889,
        0.8205, 0.7333, 0.9556, 0.7778, 0.9750, 0.9533, 0.8111, 0.9146, 0.7667,
        0.5000, 0.8267, 0.9000, 0.5600, 0.9630, 0.8000, 0.9619, 0.9917, 0.9538,
        0.8583, 0.9667, 0.9768, 0.9556, 0.8444, 0.8000, 0.9111])
tensor([0.4000, 0.9708, 0.9547, 0.9467, 0.9515, 0.8937, 0.8000, 0.8822, 0.9578,
        0.9917, 0.9682, 0.9357, 0.9203, 0.9792, 1.0000, 0.9952, 0.9933, 0.9750,
        0.8205, 0.6833, 0.9667, 0.8000, 0.9750, 0.9600, 0.8111, 0.9187, 0.7778,
        0.5000, 0.8600, 0.9444, 0.5267, 0.9630, 0.8167, 0.9667, 0.9917, 0.9667,
        0.8667, 0.9667, 0.9812, 0.9667, 0.8333, 0.8000, 0.9222])
tensor([0.4167, 0.9611, 0.9707, 0.9222, 0.9545, 0.9079, 0.8000, 0.8733, 0.9644,
        0.9937, 0.9697, 0.9238, 0.9145, 0.9792, 1.0000, 0.9905, 0.9933, 0.9917,
        0.8256, 0.6833, 0.9667, 0.8222, 0.9667, 0.9400, 0.8000, 0.9292, 0.7611,
        0.5000, 0.8333, 0.9444, 0.5467, 0.9741, 0.8500, 0.9667, 0.9917, 0.9513,
        0.8833, 0.9667, 0.9812, 0.9000, 0.8222, 0.8167, 0.9111])
tensor([0.4333, 0.9583, 0.9693, 0.9311, 0.9500, 0.9016, 0.8133, 0.8756, 0.9578,
        0.9937, 0.9712, 0.9048, 0.9130, 0.9806, 1.0000, 0.9952, 0.9933, 0.9917,
        0.8256, 0.7333, 0.9667, 0.7778, 0.9750, 0.9600, 0.7889, 0.9292, 0.7500,
        0.5000, 0.8600, 0.9667, 0.5533, 0.9704, 0.9000, 0.9667, 0.9917, 0.9462,
        0.8833, 0.9667, 0.9797, 0.9556, 0.8333, 0.8000, 0.9000])
tensor([0.5333, 0.9681, 0.9547, 0.9267, 0.9530, 0.9016, 0.7600, 0.8867, 0.9622,
        0.9937, 0.9697, 0.9476, 0.9217, 0.9778, 1.0000, 0.9857, 0.9933, 0.9889,
        0.8179, 0.7500, 0.9556, 0.7667, 0.9750, 0.9533, 0.8333, 0.9208, 0.8444,
        0.5000, 0.8333, 0.9778, 0.5267, 0.9667, 0.9333, 0.9619, 0.9917, 0.9692,
        0.8000, 0.9667, 0.9797, 0.9556, 0.8556, 0.8000, 0.9333])
tensor([0.4500, 0.9458, 0.9693, 0.9467, 0.9576, 0.9016, 0.7867, 0.8778, 0.9556,
        0.9896, 0.9712, 0.9310, 0.9174, 0.9792, 1.0000, 0.9857, 0.9933, 0.9778,
        0.8179, 0.7167, 0.9333, 0.7778, 0.9750, 0.9333, 0.8111, 0.9229, 0.7889,
        0.5000, 0.8800, 0.9444, 0.5200, 0.9704, 0.9333, 0.9667, 0.9917, 0.9462,
        0.8833, 0.9667, 0.9783, 0.9556, 0.8444, 0.8000, 0.9000])
tensor([0.5000, 0.9597, 0.9707, 0.9289, 0.9500, 0.9016, 0.8200, 0.8600, 0.9689,
        0.9937, 0.9727, 0.9190, 0.9203, 0.9792, 1.0000, 0.9952, 0.9933, 0.9861,
        0.8231, 0.6833, 0.9667, 0.7222, 0.9750, 0.9733, 0.8444, 0.9229, 0.7722,
        0.5000, 0.8133, 0.9778, 0.4267, 0.9704, 0.9167, 0.9714, 0.9917, 0.9564,
        0.8750, 0.9667, 0.9797, 0.9556, 0.8667, 0.8000, 0.9111])
tensor([0.4500, 0.9528, 0.9667, 0.9444, 0.9545, 0.9032, 0.8267, 0.8711, 0.9644,
        0.9937, 0.9682, 0.9381, 0.9232, 0.9778, 1.0000, 1.0000, 0.9933, 0.9778,
        0.8205, 0.6333, 0.9778, 0.7222, 0.9750, 0.9533, 0.7889, 0.9187, 0.7611,
        0.5000, 0.8400, 0.9444, 0.5133, 0.9667, 0.9667, 0.9667, 0.9917, 0.9513,
        0.8833, 0.9667, 0.9797, 0.9667, 0.8222, 0.7833, 0.8333])
tensor([0.4833, 0.9708, 0.9680, 0.9178, 0.9545, 0.9032, 0.8333, 0.8956, 0.9600,
        0.9937, 0.9712, 0.9476, 0.9014, 0.9778, 1.0000, 1.0000, 0.9933, 0.9750,
        0.8231, 0.7167, 0.9778, 0.7667, 0.9750, 0.9400, 0.8444, 0.9208, 0.7889,
        0.5000, 0.8000, 0.9778, 0.6133, 0.9704, 0.9333, 0.9667, 0.9833, 0.9795,
        0.8833, 0.9667, 0.9797, 0.9667, 0.8222, 0.8000, 0.8778])
tensor([0.5000, 0.9569, 0.9707, 0.9289, 0.9530, 0.9000, 0.8067, 0.8667, 0.9667,
        0.9937, 0.9712, 0.9214, 0.9246, 0.9764, 1.0000, 0.9952, 0.9933, 0.9889,
        0.8308, 0.7333, 0.9889, 0.7111, 0.9750, 0.9600, 0.8222, 0.9187, 0.7833,
        0.5000, 0.8333, 0.9778, 0.6000, 0.9630, 0.9167, 0.9667, 0.9833, 0.9615,
        0.8833, 0.9667, 0.9797, 0.9667, 0.8222, 0.8000, 0.8778])
tensor([0.5833, 0.9556, 0.9720, 0.9422, 0.9545, 0.8968, 0.8200, 0.8711, 0.9644,
        0.9896, 0.9697, 0.9333, 0.9203, 0.9778, 1.0000, 0.9952, 0.9933, 0.9722,
        0.8333, 0.7167, 0.9778, 0.7444, 0.9750, 0.9467, 0.8333, 0.9292, 0.7667,
        0.5000, 0.8400, 0.9778, 0.6333, 0.9667, 0.9167, 0.9667, 0.9833, 0.9641,
        0.8833, 0.9667, 0.9768, 0.9667, 0.8444, 0.8000, 0.8889])
tensor([0.5167, 0.9667, 0.9653, 0.9289, 0.9545, 0.9016, 0.8200, 0.8956, 0.9667,
        0.9937, 0.9712, 0.9262, 0.9246, 0.9778, 1.0000, 0.9905, 0.9933, 0.9778,
        0.8282, 0.7167, 0.9778, 0.7333, 0.9750, 0.9267, 0.8444, 0.9292, 0.7611,
        0.5000, 0.8533, 0.9444, 0.5933, 0.9741, 0.9833, 0.9667, 0.9917, 0.9564,
        0.8833, 0.9667, 0.9797, 0.9556, 0.8222, 0.8167, 0.9111])
tensor([0.6833, 0.9528, 0.9747, 0.9422, 0.9470, 0.8921, 0.8200, 0.8889, 0.9644,
        0.9937, 0.9712, 0.9548, 0.9232, 0.9778, 1.0000, 0.9952, 0.9933, 0.9778,
        0.8308, 0.7333, 0.9778, 0.8000, 0.9750, 0.9400, 0.8333, 0.9146, 0.7833,
        0.5000, 0.8800, 0.9222, 0.5133, 0.9667, 0.9500, 0.9714, 0.9917, 0.9718,
        0.8833, 0.9667, 0.9783, 0.9667, 0.8222, 0.8000, 0.8778])
tensor([0.5000, 0.9625, 0.9693, 0.9289, 0.9530, 0.9063, 0.7867, 0.9000, 0.9733,
        0.9937, 0.9712, 0.9333, 0.9203, 0.9778, 1.0000, 0.9952, 0.9933, 0.9833,
        0.8308, 0.7500, 0.9778, 0.7889, 0.9750, 0.9400, 0.8000, 0.9250, 0.7778,
        0.5000, 0.8667, 0.9778, 0.6067, 0.9667, 1.0000, 0.9619, 0.9917, 0.9538,
        0.8750, 0.9667, 0.9797, 0.9667, 0.8333, 0.8167, 0.9111])
tensor([0.5000, 0.9653, 0.9693, 0.9400, 0.9515, 0.9079, 0.8000, 0.8733, 0.9622,
        0.9937, 0.9712, 0.9333, 0.9232, 0.9778, 1.0000, 0.9952, 0.9933, 0.9806,
        0.8256, 0.7500, 0.9889, 0.7889, 0.9750, 0.9667, 0.8222, 0.9333, 0.8333,
        0.5000, 0.8667, 0.9778, 0.5133, 0.9630, 0.9833, 0.9619, 0.9917, 0.9590,
        0.8917, 0.9667, 0.9754, 0.9667, 0.8222, 0.8000, 0.9000])
tensor([0.4000, 0.9736, 0.9613, 0.9422, 0.9500, 0.9063, 0.8133, 0.8911, 0.9644,
        0.9896, 0.9697, 0.9333, 0.9159, 0.9778, 1.0000, 0.9952, 0.9933, 0.9778,
        0.8385, 0.7500, 0.9778, 0.7778, 0.9750, 0.9600, 0.7667, 0.9250, 0.7778,
        0.5000, 0.8867, 0.9778, 0.5867, 0.9630, 1.0000, 0.9619, 0.9917, 0.9564,
        0.8833, 0.9667, 0.9812, 0.9667, 0.8333, 0.8167, 0.8667])
tensor([0.4333, 0.9681, 0.9707, 0.9378, 0.9439, 0.9079, 0.7867, 0.8933, 0.9644,
        0.9937, 0.9682, 0.9714, 0.9319, 0.9819, 0.9963, 0.9905, 0.9933, 0.9750,
        0.8282, 0.7333, 0.9778, 0.7667, 0.9750, 0.9600, 0.7889, 0.9208, 0.8444,
        0.5000, 0.8733, 0.9778, 0.4333, 0.9704, 1.0000, 0.9667, 0.9917, 0.9385,
        0.8833, 0.9667, 0.9797, 0.9667, 0.8333, 0.8167, 0.8778])
