tensor([0.0000, 0.9861, 0.0000, 0.0000, 0.0121, 0.0000, 0.0000, 0.0000, 0.0000,
        0.0000, 0.0000, 0.0000, 0.0000, 0.0000, 0.0000, 0.0000, 0.0000, 0.0000,
        0.0000, 0.0000, 0.0000, 0.0000, 0.0000, 0.0000, 0.0000, 0.0000, 0.0000,
        0.0000, 0.0000, 0.0000, 0.0000, 0.0000, 0.0000, 0.0000, 0.0000, 0.0000,
        0.0000, 0.0000, 0.0000, 0.0000, 0.0000, 0.0000, 0.0000])
tensor([0.0000, 1.0000, 0.0000, 0.0000, 0.0000, 0.0000, 0.0000, 0.0000, 0.0000,
        0.0000, 0.0000, 0.0000, 0.0000, 0.0000, 0.0000, 0.0000, 0.0000, 0.0000,
        0.0000, 0.0000, 0.0000, 0.0000, 0.0000, 0.0000, 0.0000, 0.0000, 0.0000,
        0.0000, 0.0000, 0.0000, 0.0000, 0.0000, 0.0000, 0.0000, 0.0000, 0.0000,
        0.0000, 0.0000, 0.0014, 0.0000, 0.0000, 0.0000, 0.0000])
tensor([0.0000, 0.2694, 0.0013, 0.0000, 0.0955, 0.0000, 0.0000, 0.0000, 0.0000,
        0.0000, 0.8924, 0.0000, 0.0014, 0.6278, 0.0000, 0.0000, 0.0000, 0.0000,
        0.0000, 0.0000, 0.0000, 0.0000, 0.0000, 0.0000, 0.0000, 0.0000, 0.0000,
        0.0000, 0.0000, 0.0000, 0.0000, 0.0000, 0.0000, 0.0000, 0.0000, 0.0000,
        0.0000, 0.0000, 0.0000, 0.0000, 0.0000, 0.0000, 0.0000])
tensor([0.0000, 0.5347, 0.0427, 0.0000, 0.0242, 0.0000, 0.0000, 0.0000, 0.0000,
        0.0000, 0.8955, 0.0000, 0.0159, 0.5417, 0.0000, 0.0000, 0.0000, 0.0000,
        0.0000, 0.0000, 0.0000, 0.0000, 0.0000, 0.0000, 0.0000, 0.0000, 0.0000,
        0.0000, 0.0000, 0.0000, 0.0000, 0.0000, 0.0000, 0.0000, 0.0000, 0.0000,
        0.0000, 0.0000, 0.0000, 0.0000, 0.0000, 0.0000, 0.0000])
tensor([0.0000, 0.5153, 0.0747, 0.0000, 0.0273, 0.0000, 0.0000, 0.0000, 0.0000,
        0.0000, 0.8894, 0.0000, 0.0188, 0.5278, 0.0000, 0.0000, 0.0000, 0.0000,
        0.0000, 0.0000, 0.0000, 0.0000, 0.0000, 0.0000, 0.0000, 0.0000, 0.0000,
        0.0000, 0.0000, 0.0000, 0.0000, 0.0000, 0.0000, 0.0000, 0.0000, 0.0000,
        0.0000, 0.0000, 0.0043, 0.0000, 0.0000, 0.0000, 0.0000])
tensor([0.0000, 0.5056, 0.1053, 0.0000, 0.0894, 0.0000, 0.0000, 0.0000, 0.0000,
        0.0000, 0.8273, 0.0000, 0.0623, 0.5556, 0.0000, 0.0000, 0.0000, 0.0000,
        0.0000, 0.0000, 0.0000, 0.0000, 0.0000, 0.0000, 0.0000, 0.0000, 0.0000,
        0.0000, 0.0000, 0.0000, 0.0000, 0.0000, 0.0000, 0.0000, 0.0000, 0.0000,
        0.0000, 0.0000, 0.0333, 0.0000, 0.0000, 0.0000, 0.0000])
tensor([0.0000, 0.5139, 0.1347, 0.0000, 0.1000, 0.0000, 0.0000, 0.0000, 0.0000,
        0.0000, 0.8258, 0.0000, 0.1391, 0.6472, 0.0000, 0.0000, 0.0000, 0.0000,
        0.0000, 0.0000, 0.0000, 0.0000, 0.0000, 0.0000, 0.0000, 0.0000, 0.0000,
        0.0000, 0.0000, 0.0000, 0.0000, 0.0000, 0.0000, 0.0000, 0.0000, 0.0000,
        0.0000, 0.0000, 0.1043, 0.0000, 0.0000, 0.0000, 0.0000])
tensor([0.0000, 0.4722, 0.2253, 0.0067, 0.1409, 0.0254, 0.0000, 0.0000, 0.0000,
        0.0000, 0.8439, 0.0000, 0.4623, 0.7319, 0.0000, 0.0000, 0.0000, 0.7778,
        0.0000, 0.0000, 0.0000, 0.0000, 0.0000, 0.0000, 0.0000, 0.0000, 0.0000,
        0.0000, 0.0000, 0.0000, 0.0000, 0.0000, 0.0000, 0.0000, 0.0000, 0.0487,
        0.0000, 0.0000, 0.6116, 0.0000, 0.0000, 0.0000, 0.0000])
tensor([0.0000, 0.3653, 0.3693, 0.1822, 0.1924, 0.0508, 0.0000, 0.0000, 0.1044,
        0.0000, 0.7939, 0.2476, 0.7217, 0.8847, 0.1296, 0.0000, 0.0000, 0.8528,
        0.1795, 0.0000, 0.0000, 0.0000, 0.0000, 0.0000, 0.0000, 0.2104, 0.0000,
        0.0000, 0.0000, 0.0000, 0.0000, 0.0000, 0.0000, 0.0000, 0.0000, 0.2564,
        0.0000, 0.0000, 0.7217, 0.0000, 0.0000, 0.0000, 0.0000])
tensor([0.0000, 0.2306, 0.4827, 0.2733, 0.1606, 0.1619, 0.0000, 0.1600, 0.0800,
        0.1750, 0.8333, 0.6238, 0.8000, 0.9028, 0.6889, 0.0000, 0.0200, 0.8583,
        0.4744, 0.0000, 0.0000, 0.0000, 0.0000, 0.0000, 0.0000, 0.5458, 0.0500,
        0.0000, 0.0400, 0.0000, 0.0000, 0.0444, 0.0000, 0.1381, 0.0000, 0.3641,
        0.0000, 0.0000, 0.7884, 0.0000, 0.0000, 0.0000, 0.0000])
tensor([0.0000, 0.2889, 0.5147, 0.3200, 0.3076, 0.0841, 0.0133, 0.2933, 0.2800,
        0.5063, 0.8591, 0.6548, 0.8029, 0.9097, 0.7815, 0.0714, 0.4467, 0.8639,
        0.5564, 0.0000, 0.0000, 0.0444, 0.2000, 0.0000, 0.0000, 0.7354, 0.2167,
        0.0000, 0.2133, 0.0000, 0.0133, 0.2111, 0.0000, 0.3952, 0.0000, 0.5179,
        0.0000, 0.0000, 0.8768, 0.0000, 0.0000, 0.0167, 0.0000])
tensor([0.0000, 0.3958, 0.4427, 0.4244, 0.6015, 0.1460, 0.3733, 0.3600, 0.3800,
        0.6833, 0.8773, 0.7071, 0.8130, 0.9278, 0.8185, 0.5190, 0.6800, 0.8722,
        0.5897, 0.0000, 0.0000, 0.1000, 0.5417, 0.2200, 0.0000, 0.7896, 0.3000,
        0.0000, 0.4800, 0.0000, 0.0400, 0.4333, 0.0667, 0.8619, 0.0917, 0.7231,
        0.0750, 0.0000, 0.9029, 0.5556, 0.5889, 0.0833, 0.0000])
tensor([0.0000, 0.5347, 0.4653, 0.6644, 0.6652, 0.2413, 0.3933, 0.4867, 0.6333,
        0.7354, 0.8803, 0.7524, 0.8232, 0.9431, 0.8630, 0.8286, 0.8000, 0.8694,
        0.6436, 0.0000, 0.0444, 0.1000, 0.7333, 0.3733, 0.0000, 0.7812, 0.4222,
        0.0000, 0.6467, 0.0000, 0.0533, 0.6222, 0.3167, 0.9190, 0.7333, 0.7667,
        0.5583, 0.5333, 0.9304, 0.6556, 0.6667, 0.1833, 0.1000])
tensor([0.0000, 0.5458, 0.6973, 0.7333, 0.6485, 0.3270, 0.4200, 0.5000, 0.7556,
        0.8083, 0.9136, 0.7738, 0.8391, 0.9542, 0.9333, 0.8810, 0.8800, 0.8861,
        0.6308, 0.0000, 0.1556, 0.2000, 0.8250, 0.4533, 0.0000, 0.7958, 0.5056,
        0.1000, 0.7333, 0.0222, 0.0533, 0.7037, 0.6167, 0.9048, 0.7917, 0.9077,
        0.8333, 0.7167, 0.9507, 0.6667, 0.6778, 0.2333, 0.5111])
tensor([0.0000, 0.5486, 0.7640, 0.8444, 0.6909, 0.4333, 0.5467, 0.5489, 0.7689,
        0.8521, 0.9303, 0.7976, 0.8536, 0.9681, 0.9519, 0.9286, 0.9133, 0.9306,
        0.6179, 0.0000, 0.2667, 0.3111, 0.8417, 0.4800, 0.0444, 0.8104, 0.5833,
        0.3167, 0.7733, 0.1667, 0.1467, 0.7222, 0.7333, 0.9286, 0.8250, 0.9538,
        0.9000, 0.7667, 0.9333, 0.6667, 0.6222, 0.5000, 0.5111])
tensor([0.0000, 0.5417, 0.8413, 0.8378, 0.7121, 0.4476, 0.6067, 0.5911, 0.8067,
        0.8979, 0.9318, 0.8310, 0.8696, 0.9694, 0.9704, 0.9619, 0.9267, 0.9528,
        0.6359, 0.0000, 0.3000, 0.4111, 0.8333, 0.5333, 0.1333, 0.8208, 0.6333,
        0.3167, 0.7800, 0.3333, 0.3467, 0.7704, 0.8167, 0.9429, 0.8417, 0.9692,
        0.9000, 0.7833, 0.9551, 0.6667, 0.8000, 0.5167, 0.7444])
tensor([0.0000, 0.6111, 0.8280, 0.8844, 0.7227, 0.5302, 0.6600, 0.6178, 0.8200,
        0.9187, 0.9439, 0.8452, 0.8826, 0.9722, 0.9815, 0.9667, 0.9400, 0.9500,
        0.6359, 0.0167, 0.3222, 0.4111, 0.9000, 0.5667, 0.1667, 0.8458, 0.6611,
        0.3667, 0.8267, 0.4444, 0.4067, 0.7889, 0.8333, 0.9571, 0.8833, 0.9744,
        0.9500, 0.8000, 0.9333, 0.6778, 0.8556, 0.5667, 0.8000])
tensor([0.0000, 0.6181, 0.8507, 0.8933, 0.7833, 0.5603, 0.6467, 0.6644, 0.8400,
        0.9271, 0.9485, 0.8381, 0.8826, 0.9722, 0.9815, 0.9810, 0.9333, 0.9528,
        0.6590, 0.0500, 0.3444, 0.3111, 0.9083, 0.5800, 0.1889, 0.8771, 0.6556,
        0.4000, 0.7800, 0.5556, 0.4600, 0.8037, 0.8667, 0.9619, 0.8833, 0.9718,
        0.9500, 0.8000, 0.9348, 0.6667, 0.8667, 0.5500, 0.8444])
tensor([0.0167, 0.6583, 0.8747, 0.8889, 0.7727, 0.6206, 0.6533, 0.6711, 0.8600,
        0.9312, 0.9576, 0.8476, 0.9058, 0.9736, 0.9852, 0.9810, 0.9533, 0.9667,
        0.6718, 0.0667, 0.4111, 0.3000, 0.9083, 0.6000, 0.2889, 0.8833, 0.6833,
        0.3833, 0.8200, 0.5667, 0.5133, 0.8222, 0.9167, 0.9619, 0.8833, 0.9769,
        0.9500, 0.8333, 0.9435, 0.7444, 0.8667, 0.5833, 0.8889])
tensor([0.0167, 0.6694, 0.8693, 0.9044, 0.8121, 0.6714, 0.6867, 0.6889, 0.8733,
        0.9396, 0.9636, 0.8381, 0.9101, 0.9764, 0.9926, 0.9810, 0.9400, 0.9750,
        0.6692, 0.2333, 0.4889, 0.3111, 0.9250, 0.6200, 0.3333, 0.8833, 0.7056,
        0.4000, 0.7933, 0.5889, 0.5333, 0.8407, 0.9333, 0.9524, 0.9167, 0.9769,
        0.9583, 0.8333, 0.9435, 0.7444, 0.9222, 0.6000, 0.8889])
tensor([0.0167, 0.7722, 0.8880, 0.9200, 0.7894, 0.6889, 0.6867, 0.7667, 0.8800,
        0.9479, 0.9712, 0.8548, 0.9145, 0.9806, 0.9926, 0.9810, 0.9400, 0.9806,
        0.6949, 0.1500, 0.5111, 0.3778, 0.9167, 0.6533, 0.3000, 0.8854, 0.7222,
        0.3833, 0.8400, 0.5778, 0.5533, 0.8481, 1.0000, 0.9524, 0.9250, 0.9718,
        0.9500, 0.8333, 0.9449, 0.6889, 0.9111, 0.6167, 0.8889])
tensor([0.0667, 0.8083, 0.8573, 0.9222, 0.8091, 0.7460, 0.7067, 0.7444, 0.9044,
        0.9667, 0.9697, 0.8452, 0.9203, 0.9819, 0.9926, 0.9810, 0.9400, 0.9778,
        0.6949, 0.2333, 0.5667, 0.4333, 0.9167, 0.6733, 0.3444, 0.8938, 0.7222,
        0.4000, 0.8267, 0.6000, 0.6333, 0.8593, 1.0000, 0.9571, 0.9250, 0.9769,
        0.9583, 0.8500, 0.9478, 0.7111, 0.9222, 0.6167, 0.8889])
tensor([0.0833, 0.8000, 0.9107, 0.9222, 0.8273, 0.7254, 0.7133, 0.7844, 0.9067,
        0.9750, 0.9727, 0.8548, 0.9348, 0.9819, 0.9926, 0.9810, 0.9400, 0.9778,
        0.7231, 0.3667, 0.6111, 0.4000, 0.9333, 0.7200, 0.3889, 0.9042, 0.7167,
        0.4000, 0.8600, 0.6111, 0.6733, 0.8741, 1.0000, 0.9667, 0.9583, 0.9769,
        0.9583, 0.8500, 0.9464, 0.7778, 0.9333, 0.6167, 0.9111])
tensor([0.1333, 0.8625, 0.8933, 0.9267, 0.8121, 0.7730, 0.7200, 0.7911, 0.9089,
        0.9812, 0.9758, 0.8571, 0.9348, 0.9819, 0.9926, 0.9810, 0.9400, 0.9778,
        0.6974, 0.3833, 0.6111, 0.4778, 0.9333, 0.7400, 0.4333, 0.9042, 0.7778,
        0.4000, 0.8667, 0.6111, 0.6733, 0.8889, 1.0000, 0.9619, 0.9583, 0.9795,
        0.9500, 0.8667, 0.9522, 0.7667, 0.9333, 0.6167, 0.9111])
tensor([0.1333, 0.8542, 0.9040, 0.9200, 0.8409, 0.7698, 0.7267, 0.8000, 0.9267,
        0.9812, 0.9758, 0.8667, 0.9464, 0.9806, 0.9889, 0.9810, 0.9467, 0.9778,
        0.7231, 0.4167, 0.6444, 0.4556, 0.9333, 0.7933, 0.4444, 0.9062, 0.7722,
        0.4167, 0.8667, 0.6556, 0.6867, 0.9000, 1.0000, 0.9714, 0.9667, 0.9795,
        0.9500, 0.8667, 0.9580, 0.8556, 0.9333, 0.6167, 0.9111])
tensor([0.1500, 0.8292, 0.8933, 0.9133, 0.8682, 0.8159, 0.7200, 0.7889, 0.9422,
        0.9854, 0.9773, 0.8762, 0.9362, 0.9819, 0.9926, 0.9905, 0.9467, 0.9778,
        0.7179, 0.4167, 0.6556, 0.3667, 0.9333, 0.8133, 0.5000, 0.9083, 0.7778,
        0.4167, 0.8667, 0.6667, 0.6800, 0.9000, 1.0000, 0.9667, 0.9667, 0.9795,
        0.9500, 0.8667, 0.9551, 0.7667, 0.9222, 0.6167, 0.9111])
tensor([0.2000, 0.8722, 0.9093, 0.9200, 0.8470, 0.8286, 0.7333, 0.8044, 0.9467,
        0.9875, 0.9758, 0.8714, 0.9290, 0.9819, 0.9963, 0.9952, 0.9467, 0.9778,
        0.7231, 0.4167, 0.7000, 0.4222, 0.9333, 0.8200, 0.5556, 0.9083, 0.7722,
        0.4167, 0.8667, 0.6889, 0.7067, 0.9259, 1.0000, 0.9619, 0.9750, 0.9795,
        0.9500, 0.8667, 0.9565, 0.8556, 0.9111, 0.6167, 0.9111])
tensor([0.2000, 0.8847, 0.9173, 0.9156, 0.8697, 0.8238, 0.7400, 0.8067, 0.9511,
        0.9875, 0.9773, 0.8595, 0.9377, 0.9847, 0.9963, 0.9905, 0.9467, 0.9778,
        0.7256, 0.4833, 0.6889, 0.5444, 0.9333, 0.8467, 0.5889, 0.9146, 0.7944,
        0.4333, 0.8800, 0.7222, 0.7267, 0.9259, 1.0000, 0.9667, 0.9750, 0.9795,
        0.9500, 0.8667, 0.9623, 0.8222, 0.9000, 0.6167, 0.9222])
tensor([0.2333, 0.8792, 0.9293, 0.9244, 0.8742, 0.8206, 0.7533, 0.8067, 0.9533,
        0.9875, 0.9788, 0.8786, 0.9464, 0.9861, 0.9963, 0.9952, 0.9467, 0.9778,
        0.7410, 0.4500, 0.7444, 0.5222, 0.9500, 0.8733, 0.5778, 0.9125, 0.7778,
        0.4333, 0.8800, 0.7667, 0.7133, 0.9519, 1.0000, 0.9667, 0.9750, 0.9795,
        0.9500, 0.8667, 0.9623, 0.8444, 0.9111, 0.6333, 0.9222])
tensor([0.2833, 0.9097, 0.9187, 0.9333, 0.8773, 0.8302, 0.7467, 0.8200, 0.9533,
        0.9875, 0.9803, 0.8905, 0.9464, 0.9861, 0.9963, 0.9952, 0.9467, 0.9778,
        0.7359, 0.4833, 0.7444, 0.4889, 0.9583, 0.8800, 0.6000, 0.9208, 0.7889,
        0.4333, 0.9000, 0.7667, 0.7133, 0.9407, 1.0000, 0.9714, 0.9750, 0.9795,
        0.9500, 0.8833, 0.9594, 0.8444, 0.9000, 0.6333, 0.9333])
tensor([0.3333, 0.9083, 0.9213, 0.9422, 0.8818, 0.8175, 0.7533, 0.8311, 0.9556,
        0.9833, 0.9818, 0.9024, 0.9478, 0.9861, 0.9963, 0.9952, 0.9467, 0.9806,
        0.7436, 0.5167, 0.8000, 0.5444, 0.9583, 0.8867, 0.6000, 0.9167, 0.8000,
        0.4333, 0.8933, 0.7667, 0.7333, 0.9481, 1.0000, 0.9714, 0.9750, 0.9795,
        0.9500, 0.8833, 0.9638, 0.8444, 0.8889, 0.6500, 0.9333])
tensor([0.3333, 0.9208, 0.9347, 0.9356, 0.8833, 0.8238, 0.7600, 0.8378, 0.9533,
        0.9833, 0.9848, 0.8976, 0.9652, 0.9889, 0.9963, 1.0000, 0.9467, 0.9806,
        0.7410, 0.5167, 0.8000, 0.5778, 0.9583, 0.8933, 0.6222, 0.9208, 0.8056,
        0.4333, 0.8933, 0.7667, 0.7333, 0.9481, 1.0000, 0.9714, 0.9750, 0.9769,
        0.9500, 0.9000, 0.9652, 0.8222, 0.8889, 0.6667, 0.9333])
tensor([0.3500, 0.9139, 0.9347, 0.9400, 0.8848, 0.8317, 0.7600, 0.8267, 0.9600,
        0.9875, 0.9848, 0.8762, 0.9565, 0.9889, 0.9926, 1.0000, 0.9467, 0.9806,
        0.7487, 0.5500, 0.7889, 0.5222, 0.9583, 0.8933, 0.6111, 0.9208, 0.8000,
        0.4500, 0.9067, 0.8000, 0.7333, 0.9481, 1.0000, 0.9667, 0.9750, 0.9795,
        0.9500, 0.9000, 0.9638, 0.8889, 0.8889, 0.7000, 0.9333])
tensor([0.3833, 0.9375, 0.9307, 0.9333, 0.8712, 0.8333, 0.7600, 0.8467, 0.9622,
        0.9875, 0.9848, 0.9024, 0.9696, 0.9903, 0.9926, 1.0000, 0.9533, 0.9778,
        0.7590, 0.5667, 0.8222, 0.6000, 0.9583, 0.8933, 0.6222, 0.9229, 0.8000,
        0.4333, 0.8933, 0.7889, 0.7467, 0.9481, 1.0000, 0.9667, 0.9833, 0.9769,
        0.9500, 0.9000, 0.9681, 0.8000, 0.8667, 0.7000, 0.9444])
tensor([0.4167, 0.9292, 0.9387, 0.9378, 0.8939, 0.8476, 0.7600, 0.8467, 0.9622,
        0.9854, 0.9848, 0.9048, 0.9652, 0.9903, 0.9926, 1.0000, 0.9533, 0.9778,
        0.7590, 0.6833, 0.8222, 0.5889, 0.9667, 0.9067, 0.6556, 0.9208, 0.8000,
        0.4500, 0.9200, 0.8333, 0.7467, 0.9481, 1.0000, 0.9762, 0.9750, 0.9795,
        0.9500, 0.9167, 0.9681, 0.8556, 0.8667, 0.7167, 0.9444])
tensor([0.4667, 0.9361, 0.9427, 0.9400, 0.8894, 0.8540, 0.7600, 0.8533, 0.9600,
        0.9875, 0.9894, 0.9071, 0.9667, 0.9903, 0.9889, 1.0000, 0.9600, 0.9778,
        0.7590, 0.7333, 0.8444, 0.5889, 0.9750, 0.9267, 0.7222, 0.9250, 0.8000,
        0.4500, 0.9133, 0.8000, 0.7200, 0.9556, 1.0000, 0.9762, 0.9750, 0.9821,
        0.9500, 0.9000, 0.9667, 0.8889, 0.8778, 0.7167, 0.9444])
tensor([0.4667, 0.9417, 0.9360, 0.9400, 0.8939, 0.8571, 0.7600, 0.8489, 0.9600,
        0.9854, 0.9894, 0.9119, 0.9667, 0.9903, 0.9926, 1.0000, 0.9667, 0.9778,
        0.7590, 0.7500, 0.8444, 0.6111, 0.9667, 0.9067, 0.7111, 0.9146, 0.8167,
        0.4667, 0.9200, 0.7889, 0.7400, 0.9556, 1.0000, 0.9810, 0.9750, 0.9795,
        0.9500, 0.9167, 0.9681, 0.8667, 0.8889, 0.7167, 0.9444])
tensor([0.4833, 0.9500, 0.9360, 0.9333, 0.8939, 0.8508, 0.7600, 0.8556, 0.9600,
        0.9875, 0.9894, 0.9143, 0.9710, 0.9903, 0.9889, 1.0000, 0.9733, 0.9778,
        0.7590, 0.7667, 0.8556, 0.6222, 0.9833, 0.9067, 0.7444, 0.9187, 0.8222,
        0.4500, 0.9267, 0.8000, 0.7467, 0.9556, 1.0000, 0.9762, 0.9833, 0.9795,
        0.9583, 0.9000, 0.9710, 0.8889, 0.8667, 0.7167, 0.9444])
tensor([0.5167, 0.9458, 0.9413, 0.9378, 0.8924, 0.8571, 0.7600, 0.8533, 0.9533,
        0.9875, 0.9894, 0.9167, 0.9696, 0.9903, 0.9926, 1.0000, 0.9667, 0.9778,
        0.7615, 0.7833, 0.8889, 0.6333, 0.9833, 0.9067, 0.7333, 0.9229, 0.8167,
        0.4667, 0.9200, 0.8000, 0.7467, 0.9556, 1.0000, 0.9762, 0.9750, 0.9795,
        0.9583, 0.9333, 0.9710, 0.9000, 0.8667, 0.7167, 0.9444])
tensor([0.5333, 0.9458, 0.9347, 0.9333, 0.8970, 0.8603, 0.7667, 0.8556, 0.9556,
        0.9854, 0.9894, 0.9190, 0.9710, 0.9903, 0.9926, 1.0000, 0.9667, 0.9778,
        0.7615, 0.7667, 0.9000, 0.6222, 0.9917, 0.9133, 0.7556, 0.9229, 0.8222,
        0.4667, 0.9333, 0.8000, 0.7467, 0.9593, 1.0000, 0.9810, 0.9750, 0.9795,
        0.9583, 0.9333, 0.9725, 0.9000, 0.8667, 0.7333, 0.9556])
tensor([0.5667, 0.9500, 0.9400, 0.9444, 0.8909, 0.8524, 0.7667, 0.8711, 0.9578,
        0.9875, 0.9894, 0.9214, 0.9710, 0.9944, 0.9926, 1.0000, 0.9667, 0.9778,
        0.7667, 0.8167, 0.9000, 0.6444, 0.9917, 0.9333, 0.7333, 0.9271, 0.8222,
        0.4667, 0.9333, 0.8111, 0.7533, 0.9593, 1.0000, 0.9810, 0.9833, 0.9795,
        0.9500, 0.9333, 0.9725, 0.9000, 0.8444, 0.7167, 0.9556])
tensor([0.5333, 0.9486, 0.9400, 0.9400, 0.9000, 0.8508, 0.7667, 0.8600, 0.9622,
        0.9875, 0.9894, 0.9286, 0.9696, 0.9931, 0.9926, 1.0000, 0.9667, 0.9778,
        0.7641, 0.8167, 0.9000, 0.6667, 1.0000, 0.9400, 0.7556, 0.9208, 0.8278,
        0.4667, 0.9400, 0.8111, 0.7333, 0.9593, 1.0000, 0.9810, 0.9750, 0.9795,
        0.9583, 0.9500, 0.9710, 0.9000, 0.8667, 0.7500, 0.9667])
tensor([0.5667, 0.9514, 0.9453, 0.9289, 0.8939, 0.8540, 0.7667, 0.8711, 0.9578,
        0.9875, 0.9894, 0.9190, 0.9739, 0.9917, 0.9926, 1.0000, 0.9667, 0.9778,
        0.7641, 0.8167, 0.9000, 0.6667, 1.0000, 0.9333, 0.7889, 0.9229, 0.8278,
        0.4833, 0.9333, 0.8444, 0.7467, 0.9630, 1.0000, 0.9810, 0.9750, 0.9795,
        0.9583, 0.9333, 0.9725, 0.9000, 0.8333, 0.7500, 0.9556])
tensor([0.5833, 0.9528, 0.9440, 0.9289, 0.9000, 0.8587, 0.7733, 0.8822, 0.9622,
        0.9875, 0.9894, 0.9405, 0.9783, 0.9944, 0.9926, 1.0000, 0.9667, 0.9778,
        0.7667, 0.8167, 0.9111, 0.6667, 1.0000, 0.9400, 0.7556, 0.9167, 0.8278,
        0.4833, 0.9333, 0.8667, 0.7200, 0.9667, 1.0000, 0.9810, 0.9833, 0.9795,
        0.9583, 0.9500, 0.9725, 0.9000, 0.8333, 0.7500, 0.9444])
tensor([0.5833, 0.9514, 0.9467, 0.9311, 0.9076, 0.8651, 0.7733, 0.8622, 0.9533,
        0.9896, 0.9894, 0.9238, 0.9768, 0.9944, 0.9926, 1.0000, 0.9667, 0.9778,
        0.7615, 0.8000, 0.9222, 0.6556, 1.0000, 0.9400, 0.7556, 0.9229, 0.8278,
        0.4833, 0.9267, 0.8667, 0.7333, 0.9667, 1.0000, 0.9810, 0.9833, 0.9821,
        0.9583, 0.9500, 0.9754, 0.9111, 0.8333, 0.7500, 0.9333])
tensor([0.6000, 0.9500, 0.9533, 0.9311, 0.9000, 0.8698, 0.7733, 0.8689, 0.9511,
        0.9917, 0.9909, 0.9310, 0.9783, 0.9944, 0.9926, 1.0000, 0.9667, 0.9778,
        0.7641, 0.8167, 0.9444, 0.6556, 1.0000, 0.9600, 0.7556, 0.9208, 0.8333,
        0.4833, 0.9333, 0.8667, 0.7267, 0.9704, 1.0000, 0.9810, 0.9750, 0.9821,
        0.9583, 0.9500, 0.9754, 0.9111, 0.8222, 0.7667, 0.9333])
tensor([0.6000, 0.9500, 0.9520, 0.9311, 0.9000, 0.8683, 0.7867, 0.8867, 0.9533,
        0.9958, 0.9909, 0.9405, 0.9783, 0.9944, 0.9926, 1.0000, 0.9600, 0.9778,
        0.7615, 0.8167, 0.9444, 0.6556, 1.0000, 0.9533, 0.7556, 0.9208, 0.8333,
        0.4833, 0.9400, 0.8667, 0.7267, 0.9704, 1.0000, 0.9857, 0.9833, 0.9821,
        0.9500, 0.9500, 0.9754, 0.9111, 0.8222, 0.7667, 0.9333])
tensor([0.6000, 0.9569, 0.9547, 0.9400, 0.9000, 0.8571, 0.7733, 0.8911, 0.9489,
        0.9917, 0.9909, 0.9286, 0.9797, 0.9944, 0.9926, 1.0000, 0.9667, 0.9778,
        0.7590, 0.8167, 0.9333, 0.6667, 1.0000, 0.9400, 0.7778, 0.9229, 0.8389,
        0.4833, 0.9533, 0.8667, 0.7467, 0.9704, 1.0000, 0.9857, 0.9833, 0.9821,
        0.9583, 0.9667, 0.9739, 0.9222, 0.8333, 0.7667, 0.9222])
tensor([0.6500, 0.9472, 0.9573, 0.9467, 0.9015, 0.8635, 0.7867, 0.8867, 0.9467,
        0.9937, 0.9909, 0.9381, 0.9783, 0.9944, 0.9926, 0.9952, 0.9667, 0.9778,
        0.7667, 0.8833, 0.9444, 0.6444, 1.0000, 0.9533, 0.7778, 0.9271, 0.8333,
        0.4833, 0.9467, 0.8667, 0.7600, 0.9704, 1.0000, 0.9857, 0.9833, 0.9821,
        0.9500, 0.9833, 0.9754, 0.9222, 0.8333, 0.8000, 0.8667])
tensor([0.6833, 0.9611, 0.9533, 0.9400, 0.8955, 0.8714, 0.7867, 0.8889, 0.9489,
        0.9958, 0.9909, 0.9452, 0.9797, 0.9944, 0.9926, 1.0000, 0.9600, 0.9778,
        0.7564, 0.8833, 0.9444, 0.6667, 1.0000, 0.9600, 0.7667, 0.9271, 0.8333,
        0.4833, 0.9600, 0.8778, 0.7400, 0.9704, 1.0000, 0.9857, 0.9833, 0.9821,
        0.9500, 0.9833, 0.9768, 0.9222, 0.8222, 0.8000, 0.8778])
tensor([0.6167, 0.9556, 0.9547, 0.9422, 0.9182, 0.8698, 0.8067, 0.8800, 0.9578,
        0.9917, 0.9909, 0.9429, 0.9812, 0.9944, 0.9889, 1.0000, 0.9667, 0.9750,
        0.7615, 0.8667, 0.9444, 0.6667, 1.0000, 0.9533, 0.8111, 0.9229, 0.8333,
        0.4833, 0.9667, 0.8778, 0.7533, 0.9704, 1.0000, 0.9857, 0.9833, 0.9846,
        0.9500, 0.9833, 0.9754, 0.9444, 0.8444, 0.8000, 0.8556])
tensor([0.7167, 0.9556, 0.9533, 0.9400, 0.9106, 0.8683, 0.8000, 0.8867, 0.9489,
        0.9937, 0.9909, 0.9357, 0.9797, 0.9944, 0.9889, 1.0000, 0.9600, 0.9778,
        0.7718, 0.9000, 0.9556, 0.7000, 1.0000, 0.9533, 0.8222, 0.9292, 0.8333,
        0.4833, 0.9533, 0.8889, 0.7667, 0.9704, 1.0000, 0.9857, 0.9833, 0.9872,
        0.9500, 0.9833, 0.9754, 0.9444, 0.8333, 0.8000, 0.8333])
tensor([0.7167, 0.9556, 0.9560, 0.9489, 0.9061, 0.8683, 0.8133, 0.8911, 0.9467,
        0.9958, 0.9909, 0.9500, 0.9812, 0.9944, 0.9889, 1.0000, 0.9600, 0.9750,
        0.7692, 0.9333, 0.9556, 0.6667, 1.0000, 0.9600, 0.8111, 0.9271, 0.8389,
        0.4833, 0.9533, 0.8889, 0.7600, 0.9704, 1.0000, 0.9857, 0.9833, 0.9846,
        0.9583, 0.9833, 0.9754, 0.9333, 0.8333, 0.8000, 0.8444])
tensor([0.7333, 0.9569, 0.9547, 0.9489, 0.9091, 0.8762, 0.7867, 0.8800, 0.9444,
        0.9937, 0.9924, 0.9500, 0.9812, 0.9944, 0.9889, 1.0000, 0.9667, 0.9722,
        0.7795, 0.8833, 0.9667, 0.7000, 1.0000, 0.9533, 0.8222, 0.9271, 0.8333,
        0.4833, 0.9600, 0.8889, 0.7533, 0.9704, 1.0000, 0.9857, 0.9833, 0.9846,
        0.9500, 0.9833, 0.9725, 0.9444, 0.8333, 0.8000, 0.8333])
tensor([0.7667, 0.9569, 0.9560, 0.9467, 0.9061, 0.8714, 0.8200, 0.8933, 0.9467,
        0.9958, 0.9924, 0.9405, 0.9812, 0.9944, 0.9963, 0.9952, 0.9600, 0.9722,
        0.7821, 0.9833, 0.9889, 0.7111, 1.0000, 0.9733, 0.7889, 0.9292, 0.8333,
        0.4833, 0.9533, 0.8889, 0.7533, 0.9704, 1.0000, 0.9857, 0.9750, 0.9872,
        0.9500, 0.9833, 0.9710, 0.9333, 0.8333, 0.8000, 0.8333])
tensor([0.7500, 0.9611, 0.9560, 0.9444, 0.9045, 0.8762, 0.8133, 0.8911, 0.9467,
        0.9958, 0.9924, 0.9524, 0.9812, 0.9944, 0.9889, 1.0000, 0.9667, 0.9722,
        0.7846, 0.9167, 0.9889, 0.6667, 1.0000, 0.9600, 0.8222, 0.9271, 0.8333,
        0.4833, 0.9600, 0.8889, 0.7333, 0.9704, 1.0000, 0.9857, 0.9750, 0.9846,
        0.9583, 0.9833, 0.9696, 0.9333, 0.8333, 0.8000, 0.8333])
tensor([0.7500, 0.9625, 0.9493, 0.9356, 0.9152, 0.8778, 0.8133, 0.8844, 0.9444,
        0.9958, 0.9924, 0.9476, 0.9797, 0.9944, 0.9889, 1.0000, 0.9733, 0.9722,
        0.7846, 0.8833, 0.9667, 0.6778, 1.0000, 0.9600, 0.8222, 0.9354, 0.8333,
        0.4833, 0.9733, 0.8889, 0.7467, 0.9704, 1.0000, 0.9857, 0.9750, 0.9872,
        0.9500, 0.9833, 0.9710, 0.9444, 0.8333, 0.8000, 0.8444])
tensor([0.7500, 0.9583, 0.9560, 0.9378, 0.9091, 0.8778, 0.8267, 0.9022, 0.9578,
        0.9937, 0.9939, 0.9548, 0.9812, 0.9944, 0.9926, 0.9952, 0.9800, 0.9722,
        0.7872, 0.9833, 0.9778, 0.6778, 1.0000, 0.9667, 0.8111, 0.9292, 0.8333,
        0.4833, 0.9733, 0.8889, 0.7600, 0.9741, 1.0000, 0.9857, 0.9750, 0.9872,
        0.9500, 0.9833, 0.9710, 0.9444, 0.8333, 0.8167, 0.8444])
tensor([0.7333, 0.9611, 0.9560, 0.9378, 0.9182, 0.8794, 0.8267, 0.8889, 0.9467,
        0.9958, 0.9924, 0.9500, 0.9797, 0.9944, 0.9963, 1.0000, 0.9733, 0.9722,
        0.7949, 0.9500, 0.9778, 0.7111, 1.0000, 0.9667, 0.8111, 0.9312, 0.8333,
        0.4833, 0.9733, 0.8778, 0.7667, 0.9704, 1.0000, 0.9857, 0.9833, 0.9872,
        0.9583, 0.9833, 0.9696, 0.9444, 0.8333, 0.8000, 0.8444])
tensor([0.7500, 0.9583, 0.9587, 0.9378, 0.9227, 0.8841, 0.8333, 0.8933, 0.9422,
        0.9979, 0.9939, 0.9548, 0.9812, 0.9944, 1.0000, 1.0000, 0.9667, 0.9722,
        0.7897, 0.9833, 0.9778, 0.7000, 1.0000, 0.9733, 0.8222, 0.9271, 0.8333,
        0.4833, 0.9733, 0.8889, 0.7533, 0.9704, 1.0000, 0.9857, 0.9917, 0.9872,
        0.9500, 0.9833, 0.9725, 0.9333, 0.8333, 0.8000, 0.8333])
tensor([0.7333, 0.9611, 0.9507, 0.9400, 0.9136, 0.8857, 0.8400, 0.9044, 0.9489,
        0.9937, 0.9939, 0.9548, 0.9797, 0.9944, 0.9963, 0.9952, 0.9733, 0.9722,
        0.8000, 0.9833, 0.9889, 0.7000, 0.9917, 0.9667, 0.8111, 0.9271, 0.8333,
        0.4833, 0.9733, 0.8889, 0.7533, 0.9741, 1.0000, 0.9857, 0.9917, 0.9846,
        0.9667, 0.9833, 0.9696, 0.9333, 0.8333, 0.8167, 0.8111])
tensor([0.7333, 0.9639, 0.9560, 0.9378, 0.9106, 0.8825, 0.8400, 0.8933, 0.9578,
        0.9937, 0.9924, 0.9595, 0.9812, 0.9944, 0.9963, 0.9952, 0.9800, 0.9722,
        0.7923, 0.9833, 0.9889, 0.7111, 0.9917, 0.9733, 0.8111, 0.9292, 0.8389,
        0.4833, 0.9733, 0.9111, 0.7400, 0.9741, 1.0000, 0.9857, 0.9833, 0.9872,
        0.9583, 0.9833, 0.9710, 0.9444, 0.8333, 0.8167, 0.8111])
tensor([0.7333, 0.9625, 0.9547, 0.9467, 0.9136, 0.8810, 0.8400, 0.8933, 0.9511,
        0.9937, 0.9924, 0.9619, 0.9812, 0.9944, 0.9963, 0.9952, 0.9800, 0.9722,
        0.8026, 0.9833, 0.9889, 0.7000, 0.9917, 0.9733, 0.8111, 0.9292, 0.8333,
        0.4833, 0.9733, 0.9222, 0.7267, 0.9741, 1.0000, 0.9857, 0.9917, 0.9872,
        0.9667, 0.9833, 0.9725, 0.9444, 0.8333, 0.8167, 0.8111])
tensor([0.7500, 0.9583, 0.9587, 0.9378, 0.9121, 0.8873, 0.8467, 0.9022, 0.9578,
        0.9937, 0.9924, 0.9571, 0.9855, 0.9944, 0.9963, 0.9952, 0.9800, 0.9750,
        0.8051, 0.9500, 0.9889, 0.7000, 0.9917, 0.9733, 0.8111, 0.9208, 0.8333,
        0.4833, 0.9733, 0.9222, 0.7533, 0.9704, 1.0000, 0.9857, 0.9917, 0.9897,
        0.9583, 0.9833, 0.9725, 0.9444, 0.8333, 0.8167, 0.8111])
tensor([0.7333, 0.9694, 0.9533, 0.9400, 0.9106, 0.8841, 0.8467, 0.9111, 0.9622,
        0.9937, 0.9924, 0.9595, 0.9826, 0.9944, 0.9963, 0.9952, 0.9800, 0.9722,
        0.8077, 0.9833, 0.9889, 0.7111, 0.9917, 0.9800, 0.8111, 0.9146, 0.8333,
        0.4833, 0.9733, 0.8778, 0.7400, 0.9741, 1.0000, 0.9857, 0.9833, 0.9897,
        0.9500, 0.9833, 0.9681, 0.9444, 0.8333, 0.8167, 0.8111])
tensor([0.7500, 0.9583, 0.9627, 0.9467, 0.9242, 0.8810, 0.8400, 0.9089, 0.9578,
        0.9979, 0.9939, 0.9548, 0.9812, 0.9944, 0.9963, 0.9952, 0.9800, 0.9778,
        0.8128, 0.9833, 0.9889, 0.7000, 0.9917, 0.9733, 0.8222, 0.9208, 0.8333,
        0.4833, 0.9733, 0.8889, 0.7467, 0.9741, 1.0000, 0.9857, 0.9917, 0.9872,
        0.9583, 0.9833, 0.9710, 0.9333, 0.8333, 0.8167, 0.8111])
tensor([0.7333, 0.9597, 0.9573, 0.9489, 0.9121, 0.8889, 0.8400, 0.9067, 0.9578,
        0.9979, 0.9939, 0.9548, 0.9870, 0.9944, 0.9963, 0.9952, 0.9733, 0.9750,
        0.8077, 0.9667, 0.9889, 0.7000, 0.9917, 0.9800, 0.8000, 0.9292, 0.8278,
        0.4833, 0.9733, 0.9111, 0.7667, 0.9741, 1.0000, 0.9857, 0.9833, 0.9897,
        0.9667, 0.9833, 0.9739, 0.9444, 0.8222, 0.8167, 0.8111])
tensor([0.7667, 0.9625, 0.9600, 0.9578, 0.9212, 0.8778, 0.8467, 0.9156, 0.9556,
        0.9979, 0.9939, 0.9476, 0.9899, 0.9944, 0.9963, 0.9952, 0.9800, 0.9722,
        0.8128, 0.9833, 0.9889, 0.7111, 0.9917, 0.9800, 0.8111, 0.9208, 0.8333,
        0.4833, 0.9733, 0.9111, 0.7533, 0.9667, 1.0000, 0.9857, 0.9750, 0.9897,
        0.9583, 0.9833, 0.9681, 0.9444, 0.8333, 0.8167, 0.8111])
tensor([0.7500, 0.9639, 0.9613, 0.9489, 0.9167, 0.8889, 0.8400, 0.9089, 0.9578,
        0.9979, 0.9939, 0.9548, 0.9870, 0.9944, 0.9963, 0.9952, 0.9733, 0.9750,
        0.8128, 0.9833, 0.9889, 0.7111, 0.9917, 0.9800, 0.8111, 0.9187, 0.8333,
        0.4833, 0.9733, 0.9222, 0.7333, 0.9741, 1.0000, 0.9857, 0.9917, 0.9872,
        0.9583, 0.9833, 0.9710, 0.9444, 0.8444, 0.8167, 0.8111])
tensor([0.7333, 0.9639, 0.9600, 0.9533, 0.9212, 0.8857, 0.8467, 0.9067, 0.9578,
        0.9958, 0.9939, 0.9548, 0.9841, 0.9944, 0.9963, 0.9952, 0.9733, 0.9750,
        0.8154, 1.0000, 0.9889, 0.7111, 0.9917, 0.9800, 0.8111, 0.9208, 0.8333,
        0.4833, 0.9733, 0.9000, 0.7333, 0.9741, 1.0000, 0.9857, 0.9917, 0.9846,
        0.9583, 0.9833, 0.9739, 0.9444, 0.8222, 0.8167, 0.8111])
tensor([0.7500, 0.9653, 0.9613, 0.9511, 0.9197, 0.8873, 0.8467, 0.9089, 0.9578,
        0.9979, 0.9939, 0.9619, 0.9870, 0.9944, 1.0000, 0.9952, 0.9733, 0.9750,
        0.8205, 1.0000, 0.9889, 0.7111, 0.9917, 0.9800, 0.8111, 0.9208, 0.8333,
        0.4833, 0.9733, 0.9111, 0.7333, 0.9741, 1.0000, 0.9857, 0.9917, 0.9872,
        0.9583, 0.9833, 0.9725, 0.9444, 0.8222, 0.8167, 0.8222])
tensor([0.7500, 0.9639, 0.9600, 0.9578, 0.9212, 0.8889, 0.8467, 0.9200, 0.9578,
        0.9979, 0.9939, 0.9548, 0.9884, 0.9944, 0.9963, 0.9952, 0.9733, 0.9750,
        0.8256, 1.0000, 0.9889, 0.7222, 0.9917, 0.9800, 0.8111, 0.9208, 0.8333,
        0.4833, 0.9667, 0.9444, 0.7600, 0.9741, 1.0000, 0.9857, 0.9917, 0.9846,
        0.9583, 0.9833, 0.9710, 0.9444, 0.8444, 0.8167, 0.8111])
tensor([0.7667, 0.9597, 0.9627, 0.9622, 0.9212, 0.8937, 0.8467, 0.9156, 0.9556,
        0.9979, 0.9939, 0.9667, 0.9870, 0.9944, 1.0000, 0.9810, 0.9733, 0.9750,
        0.8256, 1.0000, 0.9889, 0.7222, 0.9917, 0.9800, 0.8111, 0.9229, 0.8278,
        0.4833, 0.9667, 0.9222, 0.7200, 0.9741, 1.0000, 0.9857, 0.9917, 0.9872,
        0.9583, 0.9833, 0.9725, 0.9444, 0.8333, 0.8167, 0.8111])
tensor([0.7667, 0.9625, 0.9600, 0.9489, 0.9227, 0.8889, 0.8467, 0.9156, 0.9533,
        0.9979, 0.9939, 0.9690, 0.9884, 0.9944, 0.9963, 0.9952, 0.9733, 0.9750,
        0.8282, 1.0000, 0.9889, 0.7556, 0.9917, 0.9800, 0.8111, 0.9167, 0.8333,
        0.4833, 0.9733, 0.9222, 0.7800, 0.9741, 1.0000, 0.9857, 0.9917, 0.9897,
        0.9583, 0.9833, 0.9725, 0.9444, 0.8333, 0.8167, 0.8444])
tensor([0.7500, 0.9681, 0.9600, 0.9578, 0.9258, 0.8905, 0.8467, 0.9133, 0.9533,
        0.9979, 0.9939, 0.9810, 0.9884, 0.9944, 0.9963, 0.9952, 0.9800, 0.9750,
        0.8333, 0.9833, 0.9889, 0.7222, 0.9917, 0.9800, 0.8111, 0.9187, 0.8278,
        0.4833, 0.9733, 0.9333, 0.7533, 0.9741, 1.0000, 0.9810, 0.9917, 0.9872,
        0.9583, 0.9833, 0.9725, 0.9444, 0.8333, 0.8167, 0.8111])
tensor([0.7667, 0.9667, 0.9613, 0.9467, 0.9136, 0.8921, 0.8467, 0.9178, 0.9578,
        0.9979, 0.9939, 0.9667, 0.9855, 0.9944, 1.0000, 0.9952, 0.9800, 0.9750,
        0.8333, 0.9833, 0.9889, 0.7444, 0.9917, 0.9800, 0.8111, 0.9167, 0.8333,
        0.4833, 0.9800, 0.9000, 0.7867, 0.9741, 1.0000, 0.9810, 0.9917, 0.9872,
        0.9583, 0.9833, 0.9710, 0.9444, 0.8333, 0.8167, 0.8111])
tensor([0.7833, 0.9708, 0.9600, 0.9511, 0.9091, 0.8921, 0.8467, 0.9178, 0.9578,
        0.9979, 0.9939, 0.9524, 0.9841, 0.9944, 1.0000, 0.9952, 0.9800, 0.9750,
        0.8308, 0.9833, 0.9889, 0.7222, 0.9917, 0.9800, 0.8111, 0.9187, 0.8278,
        0.4833, 0.9733, 0.9333, 0.7800, 0.9741, 1.0000, 0.9857, 0.9917, 0.9872,
        0.9583, 0.9833, 0.9739, 0.9444, 0.8222, 0.8167, 0.8111])
tensor([0.7833, 0.9681, 0.9587, 0.9622, 0.9212, 0.8937, 0.8533, 0.9111, 0.9556,
        0.9979, 0.9939, 0.9667, 0.9855, 0.9944, 0.9963, 0.9952, 0.9733, 0.9750,
        0.8333, 1.0000, 0.9889, 0.7111, 0.9917, 0.9867, 0.8222, 0.9208, 0.8222,
        0.4833, 0.9733, 0.9111, 0.7467, 0.9741, 1.0000, 0.9857, 0.9917, 0.9846,
        0.9583, 0.9833, 0.9725, 0.9444, 0.8222, 0.8167, 0.8111])
tensor([0.8000, 0.9667, 0.9640, 0.9556, 0.9288, 0.8952, 0.8533, 0.9200, 0.9578,
        1.0000, 0.9939, 0.9619, 0.9884, 0.9944, 1.0000, 0.9952, 0.9800, 0.9778,
        0.8308, 0.9833, 0.9889, 0.7667, 0.9917, 0.9867, 0.8222, 0.9187, 0.8333,
        0.4833, 0.9800, 0.9000, 0.7733, 0.9667, 1.0000, 0.9857, 0.9917, 0.9897,
        0.9583, 0.9833, 0.9725, 0.9444, 0.8556, 0.8333, 0.8111])
tensor([0.7500, 0.9736, 0.9573, 0.9578, 0.9258, 0.9016, 0.8533, 0.9133, 0.9578,
        0.9979, 0.9939, 0.9667, 0.9884, 0.9944, 0.9963, 0.9952, 0.9800, 0.9750,
        0.8359, 1.0000, 0.9889, 0.7889, 0.9917, 0.9800, 0.8111, 0.9167, 0.8278,
        0.4833, 0.9600, 0.9111, 0.7667, 0.9741, 1.0000, 0.9810, 0.9917, 0.9897,
        0.9583, 0.9833, 0.9725, 0.9444, 0.8333, 0.8333, 0.8222])
tensor([0.7500, 0.9694, 0.9627, 0.9578, 0.9227, 0.8921, 0.8467, 0.9156, 0.9578,
        1.0000, 0.9939, 0.9714, 0.9870, 0.9944, 0.9963, 0.9952, 0.9800, 0.9750,
        0.8359, 0.9833, 0.9889, 0.7889, 0.9917, 0.9800, 0.8111, 0.9146, 0.8333,
        0.4833, 0.9600, 0.8889, 0.7867, 0.9741, 1.0000, 0.9857, 0.9917, 0.9872,
        0.9583, 0.9833, 0.9725, 0.9333, 0.8222, 0.8333, 0.8222])
tensor([0.7667, 0.9736, 0.9613, 0.9622, 0.9227, 0.8984, 0.8467, 0.9111, 0.9578,
        1.0000, 0.9939, 0.9690, 0.9884, 0.9944, 0.9963, 0.9952, 0.9800, 0.9750,
        0.8359, 0.9833, 0.9889, 0.7556, 0.9917, 0.9867, 0.8111, 0.9083, 0.8333,
        0.4833, 0.9733, 0.9111, 0.7667, 0.9741, 1.0000, 0.9810, 0.9917, 0.9897,
        0.9583, 0.9833, 0.9739, 0.9444, 0.8333, 0.8500, 0.8222])
tensor([0.7833, 0.9681, 0.9627, 0.9600, 0.9182, 0.8937, 0.8467, 0.9222, 0.9644,
        0.9979, 0.9939, 0.9690, 0.9899, 0.9944, 0.9963, 0.9952, 0.9800, 0.9750,
        0.8359, 1.0000, 0.9889, 0.7444, 0.9917, 0.9867, 0.8111, 0.9208, 0.8278,
        0.4833, 0.9733, 0.9111, 0.7667, 0.9741, 1.0000, 0.9762, 0.9917, 0.9872,
        0.9583, 0.9833, 0.9768, 0.9333, 0.8222, 0.8167, 0.8444])
tensor([0.7833, 0.9792, 0.9613, 0.9578, 0.9288, 0.9127, 0.8533, 0.9178, 0.9578,
        0.9979, 0.9939, 0.9714, 0.9884, 0.9944, 0.9963, 0.9952, 0.9800, 0.9750,
        0.8359, 1.0000, 0.9889, 0.7667, 0.9917, 0.9867, 0.8111, 0.9167, 0.8333,
        0.4833, 0.9800, 0.9111, 0.7333, 0.9741, 1.0000, 0.9762, 0.9917, 0.9872,
        0.9583, 0.9833, 0.9725, 0.9444, 0.8333, 0.8500, 0.8444])
tensor([0.7833, 0.9736, 0.9587, 0.9600, 0.9258, 0.9079, 0.8533, 0.9267, 0.9578,
        1.0000, 0.9939, 0.9619, 0.9899, 0.9944, 0.9963, 0.9952, 0.9800, 0.9750,
        0.8385, 1.0000, 0.9889, 0.7667, 0.9917, 0.9867, 0.8111, 0.9125, 0.8333,
        0.4833, 0.9667, 0.9333, 0.7267, 0.9778, 1.0000, 0.9762, 0.9917, 0.9897,
        0.9583, 0.9833, 0.9710, 0.9444, 0.8222, 0.8500, 0.8444])
tensor([0.7833, 0.9694, 0.9613, 0.9600, 0.9242, 0.9079, 0.8467, 0.9200, 0.9622,
        0.9979, 0.9939, 0.9762, 0.9899, 0.9944, 0.9963, 0.9952, 0.9867, 0.9750,
        0.8385, 1.0000, 0.9889, 0.7889, 0.9917, 0.9867, 0.8111, 0.9167, 0.8333,
        0.4833, 0.9667, 0.9444, 0.7267, 0.9778, 1.0000, 0.9762, 0.9917, 0.9872,
        0.9500, 0.9833, 0.9739, 0.9444, 0.8333, 0.8500, 0.8222])
tensor([0.7667, 0.9708, 0.9640, 0.9644, 0.9212, 0.8984, 0.8467, 0.9356, 0.9578,
        1.0000, 0.9939, 0.9667, 0.9884, 0.9944, 0.9963, 0.9952, 0.9800, 0.9750,
        0.8333, 0.9667, 0.9889, 0.7667, 0.9917, 0.9867, 0.8111, 0.9208, 0.8278,
        0.4833, 0.9800, 0.9222, 0.7467, 0.9778, 1.0000, 0.9762, 0.9917, 0.9846,
        0.9583, 0.9833, 0.9783, 0.9444, 0.8111, 0.8333, 0.8444])
tensor([0.7833, 0.9778, 0.9600, 0.9556, 0.9258, 0.9048, 0.8533, 0.9267, 0.9622,
        1.0000, 0.9939, 0.9643, 0.9884, 0.9944, 0.9963, 0.9952, 0.9800, 0.9778,
        0.8385, 0.9833, 0.9889, 0.7889, 0.9917, 0.9867, 0.8111, 0.9208, 0.8278,
        0.4833, 0.9667, 0.9111, 0.7333, 0.9704, 1.0000, 0.9762, 0.9917, 0.9897,
        0.9583, 0.9833, 0.9725, 0.9556, 0.8333, 0.8667, 0.8222])
tensor([0.7500, 0.9736, 0.9627, 0.9644, 0.9258, 0.9079, 0.8467, 0.9244, 0.9622,
        1.0000, 0.9939, 0.9619, 0.9870, 0.9944, 0.9963, 0.9952, 0.9800, 0.9750,
        0.8385, 1.0000, 0.9889, 0.7667, 0.9917, 0.9800, 0.8111, 0.9208, 0.8278,
        0.4833, 0.9733, 0.9111, 0.7533, 0.9741, 1.0000, 0.9762, 0.9917, 0.9872,
        0.9583, 0.9833, 0.9768, 0.9444, 0.8222, 0.8500, 0.8333])
tensor([0.7833, 0.9708, 0.9680, 0.9622, 0.9212, 0.9032, 0.8467, 0.9244, 0.9667,
        1.0000, 0.9939, 0.9762, 0.9870, 0.9944, 0.9963, 0.9952, 0.9800, 0.9750,
        0.8385, 1.0000, 0.9889, 0.7889, 0.9917, 0.9800, 0.8222, 0.9125, 0.8333,
        0.5000, 0.9800, 0.8889, 0.7533, 0.9741, 1.0000, 0.9762, 0.9917, 0.9897,
        0.9583, 1.0000, 0.9739, 0.9444, 0.8222, 0.8667, 0.8444])
tensor([0.7833, 0.9750, 0.9600, 0.9578, 0.9303, 0.9095, 0.8467, 0.9178, 0.9667,
        1.0000, 0.9939, 0.9762, 0.9884, 0.9944, 1.0000, 0.9952, 0.9800, 0.9750,
        0.8385, 1.0000, 0.9889, 0.8000, 0.9917, 0.9800, 0.8111, 0.9208, 0.8222,
        0.5000, 0.9800, 0.9111, 0.7733, 0.9667, 1.0000, 0.9762, 0.9917, 0.9897,
        0.9583, 0.9833, 0.9783, 0.9444, 0.8333, 0.8667, 0.8333])
tensor([0.7667, 0.9764, 0.9667, 0.9533, 0.9242, 0.9095, 0.8533, 0.9222, 0.9667,
        1.0000, 0.9939, 0.9833, 0.9870, 0.9944, 0.9963, 0.9952, 0.9800, 0.9750,
        0.8385, 0.9833, 0.9889, 0.8000, 0.9917, 0.9867, 0.8222, 0.9208, 0.8222,
        0.4833, 0.9667, 0.9000, 0.7333, 0.9741, 1.0000, 0.9762, 0.9917, 0.9897,
        0.9583, 1.0000, 0.9783, 0.9444, 0.8222, 0.8667, 0.8333])
tensor([0.7833, 0.9750, 0.9600, 0.9533, 0.9152, 0.9143, 0.8533, 0.9244, 0.9644,
        1.0000, 0.9939, 0.9738, 0.9899, 0.9944, 1.0000, 0.9952, 0.9800, 0.9778,
        0.8385, 0.9833, 0.9889, 0.8000, 0.9917, 0.9867, 0.8222, 0.9187, 0.8278,
        0.4833, 0.9733, 0.9111, 0.7467, 0.9778, 1.0000, 0.9762, 0.9917, 0.9897,
        0.9583, 1.0000, 0.9710, 0.9444, 0.8333, 0.8500, 0.8444])
tensor([0.7667, 0.9750, 0.9640, 0.9533, 0.9167, 0.9111, 0.8467, 0.9267, 0.9622,
        1.0000, 0.9939, 0.9667, 0.9884, 0.9958, 1.0000, 0.9952, 0.9800, 0.9778,
        0.8385, 0.9667, 0.9889, 0.7889, 0.9917, 0.9867, 0.8222, 0.9208, 0.8278,
        0.5000, 0.9800, 0.9222, 0.7333, 0.9704, 1.0000, 0.9762, 0.9917, 0.9897,
        0.9583, 0.9833, 0.9754, 0.9444, 0.8222, 0.8667, 0.8556])
tensor([0.7833, 0.9736, 0.9627, 0.9667, 0.9152, 0.9016, 0.8533, 0.9222, 0.9667,
        1.0000, 0.9924, 0.9810, 0.9870, 0.9958, 1.0000, 0.9857, 0.9800, 0.9778,
        0.8359, 1.0000, 0.9889, 0.7889, 0.9917, 0.9733, 0.8333, 0.9187, 0.8278,
        0.5000, 0.9800, 0.9000, 0.7600, 0.9741, 1.0000, 0.9762, 0.9917, 0.9897,
        0.9583, 0.9833, 0.9739, 0.9444, 0.8222, 0.8667, 0.8444])
tensor([0.7833, 0.9750, 0.9627, 0.9511, 0.9227, 0.9127, 0.8533, 0.9289, 0.9622,
        1.0000, 0.9924, 0.9690, 0.9884, 0.9958, 0.9963, 0.9857, 0.9800, 0.9778,
        0.8385, 0.9833, 0.9889, 0.8000, 0.9917, 0.9867, 0.8333, 0.9208, 0.8278,
        0.4833, 0.9733, 0.9000, 0.7533, 0.9704, 1.0000, 0.9762, 0.9917, 0.9897,
        0.9583, 0.9833, 0.9739, 0.9444, 0.8222, 0.8500, 0.8556])
tensor([0.7833, 0.9792, 0.9613, 0.9600, 0.9197, 0.9143, 0.8533, 0.9200, 0.9667,
        1.0000, 0.9939, 0.9810, 0.9884, 0.9958, 0.9963, 0.9857, 0.9800, 0.9778,
        0.8385, 0.9833, 0.9889, 0.8000, 0.9917, 0.9800, 0.8222, 0.9208, 0.8278,
        0.5000, 0.9733, 0.9333, 0.7533, 0.9667, 1.0000, 0.9762, 0.9917, 0.9897,
        0.9583, 0.9833, 0.9739, 0.9444, 0.8333, 0.8667, 0.8556])
tensor([0.7667, 0.9764, 0.9627, 0.9600, 0.9197, 0.9127, 0.8467, 0.9267, 0.9644,
        1.0000, 0.9939, 0.9833, 0.9884, 0.9958, 0.9963, 0.9857, 0.9800, 0.9778,
        0.8436, 0.9833, 0.9889, 0.7778, 0.9917, 0.9867, 0.8111, 0.9271, 0.8111,
        0.5000, 0.9733, 0.9111, 0.7133, 0.9741, 1.0000, 0.9762, 0.9917, 0.9897,
        0.9583, 0.9833, 0.9696, 0.9444, 0.8444, 0.8500, 0.8444])
tensor([0.7833, 0.9778, 0.9627, 0.9667, 0.9258, 0.9000, 0.8533, 0.9200, 0.9689,
        1.0000, 0.9924, 0.9833, 0.9870, 0.9958, 0.9963, 0.9857, 0.9800, 0.9778,
        0.8385, 1.0000, 0.9889, 0.7778, 0.9917, 0.9867, 0.8444, 0.9208, 0.8278,
        0.4833, 0.9733, 0.9111, 0.7533, 0.9667, 1.0000, 0.9762, 0.9917, 0.9897,
        0.9583, 0.9833, 0.9696, 0.9444, 0.8444, 0.8667, 0.8556])
tensor([0.7833, 0.9792, 0.9613, 0.9622, 0.9152, 0.9111, 0.8533, 0.9244, 0.9644,
        1.0000, 0.9924, 0.9905, 0.9884, 0.9958, 0.9963, 0.9857, 0.9800, 0.9778,
        0.8436, 0.9833, 0.9889, 0.8000, 0.9917, 0.9867, 0.8333, 0.9187, 0.8167,
        0.5000, 0.9733, 0.9222, 0.6867, 0.9778, 1.0000, 0.9762, 0.9917, 0.9897,
        0.9583, 1.0000, 0.9754, 0.9444, 0.8222, 0.8667, 0.8556])
