#dataset: gtsrb
#way backdoor looks like: backdoor_green_1_percent
#merge strategy: aggregation
#learning rate: 0.0001
#number of benign sources: 3
#number of malicious sources: 2
#batch size: 512
#distribution of data: equally distributed subset
#percentage of poisoned data in backdoored nodes: 1.0
#order of time backdoors being inserted: no
#model replacement: False
#starttime: 085236
training_type;epoch_number;learn_rate;avg_training_loss;avg_test_loss;test_accuracy;timestamp
backdoor;1;0.0001;3.6683720397949218;3.0518347854191408;100.0;085632
normal;1;0.0001;6.191479698816935;3.636913724221224;0.4750593824228028;085632
backdoor;2;0.0001;2.318112609386444;2.4951192944935174;100.0;090128
normal;2;0.0001;5.149666533470152;3.551111313434036;0.4750593824228028;090128
backdoor;3;0.0001;2.422876949310303;2.4671981606139894;100.0;090708
normal;3;0.0001;5.182218335469564;3.5510288410685127;0.4750593824228028;090708
backdoor;4;0.0001;2.497123985290527;2.537300864949834;100.0;091445
normal;4;0.0001;5.225312620798747;3.5431306308918495;0.4750593824228028;091445
backdoor;5;0.0001;2.553045382499695;2.593747317932564;100.0;093220
normal;5;0.0001;5.257484124501547;3.536144004694923;0.4750593824228028;093220
backdoor;6;0.0001;2.5930112838745116;2.6289335490972014;100.0;094947
normal;6;0.0001;5.280043029785157;3.529620027881903;0.4750593824228028;094947
backdoor;7;0.0001;2.637532591819763;2.684250547238408;100.0;100752
normal;7;0.0001;5.304586954116822;3.5212019605478027;0.4750593824228028;100752
backdoor;8;0.0001;2.684979963302612;2.714814358406943;100.0;102531
normal;8;0.0001;5.330069154103597;3.5118518578656968;0.4750593824228028;102531
backdoor;9;0.0001;2.724676923751831;2.766114634365103;85.04354711005543;104324
normal;9;0.0001;5.343572320938111;3.493299857265687;2.5732383214568486;104324
backdoor;10;0.0001;2.7914964723587037;2.770328679390588;51.80522565320665;105211
normal;10;0.0001;5.355631974538169;3.4536878378921716;5.661124307205068;105211
backdoor;11;0.0001;2.799879961013794;2.7025600309515414;45.37608867775138;105833
normal;11;0.0001;5.313007717132568;3.427391147689034;6.872525732383215;105833
backdoor;12;0.0001;2.759135422706604;2.737343826354352;37.02296120348377;110633
normal;12;0.0001;5.255514348347982;3.387699429835956;7.862232779097387;110633
backdoor;13;0.0001;2.7693510627746583;2.76906642596682;31.140142517814727;111558
normal;13;0.0001;5.214633779525759;3.302672711611738;11.314330958036422;111558
backdoor;14;0.0001;2.768838157653809;2.8574349663886207;14.212193190815519;112526
normal;14;0.0001;5.089918155670167;3.0943728292167707;16.666666666666668;112526
backdoor;15;0.0001;2.8606101655960083;3.017249569322793;4.394299287410926;113500
normal;15;0.0001;4.90062354405721;2.792560027085498;23.008709422011083;113500
backdoor;16;0.0001;3.1256353998184205;3.104022772540578;5.55027711797308;114447
normal;16;0.0001;4.798262138366699;2.545281107729612;29.24782264449723;114447
backdoor;17;0.0001;3.3419759464263916;3.3943313755690814;4.370546318289787;115417
normal;17;0.0001;4.735456352233886;2.3782823092958236;31.868566904196356;115417
backdoor;18;0.0001;3.4369183206558227;3.4315869449908454;5.993665874901029;120407
normal;18;0.0001;4.661726318995158;2.2740237709462217;33.262074425969914;120407
backdoor;19;0.0001;3.4164566516876222;3.2691298870651475;12.304038004750593;121354
normal;19;0.0001;4.54789847056071;2.2078871992025126;33.594615993665876;121354
backdoor;20;0.0001;3.2365735149383545;3.048229352236738;18.376880443388757;122350
normal;20;0.0001;4.3540621280670155;2.154654860930696;34.54473475851148;122350
backdoor;21;0.0001;3.1215628290176394;2.976352283903652;20.44338875692795;123326
normal;21;0.0001;4.24258631547292;2.1148398175092322;35.1464766429137;123326
backdoor;22;0.0001;3.0668624019622803;2.794289429000891;26.927949326999208;124313
normal;22;0.0001;4.1653338781992595;2.0769474914502455;35.45526524148852;124313
backdoor;23;0.0001;2.9703355598449708;2.5896267634955836;33.15914489311164;125254
normal;23;0.0001;4.056425223350525;2.029974240796111;36.63499604117181;125254
backdoor;24;0.0001;2.7604023599624634;2.2256958394416815;44.45764053840063;130200
normal;24;0.0001;3.8727766990661623;1.9870434492991638;38.09976247030879;130200
backdoor;25;0.0001;2.3969918084144592;1.7889844832492083;57.20506730007918;131133
normal;25;0.0001;3.580789321263631;1.938356550855478;39.74663499604117;131133
backdoor;26;0.0001;1.9598206663131714;1.2783477783203125;71.52019002375297;132114
normal;26;0.0001;3.2354825019836433;1.8835209330772467;41.472684085510686;132114
backdoor;27;0.0001;1.5345215845108031;0.9855608024204523;77.28424386381631;133055
normal;27;0.0001;2.8818963972727456;1.8139887455617825;43.47585114806017;133055
backdoor;28;0.0001;1.2631351113319398;0.8363727198077494;79.89707046714173;134022
normal;28;0.0001;2.636080431938171;1.7432643887360513;46.18368962787015;134022
backdoor;29;0.0001;1.1018336415290833;0.7153080448685236;82.17735550277118;134817
normal;29;0.0001;2.449371345837911;1.666712377794376;48.94695170229612;134817
backdoor;30;0.0001;1.00282572388649;0.6361307079227595;83.46793349168647;135430
normal;30;0.0001;2.299656207561493;1.5831238976944466;51.33808392715756;135430
backdoor;31;0.0001;0.963854901790619;0.6176441703065463;83.5471100554236;140047
normal;31;0.0001;2.189860911369324;1.4948311431957253;53.40459224069675;140047
backdoor;32;0.0001;0.8968553292751312;0.4948923565524019;86.9833729216152;140720
normal;32;0.0001;2.058899091879527;1.4171437357874588;55.69279493269992;140720
backdoor;33;0.0001;0.8594453656673431;0.5026363792630858;86.77751385589865;141712
normal;33;0.0001;1.9637959933280942;1.343415236303189;58.131433095803644;141712
backdoor;34;0.0001;0.8149934315681457;0.42435938940101076;88.72525732383214;142646
normal;34;0.0001;1.8652431297302243;1.2789402234582607;60.8867775138559;142646
backdoor;35;0.0001;0.7905796110630036;0.40438777413145477;89.33491686460808;143608
normal;35;0.0001;1.7815042376518246;1.2274897299771825;62.57323832145685;143608
backdoor;36;0.0001;0.7441125345230103;0.3710431761148895;90.2375296912114;144606
normal;36;0.0001;1.6999792305628458;1.1801381380710918;64.03800475059383;144606
backdoor;37;0.0001;0.7162817430496216;0.3396203428436062;90.90261282660333;145541
normal;37;0.0001;1.6403318333625794;1.1346354891549757;65.87490102929533;145541
backdoor;38;0.0001;0.6840538620948792;0.30241734617207605;91.82106096595408;150255
normal;38;0.0001;1.5724836421012875;1.0970950177238747;66.96753760886777;150255
backdoor;39;0.0001;0.6490641921758652;0.2905512588513058;92.26444972288202;151108
normal;39;0.0001;1.506629434029261;1.058455403041764;68.1631037212985;151108
backdoor;40;0.0001;0.6194558608531952;0.25992722681185976;92.69992082343626;152047
normal;40;0.0001;1.4519595225652058;1.0280564393491285;68.60649247822644;152047
backdoor;41;0.0001;0.6091452062129974;0.23419535343173187;93.55502771179731;153058
normal;41;0.0001;1.4161200865109762;1.0034770092696117;69.95249406175772;153058
backdoor;42;0.0001;0.5667806231975555;0.21557048728139458;93.92715756136184;154043
normal;42;0.0001;1.3546847796440125;0.9737215218804511;70.68883610451306;154043
backdoor;43;0.0001;0.5367534965276718;0.2183133310301381;93.88756927949326;155020
normal;43;0.0001;1.3074592061837513;0.9442098132788144;72.04275534441805;155020
backdoor;44;0.0001;0.5046618276834488;0.1855913610752858;94.71892319873318;155810
normal;44;0.0001;1.251728169520696;0.9195925491345089;72.62074425969912;155810
backdoor;45;0.0001;0.4948142552375793;0.155474009932928;95.55027711797308;160728
normal;45;0.0001;1.2230468273162842;0.8946601746861933;73.80839271575614;160728
backdoor;46;0.0001;0.47933749586343766;0.15756699599071994;95.54235946159936;161708
normal;46;0.0001;1.1853222046295804;0.868732045853978;74.78226444972289;161708
backdoor;47;0.0001;0.45681883513927457;0.13003345438156066;96.26286619160729;162651
normal;47;0.0001;1.1459568329652148;0.848341742943698;75.28899445764054;162651
backdoor;48;0.0001;0.4400080877542496;0.14325175855429703;95.85114806017418;163619
normal;48;0.0001;1.1069046930472057;0.828366391505878;75.95407759303247;163619
backdoor;49;0.0001;0.40768938362598417;0.1337388888107626;96.159936658749;164533
normal;49;0.0001;1.0637453393141427;0.8015113474165553;77.07838479809976;164533
backdoor;50;0.0001;0.41565768867731095;0.085018532406406;97.49010292953285;165244
normal;50;0.0001;1.0409315174818041;0.7850952776669512;77.56136183689628;165244
backdoor;51;0.0001;0.3858307158946991;0.07711656393744316;97.72763262074426;165902
normal;51;0.0001;1.00628866036733;0.7693378149472053;77.93349168646081;165902
backdoor;52;0.0001;0.36610996097326276;0.07816655951082375;97.73555027711798;170538
normal;52;0.0001;0.9700643314917881;0.7465626968057592;79.12905779889152;170538
backdoor;53;0.0001;0.3364381691813469;0.0715044272295181;97.90182106096596;171225
normal;53;0.0001;0.9276193938652676;0.7249010770167987;79.88915281076801;171225
backdoor;54;0.0001;0.33964585065841674;0.05017908319819096;98.56690419635788;171854
normal;54;0.0001;0.9112094529469809;0.7134500414439826;80.2929532858274;171854
backdoor;55;0.0001;0.3157029739022255;0.04429522070352369;98.79651623119557;172516
normal;55;0.0001;0.877318221926689;0.699420123730778;80.98178939034045;172516
backdoor;56;0.0001;0.3121901550889015;0.05137513659817778;98.53523357086303;173134
normal;56;0.0001;0.8542289783557254;0.6790757361236113;81.38558986539984;173134
backdoor;57;0.0001;0.28627903655171394;0.04254619950636549;98.8202692003167;173811
normal;57;0.0001;0.8207283839583398;0.6673099176523144;81.88440221694378;173811
backdoor;58;0.0001;0.2811578385531902;0.03758254989403538;99.00237529691212;174502
normal;58;0.0001;0.8019247050086658;0.650420347623002;82.31987331749802;174502
backdoor;59;0.0001;0.276222765147686;0.021422498516874094;99.42201108471892;175139
normal;59;0.0001;0.7791097400585809;0.6403652991553855;82.71575613618369;175139
backdoor;60;0.0001;0.252756951674819;0.02434878022257336;99.31116389548694;175814
normal;60;0.0001;0.7497643945117791;0.6276859467688385;83.18289786223278;175814
backdoor;61;0.0001;0.23602308675646783;0.032385545898220035;99.1686460807601;180443
normal;61;0.0001;0.7202302562197049;0.6095729027489113;83.57086302454474;180443
backdoor;62;0.0001;0.24874134346842766;0.019360046507532598;99.4695170229612;181107
normal;62;0.0001;0.7092417596777278;0.5959450396298418;83.99049881235155;181107
backdoor;63;0.0001;0.21990972861647606;0.023147419210661997;99.35866983372921;181735
normal;63;0.0001;0.6783744648098946;0.5822288368206976;84.30720506730007;181735
backdoor;64;0.0001;0.22843598514795305;0.01633961624506439;99.53285827395091;182404
normal;64;0.0001;0.6686030664046605;0.5751882781136725;84.50514647664292;182404
backdoor;65;0.0001;0.20940549343824386;0.023539422092603863;99.38242280285036;183019
normal;65;0.0001;0.642974081635475;0.5653970055417795;84.75851148060174;183019
backdoor;66;0.0001;0.22057310461997987;0.014818321733557792;99.65162311955662;183635
normal;66;0.0001;0.6359753942489623;0.5590762264466154;85.027711797308;183635
backdoor;67;0.0001;0.19844717293977737;0.013129636770378287;99.65954077593032;184307
normal;67;0.0001;0.6154364683230719;0.5432929491298311;85.39984164687253;184307
backdoor;68;0.0001;0.20705324217677115;0.016715151661459832;99.54077593032463;184939
normal;68;0.0001;0.6028367566068967;0.5321311820808706;85.6848772763262;184939
backdoor;69;0.0001;0.19064500212669372;0.019747369872702557;99.48535233570863;185605
normal;69;0.0001;0.5823872228463491;0.5204672507605473;86.00950118764845;185605
backdoor;70;0.0001;0.19653484582901;0.01718457865507378;99.54077593032463;190222
normal;70;0.0001;0.5788926764329274;0.5113877128063452;86.11243072050674;190222
backdoor;71;0.0001;0.18535579442977906;0.012167239406235333;99.66745843230404;190834
normal;71;0.0001;0.5579490808645883;0.5088729586567279;86.06492478226446;190834
backdoor;72;0.0001;0.17926421150565147;0.015633174397128025;99.60411718131434;191450
normal;72;0.0001;0.5445480758945148;0.5001325557464092;86.270783847981;191450
backdoor;73;0.0001;0.17881558887660504;0.0124798809311641;99.69121140142518;192118
normal;73;0.0001;0.5314231883982817;0.49119293804878483;86.50039588281868;192118
backdoor;74;0.0001;0.17358300760388373;0.011884594600727326;99.72288202692003;192732
normal;74;0.0001;0.5196128989259402;0.48294560363721206;86.79334916864607;192732
backdoor;75;0.0001;0.18243295319378375;0.012430492848134286;99.67537608867775;193346
normal;75;0.0001;0.513814741820097;0.47909008639253325;86.82501979414093;193346
backdoor;76;0.0001;0.16715524096041917;0.010330509101221321;99.73079968329374;194012
normal;76;0.0001;0.49766388627390074;0.468827267100862;87.17339667458432;194012
backdoor;77;0.0001;0.16683463789522648;0.008985822578790352;99.77038796516231;194649
normal;77;0.0001;0.48982990607619287;0.46666296795069556;87.36342042755345;194649
backdoor;78;0.0001;0.16130301743745803;0.010907231873566445;99.7070467141726;195322
normal;78;0.0001;0.4799384540319443;0.45975655308811797;87.49010292953285;195322
backdoor;79;0.0001;0.1612916264683008;0.009226283704772038;99.74663499604117;195950
normal;79;0.0001;0.47077477738261225;0.45829137407968845;87.50593824228028;195950
backdoor;80;0.0001;0.14723997198045255;0.007548365429315129;99.79414093428345;200613
normal;80;0.0001;0.45730655526121455;0.44859200732064264;87.79889152810767;200613
backdoor;81;0.0001;0.15213736705482006;0.0072694455206347005;99.80205859065717;201228
normal;81;0.0001;0.44990897332628577;0.44747681968852066;87.8147268408551;201228
backdoor;82;0.0001;0.1475260415673256;0.008461710095983692;99.77038796516231;201846
normal;82;0.0001;0.44250192125638327;0.44213213886614366;87.96516231195567;201846
backdoor;83;0.0001;0.14699032589793204;0.007013321129910453;99.80205859065717;202521
normal;83;0.0001;0.4359961828589439;0.44119796571708914;88.1076801266825;202521
backdoor;84;0.0001;0.14513900622725487;0.007336875958764898;99.79414093428345;203148
normal;84;0.0001;0.4257402876019477;0.4311169857650358;88.25811559778306;203148
backdoor;85;0.0001;0.1526566569507122;0.005680746482486113;99.83372921615202;203828
normal;85;0.0001;0.42705739249785746;0.43212024057468346;88.08392715756136;203828
backdoor;86;0.0001;0.14670091636478902;0.004601481152950585;99.85748218527316;204456
normal;86;0.0001;0.4177162600060304;0.429623597629091;88.30562153602534;204456
backdoor;87;0.0001;0.13874269619584084;0.005925332362116893;99.83372921615202;205139
normal;87;0.0001;0.4060700965921084;0.42134852858639293;88.42438638163104;205139
backdoor;88;0.0001;0.14078007597476244;0.0055272403886204;99.8178939034046;205801
normal;88;0.0001;0.4003558334956567;0.42420817002925437;88.54315122723673;205801
backdoor;89;0.0001;0.13119829930365084;0.006158903984740813;99.80997624703087;210434
normal;89;0.0001;0.3890270676712195;0.4208522020401883;88.51148060174188;210434
backdoor;90;0.0001;0.13708695746958255;0.0060205488901523396;99.8178939034046;211106
normal;90;0.0001;0.38695027733842535;0.4124607460704571;88.72525732383214;211106
backdoor;91;0.0001;0.1372930758446455;0.005202838180473138;99.8258115597783;211740
normal;91;0.0001;0.38039959425727526;0.41566019911475344;88.79651623119557;211740
backdoor;92;0.0001;0.12906745724380017;0.005673854519197937;99.8178939034046;212327
normal;92;0.0001;0.37270077680548036;0.4125278149723346;88.82818685669042;212327
backdoor;93;0.0001;0.12688714653253555;0.005190071145475194;99.8258115597783;212850
normal;93;0.0001;0.3678611797094345;0.40467945832821084;89.03404592240696;212850
backdoor;94;0.0001;0.1399863363802433;0.005699605118079216;99.80997624703087;213409
normal;94;0.0001;0.3708059335748356;0.4019398140322096;89.21615201900238;213409
backdoor;95;0.0001;0.12160370081663131;0.005134514303655258;99.83372921615202;213935
normal;95;0.0001;0.35398590008417763;0.3990078467748888;89.25574030087094;213935
backdoor;96;0.0001;0.12911065388470888;0.0072759397970903325;99.77038796516231;214455
normal;96;0.0001;0.35348907502988974;0.39881412146682316;89.26365795724466;214455
backdoor;97;0.0001;0.13018225777894257;0.005949855169616138;99.8178939034046;215025
normal;97;0.0001;0.35170620970427996;0.38974772111253897;89.61203483768804;215025
backdoor;98;0.0001;0.13414471462368965;0.008713767620987795;99.74663499604117;215539
normal;98;0.0001;0.3526507523655891;0.3919316322767631;89.50910530482977;215539
backdoor;99;0.0001;0.13420924350619315;0.005160248272197641;99.8178939034046;220053
normal;99;0.0001;0.35177555421988166;0.38913771870206104;89.42992874109264;220053
backdoor;100;0.0001;0.12063853945583106;0.006251986288286374;99.8178939034046;220607
normal;100;0.0001;0.3390770749002695;0.39064876891654915;89.51702296120348;220607
backdoor;101;0.0001;0.1304929907619953;0.0060334836419668825;99.79414093428345;221127
normal;101;0.0001;0.3401054413119952;0.38541507524624763;89.73079968329374;221127
backdoor;102;0.0001;0.13439224809408187;0.0027516066593170365;99.91290577988916;221643
normal;102;0.0001;0.33819579909245173;0.3980496733507653;89.46159936658749;221643
backdoor;103;0.0001;0.12800465436652303;0.005065276353621468;99.8258115597783;222202
normal;103;0.0001;0.33622775446623565;0.38897761377378387;89.78622327790974;222202
backdoor;104;0.0001;0.13013183124363423;0.0042721303320701455;99.86539984164688;222714
normal;104;0.0001;0.33012362028161674;0.3821292143253136;89.83372921615202;222714
backdoor;105;0.0001;0.12427998684346676;0.004825033743586318;99.84164687252573;223223
normal;105;0.0001;0.3207059348126252;0.38132410147599727;89.91290577988916;223223
