tensor([0., 0., 1., 0., 0., 0., 0., 0., 0., 0., 0., 0., 0., 0., 0., 0., 0., 0.,
        0., 0., 0., 0., 0., 0., 0., 0., 0., 0., 0., 0., 0., 0., 0., 0., 0., 0.,
        0., 0., 0., 0., 0., 0., 0.])
tensor([0., 0., 0., 0., 1., 0., 0., 0., 0., 0., 0., 0., 0., 0., 0., 0., 0., 0.,
        0., 0., 0., 0., 0., 0., 0., 0., 0., 0., 0., 0., 0., 0., 0., 0., 0., 0.,
        0., 0., 0., 0., 0., 0., 0.])
tensor([0., 0., 1., 0., 0., 0., 0., 0., 0., 0., 0., 0., 0., 0., 0., 0., 0., 0.,
        0., 0., 0., 0., 0., 0., 0., 0., 0., 0., 0., 0., 0., 0., 0., 0., 0., 0.,
        0., 0., 0., 0., 0., 0., 0.])
tensor([0., 0., 1., 0., 0., 0., 0., 0., 0., 0., 0., 0., 0., 0., 0., 0., 0., 0.,
        0., 0., 0., 0., 0., 0., 0., 0., 0., 0., 0., 0., 0., 0., 0., 0., 0., 0.,
        0., 0., 0., 0., 0., 0., 0.])
tensor([0., 0., 1., 0., 0., 0., 0., 0., 0., 0., 0., 0., 0., 0., 0., 0., 0., 0.,
        0., 0., 0., 0., 0., 0., 0., 0., 0., 0., 0., 0., 0., 0., 0., 0., 0., 0.,
        0., 0., 0., 0., 0., 0., 0.])
tensor([0., 0., 1., 0., 0., 0., 0., 0., 0., 0., 0., 0., 0., 0., 0., 0., 0., 0.,
        0., 0., 0., 0., 0., 0., 0., 0., 0., 0., 0., 0., 0., 0., 0., 0., 0., 0.,
        0., 0., 0., 0., 0., 0., 0.])
tensor([0.0000, 0.0000, 0.9933, 0.0000, 0.0000, 0.0000, 0.0000, 0.0000, 0.0000,
        0.0000, 0.0000, 0.0000, 0.3406, 0.0000, 0.0000, 0.0000, 0.0000, 0.0000,
        0.0000, 0.0000, 0.0000, 0.0000, 0.0000, 0.0000, 0.0000, 0.0000, 0.0000,
        0.0000, 0.0000, 0.0000, 0.0000, 0.0000, 0.0000, 0.0000, 0.0000, 0.0308,
        0.0000, 0.7500, 0.0507, 0.0000, 0.0000, 0.0000, 0.0000])
tensor([0.0000, 0.0000, 0.3507, 0.0000, 0.0000, 0.0000, 0.0000, 0.0000, 0.0000,
        0.0000, 0.0000, 0.0000, 0.7913, 0.0097, 0.0000, 0.0000, 0.0000, 0.9167,
        0.0000, 0.0000, 0.0000, 0.0000, 0.0000, 0.0000, 0.0000, 0.0000, 0.0000,
        0.0000, 0.0000, 0.0000, 0.0000, 0.0000, 0.0000, 0.0000, 0.0000, 0.7949,
        0.0000, 0.0000, 0.0362, 0.0000, 0.0000, 0.0000, 0.0000])
tensor([0.0000, 0.0000, 0.4680, 0.0000, 0.3652, 0.0032, 0.0000, 0.0000, 0.0000,
        0.0000, 0.1167, 0.0429, 0.8768, 0.2333, 0.0000, 0.0000, 0.0000, 0.9083,
        0.0000, 0.0000, 0.0000, 0.0000, 0.0000, 0.0000, 0.0000, 0.0000, 0.0000,
        0.0000, 0.0000, 0.0000, 0.0000, 0.0000, 0.0000, 0.0000, 0.0000, 0.2949,
        0.0000, 0.0000, 0.7420, 0.0000, 0.0000, 0.0000, 0.0000])
tensor([0.0000, 0.0139, 0.2493, 0.0289, 0.2091, 0.0063, 0.0000, 0.0000, 0.0000,
        0.0104, 0.6667, 0.1024, 0.7928, 0.6167, 0.5407, 0.0905, 0.0000, 0.6667,
        0.0103, 0.0000, 0.0000, 0.0000, 0.0000, 0.0000, 0.0000, 0.0188, 0.0000,
        0.0000, 0.0000, 0.0111, 0.0000, 0.0000, 0.0000, 0.0000, 0.0000, 0.0000,
        0.0000, 0.0000, 0.9072, 0.0000, 0.0000, 0.0000, 0.0000])
tensor([0.0000, 0.0306, 0.2973, 0.0733, 0.3455, 0.0381, 0.0000, 0.0000, 0.2178,
        0.1187, 0.5439, 0.3262, 0.8435, 0.7931, 0.5815, 0.0667, 0.0000, 0.8111,
        0.6179, 0.0000, 0.0000, 0.0000, 0.0000, 0.0000, 0.0000, 0.0125, 0.0000,
        0.0000, 0.0000, 0.0000, 0.0000, 0.0000, 0.0000, 0.0000, 0.0000, 0.0667,
        0.0000, 0.0000, 0.9638, 0.0000, 0.0000, 0.0000, 0.0000])
tensor([0.0000, 0.3917, 0.0867, 0.0178, 0.3455, 0.0460, 0.0000, 0.0000, 0.2556,
        0.1083, 0.8061, 0.5333, 0.8159, 0.8403, 0.5667, 0.0238, 0.0000, 0.7194,
        0.4462, 0.0000, 0.0000, 0.0000, 0.0000, 0.0000, 0.0000, 0.1833, 0.0000,
        0.0000, 0.0133, 0.0000, 0.0000, 0.0000, 0.0000, 0.0000, 0.0000, 0.1077,
        0.0000, 0.0000, 0.8725, 0.0000, 0.0000, 0.0000, 0.0000])
tensor([0.0000, 0.3944, 0.1187, 0.0000, 0.2455, 0.0302, 0.0000, 0.0000, 0.2533,
        0.0646, 0.7455, 0.3667, 0.7667, 0.8694, 0.6741, 0.0000, 0.0000, 0.6111,
        0.5795, 0.0000, 0.0000, 0.0000, 0.0000, 0.0000, 0.0000, 0.1125, 0.0000,
        0.0000, 0.0000, 0.0000, 0.0000, 0.0000, 0.0000, 0.0000, 0.0000, 0.2282,
        0.0000, 0.0000, 0.8565, 0.0000, 0.0000, 0.0000, 0.0222])
tensor([0.0000, 0.5972, 0.1067, 0.0000, 0.1303, 0.0175, 0.0000, 0.0000, 0.2378,
        0.2688, 0.7545, 0.5357, 0.8159, 0.8792, 0.7963, 0.0000, 0.0000, 0.5472,
        0.6103, 0.0000, 0.0000, 0.0000, 0.0000, 0.0000, 0.0000, 0.0312, 0.0000,
        0.0000, 0.0000, 0.0000, 0.0000, 0.0000, 0.0000, 0.0000, 0.0000, 0.2923,
        0.0000, 0.0000, 0.8333, 0.0000, 0.0000, 0.0000, 0.0000])
tensor([0.0000, 0.6903, 0.0920, 0.0067, 0.0864, 0.0587, 0.0000, 0.0978, 0.2289,
        0.4229, 0.7606, 0.6595, 0.8406, 0.9208, 0.7741, 0.0190, 0.0000, 0.7000,
        0.5949, 0.0000, 0.0000, 0.0000, 0.0000, 0.0000, 0.0000, 0.2062, 0.0000,
        0.0000, 0.0000, 0.0000, 0.0000, 0.0000, 0.0000, 0.0000, 0.0000, 0.6308,
        0.0000, 0.0000, 0.7130, 0.0000, 0.0000, 0.0000, 0.0000])
tensor([0.0000, 0.6514, 0.0760, 0.0378, 0.0758, 0.0508, 0.0000, 0.0933, 0.3000,
        0.4812, 0.7515, 0.6810, 0.8246, 0.9153, 0.7481, 0.0857, 0.0000, 0.7667,
        0.6103, 0.0000, 0.0000, 0.0000, 0.0000, 0.0000, 0.0000, 0.2646, 0.0000,
        0.0000, 0.0000, 0.0000, 0.0000, 0.0000, 0.0000, 0.0000, 0.0000, 0.5718,
        0.0000, 0.0000, 0.8333, 0.0000, 0.0000, 0.0333, 0.0000])
tensor([0.0000, 0.6153, 0.0773, 0.0667, 0.1106, 0.0508, 0.0000, 0.1089, 0.2822,
        0.5292, 0.7197, 0.6190, 0.8217, 0.9181, 0.7704, 0.2000, 0.0933, 0.7944,
        0.6846, 0.0000, 0.0000, 0.0000, 0.0417, 0.0000, 0.0000, 0.3333, 0.0000,
        0.0000, 0.0000, 0.0000, 0.0000, 0.0000, 0.0000, 0.0000, 0.0000, 0.6308,
        0.0000, 0.0000, 0.9029, 0.0000, 0.0000, 0.1000, 0.0000])
tensor([0.0333, 0.5556, 0.1800, 0.0933, 0.1227, 0.0333, 0.0000, 0.0356, 0.2689,
        0.6021, 0.6697, 0.5643, 0.8246, 0.9042, 0.8259, 0.2810, 0.3867, 0.8361,
        0.7205, 0.0000, 0.0000, 0.0000, 0.0583, 0.0000, 0.0000, 0.3854, 0.0667,
        0.0000, 0.0067, 0.0000, 0.0000, 0.0000, 0.0000, 0.0000, 0.0000, 0.8462,
        0.0000, 0.0000, 0.9493, 0.0000, 0.0000, 0.1500, 0.0000])
tensor([0.0333, 0.5958, 0.1867, 0.1178, 0.1576, 0.0381, 0.0000, 0.0511, 0.2844,
        0.6292, 0.6652, 0.5214, 0.8304, 0.9069, 0.8778, 0.3762, 0.5333, 0.8500,
        0.7205, 0.0000, 0.0000, 0.0111, 0.3667, 0.0067, 0.0000, 0.5104, 0.2500,
        0.0000, 0.1133, 0.0111, 0.0000, 0.1000, 0.0000, 0.0571, 0.0000, 0.8103,
        0.0000, 0.0000, 0.9696, 0.0333, 0.0000, 0.2000, 0.0667])
tensor([0.0333, 0.6389, 0.2347, 0.1800, 0.1955, 0.0381, 0.0000, 0.0489, 0.2356,
        0.6667, 0.6864, 0.5643, 0.8435, 0.9014, 0.8889, 0.3143, 0.6600, 0.8639,
        0.6974, 0.0000, 0.0000, 0.0222, 0.5833, 0.1867, 0.0000, 0.7229, 0.3056,
        0.0000, 0.4267, 0.0111, 0.0067, 0.2741, 0.0000, 0.1286, 0.3500, 0.7667,
        0.0000, 0.0333, 0.9667, 0.5889, 0.0000, 0.3333, 0.1556])
tensor([0.0333, 0.6000, 0.3733, 0.2911, 0.2348, 0.0619, 0.0600, 0.1000, 0.2956,
        0.6812, 0.7000, 0.5833, 0.8391, 0.8917, 0.9148, 0.3619, 0.7800, 0.8944,
        0.6718, 0.0000, 0.0000, 0.0444, 0.9000, 0.3133, 0.0000, 0.7333, 0.3778,
        0.0500, 0.5467, 0.0222, 0.0333, 0.4815, 0.0000, 0.1524, 0.6167, 0.7462,
        0.2417, 0.2833, 0.9565, 0.6444, 0.0111, 0.5000, 0.3667])
tensor([0.0500, 0.5861, 0.4400, 0.4378, 0.2500, 0.0921, 0.1667, 0.0822, 0.3178,
        0.7021, 0.7030, 0.6071, 0.8377, 0.8819, 0.9222, 0.3238, 0.8067, 0.9028,
        0.6487, 0.0000, 0.0000, 0.0667, 0.9167, 0.3533, 0.0111, 0.7396, 0.3222,
        0.1833, 0.5867, 0.0667, 0.0467, 0.5704, 0.0000, 0.2000, 0.6000, 0.7821,
        0.7333, 0.5833, 0.9478, 0.6333, 0.0333, 0.7500, 0.4333])
tensor([0.0167, 0.6056, 0.5200, 0.5400, 0.2712, 0.1683, 0.2800, 0.1289, 0.3956,
        0.7104, 0.7545, 0.6429, 0.8159, 0.8819, 0.9519, 0.4333, 0.8667, 0.9194,
        0.6462, 0.0000, 0.0000, 0.0778, 0.9083, 0.3600, 0.0333, 0.8021, 0.3778,
        0.2000, 0.6867, 0.0444, 0.1067, 0.6630, 0.0000, 0.2048, 0.6500, 0.8692,
        0.7500, 0.6000, 0.9551, 0.6222, 0.3667, 0.8333, 0.5333])
tensor([0.0333, 0.5958, 0.6187, 0.5422, 0.3500, 0.2190, 0.1533, 0.1400, 0.3378,
        0.7146, 0.7833, 0.6952, 0.7522, 0.8764, 0.9556, 0.6048, 0.8333, 0.9139,
        0.6487, 0.0000, 0.0000, 0.0556, 0.9083, 0.3467, 0.0889, 0.8667, 0.4611,
        0.1667, 0.6933, 0.0333, 0.0400, 0.6852, 0.0000, 0.1667, 0.5167, 0.9436,
        0.7250, 0.5167, 0.9594, 0.6667, 0.3556, 0.7333, 0.4889])
tensor([0.0000, 0.5708, 0.6840, 0.5733, 0.3652, 0.2603, 0.0600, 0.2200, 0.3044,
        0.7125, 0.7833, 0.7071, 0.7304, 0.8750, 0.9741, 0.7143, 0.8400, 0.8917,
        0.6769, 0.0000, 0.0444, 0.0333, 0.9083, 0.4000, 0.0333, 0.8583, 0.3889,
        0.1667, 0.7000, 0.0556, 0.0133, 0.6704, 0.0000, 0.1810, 0.5250, 0.9692,
        0.7667, 0.3833, 0.9696, 0.5778, 0.3889, 0.7833, 0.4222])
tensor([0.0000, 0.5250, 0.6547, 0.6667, 0.4348, 0.4143, 0.2133, 0.4156, 0.3622,
        0.7417, 0.8318, 0.7571, 0.7580, 0.9083, 0.9926, 0.8476, 0.8467, 0.8722,
        0.7026, 0.0000, 0.0778, 0.0222, 0.9167, 0.4267, 0.0556, 0.8583, 0.2722,
        0.1833, 0.7067, 0.0667, 0.0333, 0.7222, 0.0000, 0.1905, 0.5833, 0.9744,
        0.7750, 0.6333, 0.9623, 0.6000, 0.1222, 0.7333, 0.5889])
tensor([0.0000, 0.6444, 0.6480, 0.7600, 0.4773, 0.4825, 0.4067, 0.5378, 0.4156,
        0.7792, 0.8652, 0.7833, 0.8435, 0.9264, 0.9926, 0.9333, 0.9000, 0.9056,
        0.7000, 0.0833, 0.1667, 0.2222, 0.9250, 0.4133, 0.0778, 0.8479, 0.2000,
        0.1833, 0.7067, 0.0889, 0.1467, 0.7556, 0.0000, 0.5429, 0.8583, 0.9128,
        0.7917, 0.7167, 0.9536, 0.6667, 0.2333, 0.7833, 0.7556])
tensor([0.0000, 0.6903, 0.5560, 0.8267, 0.5561, 0.5540, 0.4733, 0.6289, 0.3889,
        0.7917, 0.9000, 0.7619, 0.8928, 0.9306, 0.9852, 0.9381, 0.9067, 0.8833,
        0.6897, 0.4167, 0.3667, 0.3444, 0.9000, 0.3400, 0.1444, 0.8313, 0.1500,
        0.1167, 0.6867, 0.0444, 0.3600, 0.7481, 0.0833, 0.8714, 0.9167, 0.7487,
        0.7083, 0.7000, 0.9667, 0.5889, 0.1889, 0.8500, 0.7556])
tensor([0.0000, 0.6556, 0.5480, 0.8444, 0.5030, 0.6460, 0.5000, 0.6711, 0.4956,
        0.8438, 0.9136, 0.7310, 0.8884, 0.9347, 0.9667, 0.9333, 0.9200, 0.9000,
        0.6949, 0.4000, 0.3556, 0.4444, 0.9000, 0.4467, 0.1667, 0.8271, 0.1611,
        0.2833, 0.6667, 0.0444, 0.4400, 0.7926, 0.1167, 0.9429, 0.9417, 0.6821,
        0.6833, 0.7333, 0.9536, 0.5556, 0.5000, 0.8167, 0.7889])
tensor([0.0000, 0.7056, 0.6000, 0.8089, 0.5788, 0.6540, 0.5067, 0.7000, 0.5178,
        0.8542, 0.9182, 0.7500, 0.8870, 0.9431, 0.9778, 0.9429, 0.9133, 0.9028,
        0.7000, 0.3333, 0.3556, 0.5333, 0.9083, 0.5267, 0.2111, 0.9021, 0.1944,
        0.2500, 0.6800, 0.0778, 0.3933, 0.8074, 0.2833, 0.9619, 0.9250, 0.6359,
        0.7000, 0.5000, 0.9623, 0.5444, 0.6889, 0.8000, 0.7778])
tensor([0.0000, 0.6986, 0.6160, 0.7822, 0.6015, 0.6937, 0.5267, 0.7333, 0.6022,
        0.8979, 0.9273, 0.7476, 0.8739, 0.9486, 0.9852, 0.9476, 0.9200, 0.9028,
        0.6872, 0.3000, 0.5444, 0.5111, 0.9250, 0.5333, 0.2000, 0.9187, 0.2889,
        0.3000, 0.7067, 0.0667, 0.3067, 0.8259, 0.3333, 0.9571, 0.9333, 0.6615,
        0.7417, 0.7000, 0.9551, 0.5556, 0.6667, 0.7500, 0.8000])
tensor([0.0000, 0.7250, 0.6747, 0.7422, 0.6985, 0.7143, 0.5533, 0.7600, 0.5156,
        0.9271, 0.9409, 0.7381, 0.8710, 0.9583, 0.9889, 0.9571, 0.9000, 0.9250,
        0.7000, 0.2167, 0.5222, 0.6111, 0.9250, 0.5733, 0.1556, 0.9375, 0.2889,
        0.3000, 0.7133, 0.1000, 0.3200, 0.8556, 0.4833, 0.9381, 0.9083, 0.7026,
        0.7333, 0.6500, 0.9478, 0.5556, 0.6556, 0.7500, 0.7889])
tensor([0.0000, 0.7222, 0.6480, 0.7333, 0.7273, 0.7508, 0.6200, 0.8000, 0.5756,
        0.9229, 0.9424, 0.7238, 0.8768, 0.9611, 0.9852, 0.9714, 0.9000, 0.9222,
        0.7077, 0.3167, 0.4889, 0.7000, 0.9167, 0.5333, 0.2333, 0.9396, 0.3500,
        0.3000, 0.7267, 0.1000, 0.3533, 0.8704, 0.5500, 0.9143, 0.9333, 0.7154,
        0.7667, 0.6500, 0.9377, 0.5667, 0.6667, 0.7500, 0.8111])
tensor([0.0000, 0.7542, 0.6880, 0.7822, 0.7909, 0.7381, 0.5933, 0.8222, 0.5889,
        0.9521, 0.9515, 0.7548, 0.8667, 0.9611, 0.9852, 0.9857, 0.9000, 0.9444,
        0.7205, 0.3333, 0.4333, 0.6222, 0.9167, 0.5333, 0.2778, 0.9417, 0.4389,
        0.2333, 0.7733, 0.0889, 0.3733, 0.8667, 0.5667, 0.9286, 0.9500, 0.7385,
        0.8000, 0.7167, 0.9464, 0.5778, 0.6778, 0.7500, 0.8222])
tensor([0.0000, 0.7556, 0.6893, 0.8156, 0.8318, 0.7587, 0.6600, 0.8467, 0.5689,
        0.9438, 0.9424, 0.7524, 0.8739, 0.9639, 0.9852, 0.9857, 0.9133, 0.9444,
        0.7410, 0.2833, 0.5778, 0.5000, 0.8917, 0.5400, 0.2333, 0.9396, 0.4278,
        0.2333, 0.7333, 0.0889, 0.3467, 0.8926, 0.5500, 0.9286, 0.9583, 0.7179,
        0.8000, 0.7000, 0.9406, 0.5667, 0.6778, 0.7500, 0.8222])
tensor([0.0000, 0.7764, 0.7000, 0.8311, 0.8500, 0.7587, 0.6600, 0.8556, 0.6222,
        0.9542, 0.9455, 0.7762, 0.8681, 0.9653, 0.9889, 0.9857, 0.9067, 0.9500,
        0.7513, 0.3500, 0.6111, 0.4667, 0.8917, 0.5600, 0.1889, 0.9438, 0.3778,
        0.2333, 0.7867, 0.0889, 0.3667, 0.9000, 0.7667, 0.9381, 0.9500, 0.7538,
        0.8083, 0.7833, 0.9435, 0.5556, 0.6556, 0.7500, 0.8222])
tensor([0.0000, 0.8000, 0.7360, 0.8511, 0.8606, 0.7778, 0.6933, 0.8200, 0.7422,
        0.9354, 0.9455, 0.8190, 0.8754, 0.9583, 0.9889, 0.9857, 0.9200, 0.9500,
        0.7564, 0.3667, 0.5778, 0.5444, 0.8917, 0.5600, 0.2000, 0.9458, 0.4222,
        0.2833, 0.7400, 0.1667, 0.3733, 0.8963, 0.7333, 0.9333, 0.9583, 0.7667,
        0.8083, 0.7833, 0.9580, 0.5667, 0.6889, 0.7500, 0.8333])
tensor([0.0000, 0.8125, 0.7227, 0.8911, 0.8621, 0.8016, 0.7000, 0.8022, 0.8267,
        0.9604, 0.9515, 0.8262, 0.8841, 0.9625, 0.9889, 0.9857, 0.9267, 0.9472,
        0.7564, 0.4167, 0.5222, 0.4667, 0.8917, 0.6000, 0.1667, 0.9479, 0.4389,
        0.2833, 0.7800, 0.1556, 0.4467, 0.9000, 0.8333, 0.9333, 0.9583, 0.7872,
        0.8083, 0.7833, 0.9507, 0.5667, 0.7111, 0.7500, 0.8333])
tensor([0.0000, 0.8222, 0.7347, 0.8778, 0.8636, 0.8000, 0.7133, 0.8089, 0.8511,
        0.9625, 0.9485, 0.8190, 0.8739, 0.9639, 0.9852, 0.9857, 0.9333, 0.9528,
        0.7692, 0.4000, 0.5556, 0.3889, 0.8333, 0.6667, 0.1778, 0.9521, 0.4667,
        0.2000, 0.7600, 0.1556, 0.3800, 0.9074, 0.8333, 0.9286, 0.9750, 0.7949,
        0.8333, 0.8333, 0.9609, 0.5667, 0.7111, 0.7500, 0.8333])
tensor([0.0000, 0.8431, 0.7733, 0.8911, 0.8727, 0.8048, 0.7667, 0.7822, 0.8178,
        0.9625, 0.9515, 0.8452, 0.8812, 0.9694, 0.9889, 0.9857, 0.9333, 0.9583,
        0.7538, 0.4000, 0.5222, 0.4333, 0.8833, 0.6533, 0.1444, 0.9604, 0.5111,
        0.2000, 0.7600, 0.1667, 0.4667, 0.9111, 0.8833, 0.9286, 0.9667, 0.8051,
        0.8167, 0.8333, 0.9609, 0.5667, 0.6222, 0.7667, 0.8333])
tensor([0.0000, 0.8472, 0.7640, 0.8956, 0.8773, 0.8222, 0.7600, 0.7800, 0.8467,
        0.9688, 0.9561, 0.8524, 0.8942, 0.9722, 0.9889, 0.9857, 0.9400, 0.9694,
        0.7590, 0.3500, 0.5444, 0.3333, 0.8667, 0.7267, 0.1444, 0.9646, 0.5722,
        0.1833, 0.7400, 0.3111, 0.4800, 0.9111, 0.9500, 0.9143, 0.9667, 0.8282,
        0.8167, 0.8167, 0.9638, 0.5667, 0.7222, 0.7667, 0.8333])
tensor([0.0000, 0.8597, 0.8227, 0.8956, 0.8697, 0.8190, 0.7667, 0.7956, 0.8644,
        0.9583, 0.9591, 0.8690, 0.8841, 0.9667, 0.9889, 0.9857, 0.9400, 0.9639,
        0.7590, 0.4667, 0.5333, 0.3667, 0.8750, 0.7467, 0.1667, 0.9563, 0.5778,
        0.3167, 0.7867, 0.1556, 0.5200, 0.9222, 0.9667, 0.9190, 0.9667, 0.8282,
        0.8250, 0.8667, 0.9681, 0.5667, 0.6667, 0.7667, 0.8333])
tensor([0.0000, 0.8514, 0.8013, 0.9133, 0.8955, 0.8460, 0.7800, 0.7667, 0.8689,
        0.9583, 0.9606, 0.8762, 0.9000, 0.9708, 0.9889, 0.9857, 0.9400, 0.9639,
        0.7308, 0.4333, 0.7222, 0.5000, 0.8833, 0.8000, 0.1000, 0.9625, 0.6111,
        0.3500, 0.7667, 0.2222, 0.4400, 0.9259, 0.9833, 0.9095, 0.9667, 0.8308,
        0.8250, 0.8333, 0.9667, 0.5667, 0.7556, 0.7833, 0.8333])
tensor([0.0000, 0.8917, 0.8333, 0.9000, 0.8803, 0.8397, 0.7800, 0.7933, 0.8556,
        0.9729, 0.9652, 0.8690, 0.8942, 0.9722, 0.9889, 0.9857, 0.9533, 0.9694,
        0.7359, 0.2833, 0.5444, 0.4556, 0.8500, 0.8067, 0.1333, 0.9625, 0.6222,
        0.3000, 0.7867, 0.3556, 0.5600, 0.9259, 0.9833, 0.9286, 0.9667, 0.8538,
        0.8250, 0.8667, 0.9681, 0.5556, 0.6222, 0.7833, 0.8333])
tensor([0.0167, 0.8708, 0.8333, 0.9156, 0.8924, 0.8429, 0.7667, 0.7911, 0.9000,
        0.9771, 0.9652, 0.8738, 0.8928, 0.9708, 0.9926, 0.9857, 0.9533, 0.9667,
        0.7256, 0.3333, 0.7444, 0.4889, 0.8833, 0.8933, 0.1444, 0.9667, 0.6278,
        0.3167, 0.7933, 0.2778, 0.4067, 0.9185, 0.9833, 0.9095, 0.9750, 0.8769,
        0.8417, 0.8500, 0.9609, 0.5778, 0.8111, 0.7833, 0.8333])
tensor([0.0167, 0.8958, 0.8440, 0.9044, 0.8970, 0.8540, 0.7933, 0.7867, 0.8956,
        0.9583, 0.9667, 0.8952, 0.8870, 0.9722, 0.9889, 0.9857, 0.9467, 0.9667,
        0.7128, 0.4000, 0.6889, 0.5000, 0.8500, 0.8733, 0.1111, 0.9667, 0.6944,
        0.3333, 0.7600, 0.3778, 0.4467, 0.9259, 1.0000, 0.9286, 0.9667, 0.8821,
        0.8417, 0.9000, 0.9652, 0.6000, 0.7222, 0.7833, 0.8333])
tensor([0.0167, 0.8931, 0.8693, 0.8956, 0.9076, 0.8540, 0.8067, 0.8400, 0.8733,
        0.9542, 0.9712, 0.8857, 0.9043, 0.9694, 0.9889, 0.9857, 0.9533, 0.9667,
        0.6949, 0.6667, 0.6778, 0.4667, 0.8667, 0.8600, 0.0667, 0.9625, 0.7056,
        0.3000, 0.7733, 0.4000, 0.4533, 0.9222, 1.0000, 0.9286, 0.9667, 0.8821,
        0.8417, 0.8667, 0.9667, 0.6667, 0.7778, 0.8167, 0.8444])
tensor([0.0167, 0.8889, 0.8653, 0.9133, 0.9091, 0.8587, 0.8067, 0.8289, 0.8756,
        0.9479, 0.9667, 0.8905, 0.8884, 0.9708, 0.9926, 0.9857, 0.9533, 0.9639,
        0.6795, 0.6500, 0.7444, 0.4667, 0.8667, 0.8533, 0.0778, 0.9542, 0.7667,
        0.3333, 0.7733, 0.4000, 0.5200, 0.9222, 1.0000, 0.9238, 0.9583, 0.8744,
        0.8417, 0.8833, 0.9609, 0.6333, 0.7556, 0.8000, 0.8444])
tensor([0.0167, 0.8847, 0.8600, 0.8933, 0.9136, 0.8730, 0.8000, 0.8444, 0.8778,
        0.9458, 0.9652, 0.9000, 0.9014, 0.9694, 0.9926, 0.9857, 0.9533, 0.9694,
        0.6923, 0.6833, 0.7444, 0.4556, 0.8583, 0.9000, 0.1222, 0.9500, 0.7611,
        0.2833, 0.7600, 0.5222, 0.3533, 0.9111, 1.0000, 0.9238, 0.9750, 0.8974,
        0.8667, 0.9500, 0.9623, 0.7111, 0.7667, 0.8167, 0.8444])
tensor([0.0167, 0.9056, 0.8893, 0.8978, 0.9136, 0.8587, 0.8133, 0.8422, 0.8911,
        0.9417, 0.9682, 0.9143, 0.8986, 0.9736, 0.9926, 0.9762, 0.9600, 0.9667,
        0.7000, 0.6833, 0.7778, 0.5333, 0.8750, 0.8667, 0.0889, 0.9583, 0.7333,
        0.3667, 0.8000, 0.4667, 0.4333, 0.9296, 1.0000, 0.9381, 0.9667, 0.9000,
        0.8500, 0.9500, 0.9565, 0.7000, 0.7667, 0.8167, 0.8333])
tensor([0.0167, 0.8833, 0.8880, 0.8978, 0.9167, 0.8921, 0.8000, 0.8444, 0.9000,
        0.9417, 0.9667, 0.9048, 0.9087, 0.9708, 0.9926, 0.9762, 0.9667, 0.9444,
        0.6564, 0.7000, 0.7778, 0.4444, 0.8750, 0.8800, 0.1444, 0.9521, 0.8278,
        0.4000, 0.7600, 0.5556, 0.4733, 0.9148, 1.0000, 0.9238, 0.9667, 0.9000,
        0.8583, 0.9333, 0.9507, 0.7000, 0.7667, 0.8500, 0.8444])
tensor([0.0167, 0.9125, 0.8787, 0.8756, 0.9182, 0.8841, 0.8400, 0.8689, 0.8844,
        0.9312, 0.9667, 0.9238, 0.9130, 0.9694, 0.9852, 0.9714, 0.9467, 0.9500,
        0.6564, 0.7667, 0.7667, 0.5000, 0.8583, 0.8733, 0.0889, 0.9542, 0.8611,
        0.2500, 0.7467, 0.4778, 0.4000, 0.8963, 1.0000, 0.9095, 0.9583, 0.9154,
        0.8667, 0.8833, 0.9652, 0.7889, 0.7667, 0.8167, 0.8444])
tensor([0.0167, 0.8889, 0.8907, 0.8822, 0.9273, 0.8905, 0.8467, 0.8400, 0.9000,
        0.9271, 0.9636, 0.9143, 0.9087, 0.9681, 0.9926, 0.9714, 0.9667, 0.9639,
        0.6103, 0.7167, 0.7667, 0.5000, 0.9083, 0.9000, 0.1333, 0.9583, 0.8778,
        0.2833, 0.7933, 0.5111, 0.3467, 0.9037, 1.0000, 0.9143, 0.9583, 0.9154,
        0.8500, 0.9500, 0.9710, 0.8000, 0.7778, 0.8333, 0.8444])
tensor([0.0333, 0.9069, 0.8813, 0.8778, 0.9273, 0.8714, 0.8467, 0.8378, 0.9089,
        0.9250, 0.9636, 0.9214, 0.9188, 0.9681, 0.9852, 0.9619, 0.9667, 0.9333,
        0.6103, 0.7167, 0.8556, 0.4889, 0.8750, 0.8867, 0.1778, 0.9479, 0.8722,
        0.3000, 0.7400, 0.5333, 0.4333, 0.9259, 1.0000, 0.9048, 0.9583, 0.9128,
        0.8750, 0.9500, 0.9652, 0.8000, 0.8000, 0.8500, 0.8444])
tensor([0.0500, 0.9139, 0.8933, 0.8978, 0.9212, 0.9000, 0.8333, 0.8644, 0.8689,
        0.9354, 0.9697, 0.9524, 0.9217, 0.9764, 0.9926, 0.9762, 0.9533, 0.9500,
        0.6205, 0.6833, 0.8444, 0.4667, 0.9000, 0.8800, 0.1111, 0.9604, 0.8722,
        0.3667, 0.8000, 0.5889, 0.3800, 0.9370, 1.0000, 0.9333, 0.9500, 0.8923,
        0.8667, 0.9667, 0.9536, 0.6333, 0.7556, 0.8167, 0.8444])
tensor([0.0333, 0.9139, 0.8880, 0.9022, 0.9182, 0.9000, 0.8333, 0.8467, 0.8844,
        0.9479, 0.9788, 0.9524, 0.9116, 0.9764, 0.9926, 0.9714, 0.9667, 0.9611,
        0.6103, 0.6833, 0.7778, 0.5778, 0.8917, 0.8800, 0.1556, 0.9583, 0.8833,
        0.3333, 0.8067, 0.7000, 0.4800, 0.9481, 1.0000, 0.9190, 0.9583, 0.8923,
        0.8667, 0.9333, 0.9507, 0.5556, 0.7667, 0.7833, 0.8444])
tensor([0.0167, 0.9319, 0.8933, 0.8867, 0.9167, 0.9175, 0.8333, 0.8578, 0.8778,
        0.9563, 0.9788, 0.9524, 0.9159, 0.9764, 0.9926, 0.9667, 0.9667, 0.9611,
        0.6359, 0.7667, 0.8000, 0.5778, 0.9167, 0.8533, 0.1667, 0.9625, 0.8667,
        0.4000, 0.8133, 0.6000, 0.4467, 0.9444, 1.0000, 0.9429, 0.9583, 0.8821,
        0.8667, 0.9500, 0.9507, 0.6556, 0.7333, 0.7833, 0.8444])
tensor([0.0333, 0.9250, 0.8867, 0.9067, 0.9136, 0.9000, 0.8200, 0.8733, 0.8778,
        0.9542, 0.9788, 0.9619, 0.9232, 0.9764, 0.9926, 0.9762, 0.9733, 0.9611,
        0.6282, 0.7667, 0.7778, 0.4333, 0.9167, 0.8400, 0.2111, 0.9542, 0.8667,
        0.3833, 0.8133, 0.6556, 0.5267, 0.9519, 1.0000, 0.9286, 0.9500, 0.8923,
        0.8750, 0.9167, 0.9522, 0.5556, 0.7667, 0.7167, 0.8222])
tensor([0.0667, 0.9292, 0.9080, 0.9089, 0.9045, 0.9270, 0.8333, 0.8622, 0.8933,
        0.9583, 0.9788, 0.9595, 0.9275, 0.9764, 0.9926, 0.9810, 0.9733, 0.9611,
        0.5872, 0.8333, 0.8111, 0.4222, 0.9167, 0.8267, 0.2556, 0.9563, 0.8889,
        0.3000, 0.8400, 0.5889, 0.5000, 0.9481, 1.0000, 0.9476, 0.9750, 0.8949,
        0.8917, 0.9500, 0.9507, 0.7222, 0.7667, 0.7833, 0.8444])
tensor([0.1000, 0.9319, 0.9200, 0.9133, 0.9076, 0.9206, 0.8333, 0.8733, 0.8822,
        0.9604, 0.9773, 0.9595, 0.9246, 0.9750, 0.9926, 0.9810, 0.9733, 0.9500,
        0.6103, 0.7833, 0.8333, 0.4444, 0.9083, 0.8867, 0.3111, 0.9479, 0.8778,
        0.4333, 0.8467, 0.6000, 0.5200, 0.9407, 1.0000, 0.9476, 0.9667, 0.9077,
        0.8750, 0.9500, 0.9507, 0.7556, 0.7778, 0.7833, 0.8444])
tensor([0.1333, 0.9194, 0.9293, 0.9111, 0.9030, 0.9270, 0.8333, 0.8844, 0.8956,
        0.9667, 0.9742, 0.9619, 0.9348, 0.9750, 0.9926, 0.9857, 0.9800, 0.9500,
        0.6538, 0.7833, 0.8333, 0.4444, 0.9167, 0.8800, 0.2444, 0.9542, 0.8611,
        0.4333, 0.8533, 0.6000, 0.5667, 0.9407, 1.0000, 0.9476, 0.9750, 0.9205,
        0.8750, 0.9500, 0.9536, 0.7778, 0.8000, 0.7833, 0.8444])
tensor([0.1000, 0.9125, 0.9267, 0.9089, 0.9106, 0.9270, 0.8333, 0.8489, 0.9089,
        0.9583, 0.9803, 0.9619, 0.9304, 0.9736, 0.9926, 0.9905, 0.9800, 0.9472,
        0.6282, 0.8833, 0.8111, 0.4667, 0.9167, 0.8600, 0.3778, 0.9479, 0.8889,
        0.3667, 0.8600, 0.6111, 0.5867, 0.9444, 1.0000, 0.9524, 0.9583, 0.9205,
        0.9000, 0.9667, 0.9536, 0.7889, 0.7889, 0.8000, 0.8444])
tensor([0.1000, 0.9333, 0.9253, 0.9022, 0.9061, 0.9159, 0.8333, 0.8711, 0.9111,
        0.9708, 0.9758, 0.9476, 0.9275, 0.9736, 0.9926, 0.9905, 0.9800, 0.9583,
        0.6385, 0.8167, 0.8444, 0.4000, 0.9167, 0.9000, 0.3778, 0.9500, 0.8944,
        0.3833, 0.8733, 0.5556, 0.5267, 0.9556, 0.9500, 0.9524, 0.9667, 0.9308,
        0.9000, 0.9500, 0.9464, 0.8000, 0.8333, 0.7833, 0.8444])
tensor([0.1667, 0.9306, 0.9293, 0.9356, 0.8924, 0.9270, 0.8333, 0.8822, 0.8978,
        0.9667, 0.9803, 0.9571, 0.9362, 0.9764, 0.9963, 0.9952, 0.9800, 0.9417,
        0.6487, 0.8167, 0.8222, 0.4222, 0.9417, 0.8800, 0.3333, 0.9521, 0.8889,
        0.4000, 0.8533, 0.6222, 0.6267, 0.9556, 1.0000, 0.9571, 0.9583, 0.9051,
        0.8917, 0.9667, 0.9507, 0.7889, 0.7889, 0.8000, 0.8444])
tensor([0.1500, 0.9347, 0.9293, 0.9089, 0.9091, 0.9095, 0.8067, 0.8711, 0.9089,
        0.9708, 0.9727, 0.9571, 0.9304, 0.9736, 0.9926, 0.9905, 0.9800, 0.9500,
        0.6667, 0.8667, 0.8444, 0.5222, 0.9417, 0.8867, 0.4667, 0.9458, 0.8889,
        0.4167, 0.8667, 0.5889, 0.5267, 0.9333, 1.0000, 0.9381, 0.9500, 0.9308,
        0.8917, 0.9667, 0.9623, 0.8333, 0.8444, 0.8167, 0.8444])
tensor([0.2167, 0.9292, 0.9293, 0.9333, 0.9091, 0.9143, 0.8200, 0.8644, 0.9289,
        0.9667, 0.9697, 0.9548, 0.9348, 0.9736, 0.9926, 0.9905, 0.9800, 0.9389,
        0.6795, 0.8500, 0.8444, 0.4222, 0.9417, 0.8867, 0.4111, 0.9479, 0.8889,
        0.4167, 0.8667, 0.6111, 0.5467, 0.9481, 1.0000, 0.9429, 0.9667, 0.9282,
        0.8750, 0.9667, 0.9623, 0.8222, 0.8111, 0.8333, 0.8444])
tensor([0.2000, 0.9333, 0.9320, 0.9244, 0.9030, 0.9175, 0.8267, 0.8667, 0.9267,
        0.9646, 0.9697, 0.9571, 0.9377, 0.9750, 0.9926, 0.9905, 0.9800, 0.9417,
        0.6385, 0.8500, 0.8667, 0.4333, 0.9500, 0.8800, 0.4667, 0.9521, 0.9000,
        0.3667, 0.8733, 0.5778, 0.6267, 0.9444, 1.0000, 0.9571, 0.9667, 0.9256,
        0.8750, 0.9667, 0.9609, 0.8000, 0.8111, 0.8167, 0.8333])
tensor([0.1500, 0.9319, 0.9347, 0.9289, 0.9091, 0.9095, 0.8200, 0.8889, 0.9089,
        0.9688, 0.9773, 0.9667, 0.9275, 0.9750, 0.9926, 0.9952, 0.9800, 0.9667,
        0.6846, 0.9000, 0.7889, 0.4556, 0.9250, 0.8800, 0.4222, 0.9479, 0.8833,
        0.4167, 0.8933, 0.5889, 0.5667, 0.9630, 0.9833, 0.9476, 0.9500, 0.9179,
        0.8833, 0.9667, 0.9536, 0.8111, 0.8444, 0.7667, 0.8444])
tensor([0.2333, 0.9278, 0.9373, 0.9444, 0.9061, 0.9159, 0.8067, 0.8778, 0.9156,
        0.9708, 0.9727, 0.9500, 0.9290, 0.9764, 0.9926, 0.9952, 0.9800, 0.9472,
        0.6667, 0.7833, 0.8556, 0.4556, 0.9417, 0.8933, 0.4889, 0.9521, 0.8889,
        0.4167, 0.8733, 0.6111, 0.6867, 0.9556, 1.0000, 0.9619, 0.9667, 0.9128,
        0.9083, 0.9667, 0.9522, 0.7667, 0.8333, 0.8000, 0.8444])
tensor([0.2000, 0.9375, 0.9347, 0.9267, 0.9091, 0.9127, 0.8267, 0.8644, 0.9222,
        0.9729, 0.9742, 0.9476, 0.9333, 0.9750, 0.9926, 0.9905, 0.9800, 0.9611,
        0.6795, 0.9000, 0.8111, 0.4333, 0.9417, 0.8867, 0.5222, 0.9521, 0.8944,
        0.4167, 0.9000, 0.6222, 0.6400, 0.9593, 1.0000, 0.9619, 0.9583, 0.9333,
        0.8833, 0.9667, 0.9667, 0.8000, 0.8333, 0.7833, 0.8444])
tensor([0.2167, 0.9333, 0.9480, 0.9444, 0.9136, 0.9222, 0.8333, 0.8622, 0.9289,
        0.9729, 0.9773, 0.9476, 0.9290, 0.9736, 0.9926, 0.9952, 0.9800, 0.9639,
        0.6667, 0.8833, 0.8111, 0.4778, 0.9417, 0.8867, 0.5667, 0.9438, 0.9000,
        0.4167, 0.8933, 0.6111, 0.6467, 0.9630, 0.9833, 0.9524, 0.9750, 0.9256,
        0.9167, 0.9667, 0.9580, 0.8333, 0.8111, 0.8000, 0.8444])
tensor([0.1667, 0.9319, 0.9360, 0.9244, 0.9197, 0.9175, 0.8400, 0.8622, 0.9356,
        0.9563, 0.9727, 0.9524, 0.9362, 0.9736, 0.9963, 0.9905, 0.9800, 0.9500,
        0.6692, 0.8833, 0.8222, 0.4667, 0.9417, 0.8867, 0.5667, 0.9479, 0.9000,
        0.4167, 0.8867, 0.6222, 0.5867, 0.9593, 0.9833, 0.9571, 0.9667, 0.9385,
        0.8833, 0.9667, 0.9623, 0.8333, 0.8000, 0.8500, 0.8444])
tensor([0.2667, 0.9319, 0.9520, 0.9467, 0.9030, 0.9159, 0.8333, 0.8844, 0.9156,
        0.9792, 0.9803, 0.9571, 0.9290, 0.9764, 0.9926, 0.9952, 0.9800, 0.9583,
        0.6436, 0.9333, 0.8556, 0.4556, 0.9333, 0.8733, 0.5333, 0.9458, 0.9000,
        0.4167, 0.8933, 0.5889, 0.6133, 0.9593, 1.0000, 0.9571, 0.9583, 0.9231,
        0.8750, 0.9667, 0.9609, 0.8111, 0.8222, 0.8000, 0.8444])
tensor([0.2667, 0.9389, 0.9520, 0.9378, 0.9030, 0.9095, 0.8267, 0.8622, 0.9244,
        0.9708, 0.9773, 0.9548, 0.9319, 0.9750, 0.9926, 0.9952, 0.9800, 0.9667,
        0.6949, 0.9667, 0.7889, 0.4556, 0.9417, 0.8800, 0.6111, 0.9479, 0.8889,
        0.4167, 0.9000, 0.6000, 0.6533, 0.9593, 1.0000, 0.9524, 0.9750, 0.9333,
        0.8750, 0.9667, 0.9652, 0.8444, 0.8222, 0.8000, 0.8444])
tensor([0.2500, 0.9347, 0.9520, 0.9311, 0.9167, 0.9159, 0.8267, 0.8689, 0.9400,
        0.9708, 0.9742, 0.9595, 0.9333, 0.9736, 0.9852, 0.9905, 0.9800, 0.9528,
        0.6846, 0.9333, 0.9111, 0.4778, 0.9417, 0.8933, 0.5889, 0.9417, 0.8944,
        0.4167, 0.8800, 0.5667, 0.6200, 0.9407, 0.9833, 0.9619, 0.9583, 0.9410,
        0.8750, 0.9667, 0.9696, 0.8444, 0.8111, 0.8167, 0.8444])
tensor([0.2833, 0.9389, 0.9533, 0.9467, 0.9167, 0.9317, 0.8333, 0.8578, 0.9244,
        0.9771, 0.9773, 0.9500, 0.9391, 0.9750, 0.9963, 0.9905, 0.9800, 0.9611,
        0.6923, 0.9833, 0.8333, 0.5000, 0.9417, 0.8733, 0.6222, 0.9479, 0.9000,
        0.4500, 0.8867, 0.7333, 0.6400, 0.9444, 1.0000, 0.9571, 0.9667, 0.9333,
        0.8917, 0.9667, 0.9609, 0.8444, 0.8000, 0.8000, 0.8444])
tensor([0.2667, 0.9417, 0.9520, 0.9422, 0.9091, 0.9175, 0.8333, 0.8778, 0.9311,
        0.9792, 0.9864, 0.9571, 0.9304, 0.9750, 0.9926, 0.9952, 0.9800, 0.9694,
        0.7205, 0.9000, 0.8444, 0.5000, 0.9417, 0.8867, 0.6111, 0.9458, 0.8833,
        0.4500, 0.8933, 0.6111, 0.6533, 0.9593, 0.9500, 0.9619, 0.9583, 0.9487,
        0.9000, 0.9667, 0.9623, 0.8333, 0.8111, 0.7833, 0.8556])
tensor([0.3000, 0.9347, 0.9520, 0.9467, 0.9106, 0.9175, 0.8333, 0.8956, 0.9289,
        0.9833, 0.9727, 0.9524, 0.9377, 0.9764, 0.9963, 0.9952, 0.9800, 0.9611,
        0.6821, 0.8667, 0.8778, 0.3667, 0.9417, 0.9333, 0.7111, 0.9479, 0.8944,
        0.4167, 0.8933, 0.6444, 0.6133, 0.9407, 1.0000, 0.9476, 0.9750, 0.9359,
        0.8833, 0.9667, 0.9623, 0.8333, 0.7889, 0.7667, 0.8444])
tensor([0.3333, 0.9417, 0.9507, 0.9378, 0.9076, 0.9190, 0.8200, 0.8822, 0.9333,
        0.9792, 0.9803, 0.9452, 0.9304, 0.9764, 0.9889, 0.9952, 0.9800, 0.9722,
        0.7256, 0.9500, 0.9000, 0.4778, 0.9417, 0.8800, 0.6333, 0.9521, 0.8778,
        0.4167, 0.8933, 0.5778, 0.6267, 0.9593, 1.0000, 0.9476, 0.9750, 0.9410,
        0.8833, 0.9667, 0.9623, 0.8556, 0.7556, 0.8333, 0.8556])
tensor([0.3000, 0.9361, 0.9507, 0.9422, 0.9212, 0.9127, 0.8133, 0.9022, 0.9311,
        0.9854, 0.9818, 0.9500, 0.9319, 0.9750, 0.9926, 0.9905, 0.9800, 0.9667,
        0.6949, 0.9167, 0.9000, 0.4333, 0.9417, 0.9000, 0.7444, 0.9458, 0.8889,
        0.4167, 0.8867, 0.6222, 0.6733, 0.9444, 1.0000, 0.9524, 0.9750, 0.9436,
        0.8833, 0.9667, 0.9623, 0.8556, 0.7889, 0.8333, 0.8556])
tensor([0.3667, 0.9472, 0.9467, 0.9444, 0.9061, 0.9206, 0.8200, 0.8933, 0.9333,
        0.9771, 0.9788, 0.9619, 0.9348, 0.9764, 0.9926, 0.9905, 0.9867, 0.9639,
        0.7205, 0.9833, 0.9000, 0.5000, 0.9417, 0.8533, 0.7333, 0.9458, 0.8889,
        0.4167, 0.8933, 0.6556, 0.6933, 0.9556, 0.9833, 0.9762, 0.9583, 0.9436,
        0.8917, 0.9667, 0.9609, 0.8333, 0.7556, 0.8000, 0.8556])
tensor([0.3667, 0.9458, 0.9573, 0.9444, 0.9121, 0.9190, 0.8333, 0.8933, 0.9311,
        0.9812, 0.9803, 0.9667, 0.9333, 0.9764, 0.9926, 0.9952, 0.9867, 0.9583,
        0.6821, 0.9833, 0.9000, 0.3889, 0.9417, 0.8933, 0.6667, 0.9417, 0.8944,
        0.4000, 0.8933, 0.6556, 0.6867, 0.9519, 1.0000, 0.9619, 0.9750, 0.9385,
        0.9000, 0.9667, 0.9623, 0.8222, 0.7889, 0.8167, 0.8556])
tensor([0.3000, 0.9486, 0.9453, 0.9356, 0.9227, 0.9095, 0.8467, 0.9089, 0.9467,
        0.9812, 0.9833, 0.9548, 0.9333, 0.9750, 0.9926, 0.9952, 0.9800, 0.9639,
        0.7154, 0.9667, 0.9000, 0.5222, 0.9417, 0.8600, 0.7889, 0.9458, 0.8722,
        0.4333, 0.9000, 0.6222, 0.7400, 0.9593, 0.9833, 0.9714, 0.9583, 0.9410,
        0.9000, 0.9667, 0.9551, 0.8667, 0.8111, 0.8500, 0.8556])
tensor([0.3333, 0.9403, 0.9587, 0.9467, 0.9212, 0.9302, 0.8400, 0.8978, 0.9222,
        0.9854, 0.9803, 0.9548, 0.9319, 0.9764, 0.9963, 0.9952, 0.9867, 0.9611,
        0.7051, 0.9000, 0.8667, 0.4778, 0.9417, 0.9200, 0.7000, 0.9479, 0.8889,
        0.4167, 0.8933, 0.6778, 0.6667, 0.9556, 1.0000, 0.9762, 0.9750, 0.9410,
        0.8917, 0.9667, 0.9638, 0.8444, 0.7778, 0.7833, 0.8556])
tensor([0.3667, 0.9472, 0.9600, 0.9444, 0.9136, 0.9254, 0.8467, 0.8933, 0.9356,
        0.9812, 0.9818, 0.9524, 0.9348, 0.9750, 1.0000, 0.9905, 0.9800, 0.9722,
        0.7410, 0.9833, 0.9000, 0.4778, 0.9417, 0.8933, 0.7444, 0.9479, 0.8722,
        0.4500, 0.9000, 0.6000, 0.7333, 0.9556, 1.0000, 0.9810, 0.9583, 0.9462,
        0.8917, 0.9667, 0.9652, 0.8333, 0.7778, 0.8333, 0.8556])
tensor([0.3833, 0.9417, 0.9533, 0.9400, 0.9227, 0.9397, 0.8400, 0.9156, 0.9422,
        0.9833, 0.9742, 0.9571, 0.9362, 0.9750, 0.9852, 0.9952, 0.9867, 0.9583,
        0.7308, 0.9000, 0.9000, 0.4222, 0.9417, 0.9400, 0.7444, 0.9479, 0.8778,
        0.4333, 0.8867, 0.6667, 0.6400, 0.9111, 1.0000, 0.9667, 0.9750, 0.9462,
        0.9000, 0.9667, 0.9696, 0.8333, 0.8222, 0.8500, 0.8556])
tensor([0.4000, 0.9486, 0.9573, 0.9444, 0.9182, 0.9333, 0.8333, 0.8778, 0.9333,
        0.9854, 0.9788, 0.9571, 0.9377, 0.9764, 0.9963, 0.9905, 0.9867, 0.9528,
        0.7385, 0.9833, 0.9000, 0.4444, 0.9417, 0.8733, 0.8000, 0.9458, 0.8722,
        0.4500, 0.8933, 0.6556, 0.7133, 0.9519, 1.0000, 0.9714, 0.9750, 0.9410,
        0.9000, 0.9667, 0.9667, 0.8444, 0.7667, 0.8500, 0.8556])
tensor([0.3667, 0.9486, 0.9613, 0.9422, 0.9197, 0.9397, 0.8400, 0.8933, 0.9267,
        0.9833, 0.9803, 0.9548, 0.9362, 0.9764, 0.9963, 0.9905, 0.9867, 0.9583,
        0.7410, 0.9667, 0.9111, 0.4222, 0.9417, 0.9267, 0.7333, 0.9542, 0.8722,
        0.4333, 0.8933, 0.6556, 0.6333, 0.9444, 1.0000, 0.9762, 0.9750, 0.9462,
        0.8917, 0.9667, 0.9638, 0.8444, 0.7111, 0.8333, 0.8556])
tensor([0.3333, 0.9556, 0.9427, 0.9422, 0.9106, 0.9095, 0.8400, 0.8733, 0.9422,
        0.9854, 0.9848, 0.9619, 0.9304, 0.9764, 0.9963, 0.9952, 0.9867, 0.9639,
        0.7282, 0.9833, 0.8222, 0.5889, 0.9417, 0.8400, 0.8111, 0.9438, 0.8778,
        0.4167, 0.8933, 0.6778, 0.7467, 0.9593, 0.9333, 0.9714, 0.9667, 0.9513,
        0.9083, 0.9667, 0.9652, 0.8444, 0.7444, 0.8000, 0.8444])
tensor([0.4500, 0.9500, 0.9640, 0.9511, 0.8985, 0.9206, 0.8267, 0.9133, 0.9378,
        0.9854, 0.9803, 0.9595, 0.9362, 0.9778, 0.9963, 1.0000, 0.9733, 0.9417,
        0.7026, 0.9333, 0.9222, 0.4222, 0.9417, 0.9133, 0.7556, 0.9458, 0.8778,
        0.3833, 0.8933, 0.6333, 0.6533, 0.9296, 1.0000, 0.9619, 0.9750, 0.9282,
        0.9417, 0.9667, 0.9623, 0.8333, 0.8222, 0.8167, 0.8556])
tensor([0.3500, 0.9500, 0.9613, 0.9422, 0.9136, 0.9302, 0.8400, 0.9200, 0.9422,
        0.9854, 0.9864, 0.9619, 0.9406, 0.9778, 0.9926, 0.9905, 0.9733, 0.9500,
        0.7282, 0.9833, 0.9444, 0.4778, 0.9417, 0.9067, 0.7444, 0.9458, 0.8778,
        0.4500, 0.9067, 0.6000, 0.7267, 0.9556, 1.0000, 0.9714, 0.9750, 0.9513,
        0.9417, 0.9667, 0.9565, 0.8556, 0.8333, 0.8333, 0.8556])
tensor([0.3833, 0.9528, 0.9640, 0.9444, 0.9227, 0.9302, 0.8400, 0.9000, 0.9444,
        0.9854, 0.9833, 0.9619, 0.9362, 0.9778, 0.9852, 0.9905, 0.9867, 0.9667,
        0.7359, 0.9833, 0.9111, 0.4889, 0.9417, 0.9000, 0.7889, 0.9500, 0.8722,
        0.4167, 0.9067, 0.6444, 0.7400, 0.9481, 0.9833, 0.9810, 0.9750, 0.9513,
        0.9000, 0.9667, 0.9623, 0.8667, 0.7556, 0.8333, 0.8556])
tensor([0.3833, 0.9528, 0.9613, 0.9467, 0.9273, 0.9270, 0.8333, 0.8644, 0.9467,
        0.9854, 0.9803, 0.9524, 0.9362, 0.9764, 1.0000, 0.9952, 0.9867, 0.9667,
        0.7615, 0.9667, 0.9111, 0.5556, 0.9417, 0.9333, 0.7778, 0.9458, 0.8722,
        0.4000, 0.9000, 0.6667, 0.6667, 0.9407, 1.0000, 0.9810, 0.9750, 0.9385,
        0.9083, 0.9667, 0.9696, 0.8667, 0.6778, 0.8333, 0.8556])
tensor([0.3333, 0.9569, 0.9587, 0.9467, 0.9288, 0.9397, 0.8467, 0.8911, 0.9444,
        0.9854, 0.9833, 0.9595, 0.9406, 0.9764, 1.0000, 0.9905, 0.9867, 0.9667,
        0.7462, 0.9833, 0.8889, 0.4111, 0.9417, 0.8667, 0.7778, 0.9500, 0.8722,
        0.4000, 0.9000, 0.6556, 0.7267, 0.9519, 1.0000, 0.9667, 0.9750, 0.9487,
        0.9333, 0.9667, 0.9623, 0.8667, 0.7667, 0.8333, 0.8556])
tensor([0.4500, 0.9667, 0.9573, 0.9444, 0.9106, 0.9397, 0.8467, 0.9089, 0.9356,
        0.9854, 0.9833, 0.9571, 0.9406, 0.9764, 1.0000, 0.9952, 0.9867, 0.9417,
        0.7615, 1.0000, 0.9111, 0.4222, 0.9417, 0.9067, 0.8000, 0.9521, 0.8722,
        0.4500, 0.9000, 0.6333, 0.7133, 0.9407, 1.0000, 0.9667, 0.9750, 0.9538,
        0.8833, 0.9667, 0.9783, 0.8556, 0.7667, 0.8500, 0.8667])
tensor([0.6167, 0.9667, 0.9613, 0.9489, 0.9076, 0.9349, 0.8467, 0.9133, 0.9378,
        0.9833, 0.9818, 0.9619, 0.9391, 0.9764, 0.9963, 0.9952, 0.9867, 0.9389,
        0.7385, 0.9833, 0.9000, 0.3444, 0.9417, 0.9067, 0.7889, 0.9479, 0.8778,
        0.4333, 0.9000, 0.6667, 0.7133, 0.9444, 1.0000, 0.9810, 0.9750, 0.9538,
        0.9250, 0.9667, 0.9667, 0.8333, 0.7667, 0.8500, 0.8556])
tensor([0.4500, 0.9694, 0.9667, 0.9444, 0.9091, 0.9254, 0.8467, 0.9156, 0.9356,
        0.9875, 0.9864, 0.9595, 0.9333, 0.9764, 0.9926, 0.9952, 0.9800, 0.9611,
        0.7513, 0.9167, 0.9333, 0.4667, 0.9333, 0.9333, 0.8111, 0.9500, 0.8722,
        0.4500, 0.9000, 0.6444, 0.7267, 0.9370, 0.9333, 0.9810, 0.9750, 0.9513,
        0.9167, 0.9667, 0.9609, 0.8333, 0.8333, 0.8500, 0.9111])
tensor([0.5833, 0.9778, 0.9640, 0.9578, 0.8985, 0.9270, 0.8400, 0.9133, 0.9289,
        0.9875, 0.9833, 0.9571, 0.9362, 0.9764, 1.0000, 1.0000, 0.9867, 0.9583,
        0.7462, 0.9167, 0.9222, 0.3889, 0.9417, 0.9333, 0.7667, 0.9500, 0.8722,
        0.4333, 0.9000, 0.6444, 0.7133, 0.9481, 1.0000, 0.9810, 0.9750, 0.9538,
        0.9333, 0.9667, 0.9638, 0.8222, 0.7000, 0.8500, 0.8556])
tensor([0.4500, 0.9681, 0.9587, 0.9578, 0.9030, 0.9349, 0.8467, 0.9133, 0.9444,
        0.9854, 0.9848, 0.9548, 0.9435, 0.9778, 1.0000, 0.9952, 0.9867, 0.9528,
        0.7410, 0.9333, 0.8889, 0.5444, 0.9417, 0.9267, 0.8111, 0.9500, 0.8778,
        0.4500, 0.9000, 0.6556, 0.7333, 0.9370, 1.0000, 0.9810, 0.9750, 0.9513,
        0.9417, 0.9667, 0.9623, 0.8444, 0.6667, 0.8500, 0.9111])
tensor([0.6000, 0.9750, 0.9613, 0.9444, 0.9106, 0.9444, 0.8467, 0.9133, 0.9400,
        0.9854, 0.9742, 0.9643, 0.9449, 0.9764, 0.9926, 0.9952, 0.9800, 0.9556,
        0.7487, 0.9500, 0.9222, 0.5111, 0.9417, 0.9467, 0.8000, 0.9500, 0.8722,
        0.4500, 0.9000, 0.6778, 0.7067, 0.9185, 1.0000, 0.9762, 0.9750, 0.9641,
        0.9417, 0.9833, 0.9652, 0.8667, 0.7111, 0.8500, 0.8556])
