tensor([1., 0., 0., 0., 0., 0., 0., 0., 0., 0., 0., 0., 0., 0., 0., 0., 0., 0.,
        0., 0., 0., 0., 0., 0., 0., 0., 0., 0., 0., 0., 0., 0., 0., 0., 0., 0.,
        0., 0., 0., 0., 0., 0., 0.])
tensor([0.1167, 0.0000, 0.5307, 0.0000, 0.0000, 0.0000, 0.0000, 0.0000, 0.0000,
        0.0000, 0.0000, 0.0000, 0.0000, 0.0000, 0.0000, 0.0000, 0.0000, 0.0000,
        0.0000, 0.0000, 0.0000, 0.0000, 0.0000, 0.0000, 0.0000, 0.0000, 0.0000,
        0.0000, 0.0000, 0.0000, 0.0000, 0.0000, 0.0000, 0.0000, 0.0000, 0.0000,
        0.0000, 0.0000, 0.0000, 0.0000, 0.0000, 0.0000, 0.0000])
tensor([0.0000, 0.2347, 0.8800, 0.0000, 0.0000, 0.0000, 0.0000, 0.0000, 0.0000,
        0.0000, 0.0000, 0.0000, 0.0000, 0.0000, 0.0000, 0.0000, 0.0000, 0.0000,
        0.0000, 0.0000, 0.0000, 0.0000, 0.0000, 0.0000, 0.0000, 0.0000, 0.0000,
        0.0000, 0.0000, 0.0000, 0.0000, 0.0000, 0.0000, 0.0000, 0.0000, 0.0000,
        0.0000, 0.0000, 0.0000, 0.0000, 0.0000, 0.0000, 0.0000])
tensor([0.0000, 0.2972, 0.8400, 0.0000, 0.0000, 0.0000, 0.0000, 0.0000, 0.0000,
        0.0000, 0.0000, 0.0000, 0.0000, 0.0000, 0.0000, 0.0000, 0.0000, 0.0000,
        0.0000, 0.0000, 0.0000, 0.0000, 0.0000, 0.0000, 0.0000, 0.0000, 0.0000,
        0.0000, 0.0000, 0.0000, 0.0000, 0.0000, 0.0000, 0.0000, 0.0000, 0.0000,
        0.0000, 0.0000, 0.0000, 0.0000, 0.0000, 0.0000, 0.0000])
tensor([0.0000, 0.3875, 0.7680, 0.0000, 0.0000, 0.0000, 0.0000, 0.0000, 0.0000,
        0.0000, 0.0000, 0.0000, 0.0000, 0.0000, 0.0000, 0.0000, 0.0000, 0.0000,
        0.0000, 0.0000, 0.0000, 0.0000, 0.0000, 0.0000, 0.0000, 0.0000, 0.0000,
        0.0000, 0.0000, 0.0000, 0.0000, 0.0000, 0.0000, 0.0000, 0.0000, 0.0000,
        0.0000, 0.0000, 0.0000, 0.0000, 0.0000, 0.0000, 0.0000])
tensor([0.0000, 0.4139, 0.7520, 0.0000, 0.0000, 0.0000, 0.0000, 0.0000, 0.0000,
        0.0000, 0.0000, 0.0000, 0.0000, 0.0000, 0.0000, 0.0000, 0.0000, 0.0000,
        0.0000, 0.0000, 0.0000, 0.0000, 0.0000, 0.0000, 0.0000, 0.0000, 0.0000,
        0.0000, 0.0000, 0.0000, 0.0000, 0.0000, 0.0000, 0.0000, 0.0000, 0.0000,
        0.0000, 0.0000, 0.0000, 0.0000, 0.0000, 0.0000, 0.0000])
tensor([0.0000, 0.3306, 0.8187, 0.0000, 0.0000, 0.0000, 0.0000, 0.0000, 0.0000,
        0.0000, 0.0000, 0.0000, 0.0000, 0.0000, 0.0000, 0.0000, 0.0000, 0.0000,
        0.0000, 0.0000, 0.0000, 0.0000, 0.0000, 0.0000, 0.0000, 0.0000, 0.0000,
        0.0000, 0.0000, 0.0000, 0.0000, 0.0000, 0.0000, 0.0000, 0.0000, 0.0000,
        0.0000, 0.0000, 0.0000, 0.0000, 0.0000, 0.0000, 0.0000])
tensor([0.0000, 0.4444, 0.7613, 0.0000, 0.0000, 0.0000, 0.0000, 0.0000, 0.0000,
        0.0000, 0.0000, 0.0000, 0.0000, 0.0000, 0.0000, 0.0000, 0.0000, 0.0000,
        0.0000, 0.0000, 0.0000, 0.0000, 0.0000, 0.0000, 0.0000, 0.0000, 0.0000,
        0.0000, 0.0000, 0.0000, 0.0000, 0.0000, 0.0000, 0.0000, 0.0000, 0.0000,
        0.0000, 0.0000, 0.0000, 0.0000, 0.0000, 0.0000, 0.0000])
tensor([0.0000, 0.5139, 0.7107, 0.0000, 0.0000, 0.0000, 0.0000, 0.0000, 0.0000,
        0.0000, 0.0000, 0.0000, 0.1029, 0.0000, 0.0000, 0.0000, 0.0000, 0.0000,
        0.0000, 0.0000, 0.0000, 0.0000, 0.0000, 0.0000, 0.0000, 0.0000, 0.0000,
        0.0000, 0.0000, 0.0000, 0.0000, 0.0000, 0.0000, 0.0000, 0.0000, 0.0000,
        0.0000, 0.0000, 0.0000, 0.0000, 0.0000, 0.0000, 0.0000])
tensor([0.0000, 0.3875, 0.6867, 0.0000, 0.0000, 0.0000, 0.0000, 0.0000, 0.0000,
        0.0000, 0.0000, 0.0000, 0.6652, 0.2569, 0.0000, 0.0000, 0.0000, 0.0000,
        0.0000, 0.0000, 0.0000, 0.0000, 0.0000, 0.0000, 0.0000, 0.0000, 0.0000,
        0.0000, 0.0000, 0.0000, 0.0000, 0.0000, 0.0000, 0.0000, 0.0000, 0.0000,
        0.0000, 0.0000, 0.0000, 0.0000, 0.0000, 0.0000, 0.0000])
tensor([0.0000, 0.1319, 0.3333, 0.0000, 0.0000, 0.0000, 0.0000, 0.0000, 0.0000,
        0.0000, 0.7212, 0.0000, 0.6812, 0.3889, 0.0000, 0.0000, 0.0000, 0.0000,
        0.0000, 0.0000, 0.0000, 0.0000, 0.0000, 0.0000, 0.0000, 0.0000, 0.0000,
        0.0000, 0.0000, 0.0000, 0.0000, 0.0000, 0.0000, 0.0000, 0.0000, 0.0000,
        0.0000, 0.0000, 0.0000, 0.0000, 0.0000, 0.0000, 0.0000])
tensor([0.0000, 0.0486, 0.2133, 0.0000, 0.0000, 0.0000, 0.0000, 0.0000, 0.0000,
        0.0000, 0.8682, 0.0000, 0.6304, 0.4417, 0.0000, 0.0000, 0.0000, 0.0000,
        0.0000, 0.0000, 0.0000, 0.0000, 0.0000, 0.0000, 0.0000, 0.0000, 0.0000,
        0.0000, 0.0000, 0.0000, 0.0000, 0.0000, 0.0000, 0.0000, 0.0000, 0.0000,
        0.0000, 0.0000, 0.0000, 0.0000, 0.0000, 0.0000, 0.0000])
tensor([0.0000, 0.3111, 0.2987, 0.0378, 0.0000, 0.0016, 0.0000, 0.0000, 0.0000,
        0.0000, 0.8288, 0.0000, 0.6116, 0.6347, 0.0000, 0.0000, 0.0000, 0.2778,
        0.0000, 0.0000, 0.0000, 0.0000, 0.0000, 0.0000, 0.0000, 0.0000, 0.0000,
        0.0000, 0.0000, 0.0000, 0.0000, 0.0000, 0.0000, 0.0000, 0.0000, 0.0000,
        0.0000, 0.0000, 0.0348, 0.0000, 0.0000, 0.0000, 0.0000])
tensor([0.0000, 0.3181, 0.4293, 0.0822, 0.0409, 0.0190, 0.0000, 0.0000, 0.0000,
        0.0292, 0.7606, 0.1690, 0.6261, 0.8583, 0.0000, 0.0000, 0.0000, 0.7778,
        0.0308, 0.0000, 0.0000, 0.0000, 0.0000, 0.0000, 0.0000, 0.0437, 0.0000,
        0.0000, 0.0000, 0.0000, 0.0000, 0.0000, 0.0000, 0.0000, 0.0000, 0.4846,
        0.0000, 0.0000, 0.2304, 0.0000, 0.0000, 0.0000, 0.0000])
tensor([0.0000, 0.4514, 0.4400, 0.1156, 0.0379, 0.1460, 0.0000, 0.0000, 0.0000,
        0.4563, 0.8030, 0.5500, 0.7435, 0.9444, 0.9963, 0.0000, 0.0000, 0.8361,
        0.4051, 0.0000, 0.0000, 0.0000, 0.0000, 0.0000, 0.0000, 0.3604, 0.0000,
        0.0000, 0.0000, 0.0000, 0.0000, 0.0000, 0.0000, 0.0000, 0.0000, 0.4667,
        0.0000, 0.0000, 0.8232, 0.0000, 0.0000, 0.0000, 0.0000])
tensor([0.0000, 0.5917, 0.4773, 0.1178, 0.1712, 0.3111, 0.0000, 0.0267, 0.0156,
        0.6604, 0.8182, 0.8024, 0.7986, 0.9750, 0.9889, 0.0381, 0.0067, 0.9444,
        0.5462, 0.0000, 0.0000, 0.0000, 0.0000, 0.0000, 0.0000, 0.7958, 0.0722,
        0.0000, 0.1600, 0.0000, 0.0000, 0.3778, 0.2000, 0.4524, 0.0000, 0.5821,
        0.0000, 0.0000, 0.8116, 0.0000, 0.0000, 0.0000, 0.0000])
tensor([0.0000, 0.6583, 0.6480, 0.1822, 0.4803, 0.5603, 0.4000, 0.2867, 0.1267,
        0.7979, 0.8318, 0.8262, 0.8304, 0.9708, 0.9741, 0.6667, 0.4400, 0.9667,
        0.5385, 0.0000, 0.0000, 0.0000, 0.2333, 0.1133, 0.0000, 0.8542, 0.1556,
        0.0000, 0.5067, 0.0000, 0.0000, 0.6519, 0.4667, 0.9667, 0.0167, 0.7923,
        0.4917, 0.0667, 0.8101, 0.5333, 0.0333, 0.1833, 0.0000])
tensor([0.0000, 0.7278, 0.7560, 0.3644, 0.6894, 0.7048, 0.5733, 0.4444, 0.4489,
        0.8229, 0.8682, 0.8262, 0.8522, 0.9653, 0.9741, 0.8810, 0.6333, 0.9667,
        0.5846, 0.0000, 0.0444, 0.0000, 0.4917, 0.2933, 0.0000, 0.8833, 0.1389,
        0.0000, 0.5733, 0.0000, 0.0333, 0.8704, 0.5667, 0.9810, 0.8000, 0.8231,
        0.7250, 0.5000, 0.8493, 0.6222, 0.2000, 0.6167, 0.0778])
tensor([0.0000, 0.8125, 0.7933, 0.6600, 0.8409, 0.7063, 0.6133, 0.5889, 0.6200,
        0.8667, 0.8909, 0.8381, 0.8565, 0.9625, 0.9741, 0.9095, 0.8733, 0.9639,
        0.6615, 0.0000, 0.3444, 0.0111, 0.7500, 0.4133, 0.0444, 0.8958, 0.2111,
        0.1167, 0.6267, 0.3000, 0.0800, 0.9296, 0.6500, 0.9762, 0.9000, 0.8769,
        0.7917, 0.6333, 0.9101, 0.4556, 0.2889, 0.6833, 0.3556])
tensor([0.0000, 0.8167, 0.8133, 0.7689, 0.8197, 0.7381, 0.6533, 0.6356, 0.6933,
        0.9187, 0.9045, 0.8571, 0.8623, 0.9639, 0.9741, 0.9143, 0.9000, 0.9667,
        0.7179, 0.0500, 0.6556, 0.1556, 0.8167, 0.4733, 0.1222, 0.8958, 0.1278,
        0.2833, 0.6867, 0.7000, 0.1000, 0.9444, 0.6833, 0.9667, 0.9500, 0.9051,
        0.8167, 0.7833, 0.9290, 0.5556, 0.3000, 0.7167, 0.5111])
tensor([0.0000, 0.8375, 0.8587, 0.8022, 0.8576, 0.7984, 0.6933, 0.6467, 0.7356,
        0.9375, 0.9136, 0.8619, 0.8667, 0.9667, 0.9852, 0.9238, 0.9000, 0.9667,
        0.6923, 0.2000, 0.6889, 0.2444, 0.8250, 0.6467, 0.2889, 0.9104, 0.3611,
        0.3500, 0.7333, 0.7667, 0.1133, 0.9370, 0.7000, 0.9667, 0.9500, 0.9179,
        0.8333, 0.8667, 0.9290, 0.6333, 0.3111, 0.7167, 0.6000])
tensor([0.0000, 0.8500, 0.8853, 0.8489, 0.8697, 0.8048, 0.7133, 0.6733, 0.7489,
        0.9458, 0.9212, 0.8714, 0.8783, 0.9653, 0.9926, 0.9286, 0.9200, 0.9694,
        0.6974, 0.3167, 0.8111, 0.2889, 0.8417, 0.6400, 0.4222, 0.9083, 0.5611,
        0.3833, 0.7333, 0.8000, 0.1933, 0.9407, 0.7833, 0.9762, 0.9583, 0.9256,
        0.7750, 0.9000, 0.9348, 0.7000, 0.4444, 0.7500, 0.7444])
tensor([0.0000, 0.8667, 0.8733, 0.8733, 0.8818, 0.8095, 0.7000, 0.6756, 0.7889,
        0.9604, 0.9273, 0.8738, 0.8899, 0.9653, 0.9926, 0.9333, 0.9333, 0.9694,
        0.7410, 0.4000, 0.8222, 0.3444, 0.8750, 0.6533, 0.5667, 0.9146, 0.5667,
        0.3833, 0.7667, 0.8000, 0.2600, 0.9370, 0.8833, 0.9762, 0.9500, 0.9359,
        0.7667, 0.9000, 0.9261, 0.7222, 0.6222, 0.7333, 0.7778])
tensor([0.0000, 0.8597, 0.9133, 0.8800, 0.8833, 0.8206, 0.7733, 0.6889, 0.8156,
        0.9563, 0.9364, 0.8810, 0.9145, 0.9653, 0.9963, 0.9381, 0.9467, 0.9750,
        0.7821, 0.4667, 0.8778, 0.3444, 0.8750, 0.6667, 0.6111, 0.9146, 0.5500,
        0.4333, 0.7733, 0.7889, 0.2933, 0.9481, 0.8833, 0.9762, 0.9750, 0.9359,
        0.8083, 0.9000, 0.9261, 0.7667, 0.7333, 0.7167, 0.7778])
tensor([0.0000, 0.8819, 0.9253, 0.9067, 0.8833, 0.8222, 0.7733, 0.6933, 0.8222,
        0.9667, 0.9439, 0.8929, 0.9072, 0.9694, 0.9963, 0.9429, 0.9400, 0.9611,
        0.7692, 0.4833, 0.9000, 0.3778, 0.8917, 0.7267, 0.7333, 0.9167, 0.6722,
        0.4333, 0.7933, 0.8556, 0.3467, 0.9370, 0.8833, 0.9714, 0.9750, 0.9462,
        0.7750, 0.9333, 0.9261, 0.8444, 0.8222, 0.7333, 0.8000])
tensor([0.0000, 0.9056, 0.9120, 0.9133, 0.8985, 0.8349, 0.7733, 0.7133, 0.8667,
        0.9792, 0.9455, 0.8952, 0.9029, 0.9722, 1.0000, 0.9476, 0.9400, 0.9556,
        0.7590, 0.4833, 0.9444, 0.4222, 0.9083, 0.7600, 0.7556, 0.9167, 0.6389,
        0.4333, 0.8333, 0.8333, 0.3800, 0.9370, 0.8667, 0.9762, 0.9750, 0.9462,
        0.8000, 0.9500, 0.9261, 0.8000, 0.8333, 0.7333, 0.7778])
tensor([0.0000, 0.8889, 0.9267, 0.9200, 0.8970, 0.8476, 0.7667, 0.7156, 0.8711,
        0.9792, 0.9500, 0.9000, 0.9014, 0.9667, 1.0000, 0.9524, 0.9467, 0.9556,
        0.7667, 0.4833, 0.9444, 0.4778, 0.9250, 0.7533, 0.7889, 0.9146, 0.6389,
        0.4500, 0.8267, 0.8444, 0.4400, 0.9407, 1.0000, 0.9762, 0.9750, 0.9487,
        0.8083, 0.9500, 0.9304, 0.9000, 0.8556, 0.7333, 0.8667])
tensor([0.0000, 0.9125, 0.9387, 0.9333, 0.8955, 0.8397, 0.7733, 0.7533, 0.8800,
        0.9792, 0.9545, 0.9095, 0.9116, 0.9708, 0.9963, 0.9524, 0.9467, 0.9556,
        0.7821, 0.4833, 0.9556, 0.4556, 0.9167, 0.8133, 0.7667, 0.9146, 0.6611,
        0.4500, 0.8800, 0.8556, 0.4067, 0.9444, 0.9500, 0.9762, 0.9750, 0.9513,
        0.8000, 0.9500, 0.9333, 0.9222, 0.8889, 0.7333, 0.8778])
tensor([0.0167, 0.9125, 0.9373, 0.9267, 0.8970, 0.8587, 0.7667, 0.7289, 0.8911,
        0.9812, 0.9545, 0.9095, 0.9072, 0.9681, 1.0000, 0.9524, 0.9533, 0.9444,
        0.7436, 0.5000, 0.9556, 0.4778, 0.9417, 0.8800, 0.7556, 0.9146, 0.7500,
        0.4500, 0.8733, 0.9444, 0.4133, 0.9444, 0.9833, 0.9714, 0.9750, 0.9487,
        0.8417, 0.9500, 0.9319, 0.8778, 0.8667, 0.7500, 0.8778])
tensor([0.0667, 0.9167, 0.9413, 0.9311, 0.8955, 0.8524, 0.7733, 0.7622, 0.8933,
        0.9833, 0.9545, 0.9143, 0.9159, 0.9681, 1.0000, 0.9524, 0.9667, 0.9417,
        0.7795, 0.5000, 0.9556, 0.4778, 0.9417, 0.8867, 0.7889, 0.9146, 0.7500,
        0.4500, 0.8733, 0.9000, 0.4733, 0.9481, 0.9833, 0.9810, 0.9750, 0.9538,
        0.8417, 0.9667, 0.9304, 0.9444, 0.8778, 0.7333, 0.9000])
tensor([0.0833, 0.9278, 0.9400, 0.9311, 0.8970, 0.8651, 0.7933, 0.7489, 0.9089,
        0.9896, 0.9576, 0.9071, 0.9188, 0.9708, 1.0000, 0.9571, 0.9533, 0.9444,
        0.7821, 0.5000, 0.9667, 0.5222, 0.9417, 0.9000, 0.8000, 0.9208, 0.7611,
        0.4500, 0.9000, 0.9444, 0.5400, 0.9556, 0.9333, 0.9810, 0.9750, 0.9564,
        0.8417, 0.9667, 0.9290, 0.9222, 0.8667, 0.7667, 0.8667])
tensor([0.1833, 0.9236, 0.9493, 0.9267, 0.8955, 0.8619, 0.7867, 0.7733, 0.9200,
        0.9875, 0.9621, 0.9143, 0.9319, 0.9722, 1.0000, 0.9571, 0.9667, 0.9389,
        0.7846, 0.5000, 0.9667, 0.5111, 0.9417, 0.8867, 0.8000, 0.9146, 0.7556,
        0.4500, 0.9000, 0.9556, 0.5333, 0.9556, 0.9833, 0.9857, 0.9750, 0.9564,
        0.8333, 0.9667, 0.9290, 0.9222, 0.8667, 0.7333, 0.8667])
tensor([0.1667, 0.9264, 0.9440, 0.9289, 0.8939, 0.8778, 0.7867, 0.7556, 0.9156,
        0.9875, 0.9621, 0.9095, 0.9232, 0.9722, 1.0000, 0.9571, 0.9667, 0.9361,
        0.7897, 0.5000, 0.9667, 0.5000, 0.9417, 0.9200, 0.8000, 0.9187, 0.7389,
        0.4500, 0.9200, 0.9778, 0.5867, 0.9593, 0.9667, 0.9857, 0.9750, 0.9564,
        0.8333, 0.9833, 0.9333, 0.9333, 0.8556, 0.7667, 0.8667])
tensor([0.1667, 0.9333, 0.9507, 0.9333, 0.8939, 0.8762, 0.7800, 0.7467, 0.9378,
        0.9875, 0.9652, 0.9190, 0.9304, 0.9750, 1.0000, 0.9619, 0.9533, 0.9389,
        0.7692, 0.5000, 0.9778, 0.5444, 0.9417, 0.9067, 0.8111, 0.9167, 0.7667,
        0.4500, 0.9000, 0.9778, 0.5533, 0.9593, 0.9667, 0.9905, 0.9750, 0.9487,
        0.8333, 0.9500, 0.9304, 0.8556, 0.8222, 0.7833, 0.8667])
tensor([0.2333, 0.9333, 0.9560, 0.9333, 0.8955, 0.8794, 0.7867, 0.8111, 0.9356,
        0.9875, 0.9682, 0.9190, 0.9246, 0.9736, 0.9963, 0.9619, 0.9667, 0.9361,
        0.7897, 0.5000, 0.9778, 0.5444, 0.9417, 0.9400, 0.8333, 0.9229, 0.7389,
        0.4500, 0.9133, 0.9667, 0.5933, 0.9630, 0.9833, 0.9905, 0.9750, 0.9564,
        0.8333, 0.9833, 0.9333, 0.9444, 0.8778, 0.7667, 0.8778])
tensor([0.2333, 0.9375, 0.9533, 0.9200, 0.9045, 0.8794, 0.7733, 0.8044, 0.9400,
        0.9875, 0.9682, 0.9214, 0.9304, 0.9750, 0.9963, 0.9619, 0.9667, 0.9361,
        0.7949, 0.5000, 0.9778, 0.5444, 0.9417, 0.9200, 0.8333, 0.9271, 0.7333,
        0.4500, 0.9133, 0.9778, 0.6267, 0.9667, 0.9833, 0.9905, 0.9750, 0.9564,
        0.8417, 0.9667, 0.9275, 0.9222, 0.8556, 0.7833, 0.8778])
tensor([0.2333, 0.9222, 0.9613, 0.9400, 0.9030, 0.8810, 0.7933, 0.8111, 0.9400,
        0.9896, 0.9758, 0.9214, 0.9217, 0.9736, 0.9963, 0.9667, 0.9667, 0.9361,
        0.7872, 0.5000, 0.9778, 0.5444, 0.9417, 0.9533, 0.8556, 0.9250, 0.7778,
        0.4500, 0.9133, 0.9778, 0.6733, 0.9667, 0.9667, 0.9905, 0.9750, 0.9590,
        0.8333, 0.9667, 0.9333, 0.9556, 0.8778, 0.7833, 0.8778])
tensor([0.2500, 0.9222, 0.9640, 0.9400, 0.9000, 0.8841, 0.7867, 0.8111, 0.9422,
        0.9896, 0.9727, 0.9214, 0.9333, 0.9736, 0.9963, 0.9667, 0.9667, 0.9278,
        0.7846, 0.5333, 0.9778, 0.5556, 0.9417, 0.9467, 0.8667, 0.9271, 0.7944,
        0.4500, 0.9133, 0.9778, 0.6733, 0.9667, 0.9833, 0.9905, 0.9750, 0.9564,
        0.8333, 0.9667, 0.9319, 0.9556, 0.8667, 0.7667, 0.8778])
tensor([0.2333, 0.9319, 0.9653, 0.9267, 0.9061, 0.8873, 0.7867, 0.8022, 0.9467,
        0.9917, 0.9758, 0.9262, 0.9290, 0.9750, 0.9963, 0.9667, 0.9667, 0.9333,
        0.7846, 0.5833, 0.9778, 0.5667, 0.9417, 0.9600, 0.8778, 0.9271, 0.7778,
        0.4500, 0.9267, 0.9778, 0.6533, 0.9630, 0.9667, 0.9905, 0.9750, 0.9564,
        0.8417, 0.9500, 0.9333, 0.9556, 0.8667, 0.7667, 0.8889])
tensor([0.2500, 0.9333, 0.9747, 0.9600, 0.8985, 0.8810, 0.8000, 0.8200, 0.9489,
        0.9917, 0.9742, 0.9190, 0.9304, 0.9750, 0.9963, 0.9667, 0.9800, 0.9333,
        0.7872, 0.6333, 0.9778, 0.5889, 0.9417, 0.9600, 0.8778, 0.9292, 0.7778,
        0.4667, 0.9267, 0.9889, 0.6733, 0.9667, 0.9833, 0.9905, 0.9750, 0.9564,
        0.8417, 0.9667, 0.9377, 0.9556, 0.8667, 0.7833, 0.8778])
tensor([0.2500, 0.9361, 0.9760, 0.9333, 0.8955, 0.8921, 0.8000, 0.8267, 0.9489,
        0.9937, 0.9758, 0.9214, 0.9348, 0.9750, 0.9963, 0.9667, 0.9667, 0.9333,
        0.7846, 0.6500, 0.9778, 0.5889, 0.9417, 0.9667, 0.8889, 0.9292, 0.7889,
        0.4667, 0.9333, 0.9889, 0.7200, 0.9630, 0.9833, 0.9905, 0.9750, 0.9641,
        0.8500, 0.9500, 0.9319, 0.9667, 0.8667, 0.7833, 0.8667])
tensor([0.2500, 0.9306, 0.9693, 0.9333, 0.9091, 0.8952, 0.7933, 0.8289, 0.9533,
        0.9917, 0.9758, 0.9119, 0.9304, 0.9750, 0.9963, 0.9667, 0.9800, 0.9333,
        0.7974, 0.6500, 0.9889, 0.5889, 0.9417, 0.9667, 0.8889, 0.9292, 0.7667,
        0.4833, 0.9333, 0.9889, 0.7267, 0.9593, 0.9667, 0.9810, 0.9750, 0.9667,
        0.8583, 0.9667, 0.9319, 0.9667, 0.8778, 0.7833, 0.8667])
tensor([0.2500, 0.9389, 0.9747, 0.9467, 0.9091, 0.8921, 0.7933, 0.8289, 0.9556,
        0.9937, 0.9742, 0.9286, 0.9319, 0.9722, 1.0000, 0.9619, 0.9800, 0.9333,
        0.7923, 0.6833, 0.9889, 0.5667, 0.9417, 0.9667, 0.8889, 0.9292, 0.7778,
        0.4833, 0.9400, 0.9889, 0.6933, 0.9667, 0.9667, 0.9810, 0.9750, 0.9667,
        0.8417, 0.9500, 0.9406, 0.9667, 0.8667, 0.8000, 0.8556])
tensor([0.2500, 0.9403, 0.9747, 0.9311, 0.9167, 0.9000, 0.7933, 0.8467, 0.9511,
        0.9917, 0.9758, 0.9286, 0.9275, 0.9764, 1.0000, 0.9714, 0.9800, 0.9306,
        0.8000, 0.7333, 0.9889, 0.5667, 0.9417, 0.9667, 0.9000, 0.9292, 0.7889,
        0.4833, 0.9333, 0.9889, 0.7067, 0.9667, 0.9667, 0.9810, 0.9750, 0.9692,
        0.8500, 0.9500, 0.9362, 0.9667, 0.8667, 0.8000, 0.8778])
tensor([0.2500, 0.9431, 0.9707, 0.9444, 0.9076, 0.9048, 0.8067, 0.8422, 0.9556,
        0.9917, 0.9758, 0.9238, 0.9348, 0.9736, 1.0000, 0.9667, 0.9800, 0.9278,
        0.7897, 0.7500, 0.9889, 0.5778, 0.9250, 0.9733, 0.8889, 0.9312, 0.8056,
        0.4667, 0.9400, 0.9889, 0.7133, 0.9667, 0.9833, 0.9857, 0.9750, 0.9667,
        0.8500, 0.9500, 0.9420, 0.9667, 0.8444, 0.8333, 0.8778])
tensor([0.2833, 0.9403, 0.9813, 0.9400, 0.9091, 0.9063, 0.8000, 0.8333, 0.9578,
        0.9937, 0.9758, 0.9262, 0.9319, 0.9750, 1.0000, 0.9714, 0.9800, 0.9278,
        0.7923, 0.7500, 0.9889, 0.5889, 0.9333, 0.9667, 0.8889, 0.9312, 0.8000,
        0.4833, 0.9400, 0.9889, 0.7067, 0.9630, 0.9833, 0.9810, 0.9750, 0.9667,
        0.8500, 0.9500, 0.9420, 0.9667, 0.8556, 0.8833, 0.8778])
tensor([0.2833, 0.9444, 0.9760, 0.9511, 0.9106, 0.8984, 0.8067, 0.8467, 0.9556,
        0.9958, 0.9742, 0.9286, 0.9319, 0.9750, 1.0000, 0.9714, 0.9867, 0.9278,
        0.7923, 0.7667, 0.9889, 0.5889, 0.9250, 0.9800, 0.8889, 0.9312, 0.8111,
        0.4833, 0.9400, 0.9889, 0.7267, 0.9630, 0.9833, 0.9810, 0.9750, 0.9667,
        0.8500, 0.9500, 0.9420, 0.9667, 0.8667, 0.8833, 0.8889])
tensor([0.2833, 0.9361, 0.9813, 0.9444, 0.9121, 0.9079, 0.8000, 0.8333, 0.9578,
        0.9958, 0.9758, 0.9429, 0.9246, 0.9736, 1.0000, 0.9714, 0.9867, 0.9250,
        0.7949, 0.7833, 0.9889, 0.6000, 0.9250, 0.9800, 0.9000, 0.9312, 0.8167,
        0.4833, 0.9467, 0.9889, 0.7267, 0.9630, 1.0000, 0.9857, 0.9750, 0.9667,
        0.8917, 0.9500, 0.9435, 0.9667, 0.8778, 0.8833, 0.8667])
tensor([0.2833, 0.9417, 0.9813, 0.9378, 0.9182, 0.9127, 0.7933, 0.8467, 0.9578,
        0.9917, 0.9758, 0.9262, 0.9275, 0.9736, 1.0000, 0.9714, 0.9867, 0.9194,
        0.8000, 0.8500, 0.9889, 0.6111, 0.9250, 0.9800, 0.9000, 0.9312, 0.8222,
        0.4833, 0.9467, 0.9889, 0.7333, 0.9630, 0.9833, 0.9857, 0.9750, 0.9692,
        0.8833, 0.9500, 0.9435, 0.9667, 0.8778, 0.8833, 0.9000])
tensor([0.2833, 0.9389, 0.9827, 0.9400, 0.9152, 0.9127, 0.8067, 0.8533, 0.9578,
        0.9917, 0.9773, 0.9262, 0.9275, 0.9736, 1.0000, 0.9762, 0.9867, 0.9222,
        0.7923, 0.8833, 0.9889, 0.6111, 0.9417, 0.9800, 0.8889, 0.9312, 0.8111,
        0.5000, 0.9467, 0.9889, 0.6867, 0.9667, 0.9833, 0.9857, 0.9750, 0.9692,
        0.8917, 0.9500, 0.9435, 0.9667, 0.8667, 0.8833, 0.9222])
tensor([0.2833, 0.9444, 0.9760, 0.9489, 0.9152, 0.9111, 0.8000, 0.8533, 0.9600,
        0.9958, 0.9742, 0.9429, 0.9275, 0.9750, 1.0000, 0.9762, 0.9867, 0.9222,
        0.7923, 0.8833, 0.9889, 0.6111, 0.9250, 0.9800, 0.9000, 0.9312, 0.8167,
        0.5000, 0.9533, 0.9889, 0.7400, 0.9630, 0.9833, 0.9857, 0.9750, 0.9744,
        0.8833, 0.9500, 0.9449, 0.9667, 0.8778, 0.9000, 0.8889])
tensor([0.2833, 0.9472, 0.9827, 0.9467, 0.9182, 0.9111, 0.7933, 0.8467, 0.9600,
        0.9937, 0.9758, 0.9452, 0.9304, 0.9750, 1.0000, 0.9857, 0.9867, 0.9222,
        0.7949, 0.9167, 0.9889, 0.6222, 0.9250, 0.9800, 0.8889, 0.9312, 0.8222,
        0.5000, 0.9467, 0.9889, 0.7400, 0.9667, 0.9833, 0.9857, 0.9833, 0.9718,
        0.8833, 0.9500, 0.9435, 0.9667, 0.8889, 0.9000, 0.8889])
tensor([0.2833, 0.9458, 0.9813, 0.9400, 0.9182, 0.9079, 0.8000, 0.8467, 0.9667,
        0.9958, 0.9758, 0.9286, 0.9261, 0.9750, 1.0000, 0.9810, 0.9867, 0.9222,
        0.8026, 0.8667, 0.9889, 0.6333, 0.9250, 0.9933, 0.9000, 0.9312, 0.8167,
        0.5000, 0.9533, 0.9889, 0.7200, 0.9704, 1.0000, 0.9857, 0.9750, 0.9692,
        0.8583, 0.9500, 0.9464, 0.9667, 0.8889, 0.9000, 0.8667])
tensor([0.3000, 0.9389, 0.9813, 0.9467, 0.9212, 0.9111, 0.8000, 0.8511, 0.9644,
        0.9958, 0.9773, 0.9357, 0.9275, 0.9750, 1.0000, 0.9810, 0.9867, 0.9194,
        0.7974, 0.9333, 0.9889, 0.6111, 0.9167, 0.9867, 0.9000, 0.9312, 0.8167,
        0.5000, 0.9533, 1.0000, 0.6600, 0.9667, 1.0000, 0.9857, 0.9750, 0.9744,
        0.8833, 0.9500, 0.9464, 0.9667, 0.9000, 0.9000, 0.8667])
tensor([0.3000, 0.9431, 0.9800, 0.9378, 0.9227, 0.9143, 0.8067, 0.8533, 0.9644,
        0.9937, 0.9758, 0.9310, 0.9290, 0.9736, 1.0000, 0.9857, 0.9867, 0.9194,
        0.7949, 0.9333, 0.9889, 0.6111, 0.9167, 0.9933, 0.9111, 0.9312, 0.8333,
        0.5000, 0.9533, 0.9889, 0.6733, 0.9704, 0.9833, 0.9857, 0.9750, 0.9744,
        0.8583, 0.9500, 0.9449, 0.9667, 0.8889, 0.9000, 0.9111])
tensor([0.3000, 0.9444, 0.9853, 0.9511, 0.9227, 0.9127, 0.8000, 0.8622, 0.9667,
        0.9958, 0.9773, 0.9500, 0.9217, 0.9736, 1.0000, 0.9857, 0.9867, 0.9194,
        0.7923, 0.9500, 0.9889, 0.6222, 0.9167, 0.9933, 0.9111, 0.9312, 0.8278,
        0.5000, 0.9533, 0.9889, 0.7200, 0.9704, 0.9833, 0.9857, 0.9750, 0.9795,
        0.8750, 0.9500, 0.9435, 0.9667, 0.9000, 0.9000, 0.8778])
tensor([0.3000, 0.9431, 0.9773, 0.9644, 0.9197, 0.9143, 0.8000, 0.8622, 0.9667,
        0.9958, 0.9758, 0.9524, 0.9246, 0.9736, 1.0000, 0.9857, 0.9867, 0.9194,
        0.8103, 0.9500, 0.9889, 0.6222, 0.9167, 0.9933, 0.9111, 0.9312, 0.8278,
        0.5000, 0.9533, 1.0000, 0.6667, 0.9667, 1.0000, 0.9857, 0.9750, 0.9795,
        0.8833, 0.9500, 0.9406, 0.9667, 0.9000, 0.9000, 0.8889])
tensor([0.3000, 0.9444, 0.9880, 0.9556, 0.9197, 0.9159, 0.8067, 0.8600, 0.9600,
        0.9958, 0.9742, 0.9357, 0.9174, 0.9736, 1.0000, 0.9857, 0.9867, 0.9194,
        0.8051, 0.9500, 0.9889, 0.6111, 0.9250, 0.9933, 0.9000, 0.9333, 0.8278,
        0.5000, 0.9533, 1.0000, 0.7267, 0.9704, 1.0000, 0.9857, 0.9750, 0.9795,
        0.8917, 0.9500, 0.9435, 0.9667, 0.8889, 0.9167, 0.8889])
tensor([0.3333, 0.9431, 0.9853, 0.9444, 0.9212, 0.9175, 0.8133, 0.8489, 0.9667,
        0.9958, 0.9742, 0.9357, 0.9188, 0.9736, 1.0000, 0.9857, 0.9867, 0.9194,
        0.8051, 0.9500, 0.9889, 0.6111, 0.9250, 0.9933, 0.9111, 0.9312, 0.8333,
        0.5000, 0.9533, 1.0000, 0.7467, 0.9704, 1.0000, 0.9857, 0.9750, 0.9795,
        0.8833, 0.9500, 0.9435, 0.9667, 0.9000, 0.9000, 0.8778])
tensor([0.3000, 0.9472, 0.9827, 0.9578, 0.9167, 0.9206, 0.8000, 0.8644, 0.9711,
        0.9937, 0.9742, 0.9476, 0.9116, 0.9736, 1.0000, 0.9857, 0.9867, 0.9222,
        0.8051, 0.9500, 0.9778, 0.6222, 0.9167, 0.9933, 0.9222, 0.9312, 0.8278,
        0.5000, 0.9533, 1.0000, 0.7533, 0.9704, 1.0000, 0.9905, 0.9833, 0.9769,
        0.8833, 0.9833, 0.9435, 0.9667, 0.8778, 0.9167, 0.9222])
tensor([0.3000, 0.9472, 0.9787, 0.9622, 0.9227, 0.9127, 0.8133, 0.8600, 0.9711,
        0.9937, 0.9758, 0.9476, 0.9174, 0.9736, 1.0000, 0.9857, 0.9867, 0.9194,
        0.7897, 0.9500, 0.9889, 0.6222, 0.9167, 0.9933, 0.9111, 0.9312, 0.8333,
        0.5000, 0.9533, 1.0000, 0.7000, 0.9704, 1.0000, 0.9857, 0.9750, 0.9769,
        0.8917, 1.0000, 0.9406, 0.9667, 0.8889, 0.9167, 0.9111])
tensor([0.3333, 0.9444, 0.9840, 0.9644, 0.9182, 0.9143, 0.8067, 0.8889, 0.9689,
        0.9958, 0.9758, 0.9476, 0.9130, 0.9736, 1.0000, 0.9857, 0.9867, 0.9194,
        0.7897, 0.9500, 0.9889, 0.6444, 0.9167, 0.9933, 0.9111, 0.9312, 0.8278,
        0.5000, 0.9533, 1.0000, 0.7133, 0.9704, 1.0000, 0.9857, 0.9833, 0.9795,
        0.8833, 0.9667, 0.9449, 0.9667, 0.8889, 0.9167, 0.8889])
tensor([0.3167, 0.9486, 0.9867, 0.9533, 0.9227, 0.9190, 0.8133, 0.8800, 0.9689,
        0.9937, 0.9758, 0.9476, 0.9159, 0.9736, 1.0000, 0.9857, 0.9867, 0.9194,
        0.8000, 0.9333, 0.9889, 0.6333, 0.9167, 0.9933, 0.9111, 0.9312, 0.8167,
        0.5000, 0.9533, 1.0000, 0.7333, 0.9704, 1.0000, 0.9905, 0.9833, 0.9795,
        0.8583, 1.0000, 0.9449, 0.9667, 0.8889, 0.9167, 0.9222])
tensor([0.3667, 0.9444, 0.9867, 0.9378, 0.9212, 0.9270, 0.8133, 0.8733, 0.9756,
        0.9937, 0.9758, 0.9524, 0.9217, 0.9722, 1.0000, 0.9857, 0.9867, 0.9222,
        0.7949, 0.9500, 0.9889, 0.6000, 0.9167, 0.9933, 0.9222, 0.9312, 0.8278,
        0.5000, 0.9600, 1.0000, 0.7133, 0.9704, 1.0000, 0.9857, 0.9833, 0.9795,
        0.8583, 1.0000, 0.9478, 0.9667, 0.9000, 0.9167, 0.8889])
tensor([0.3500, 0.9431, 0.9840, 0.9444, 0.9212, 0.9270, 0.8133, 0.8844, 0.9756,
        0.9937, 0.9742, 0.9595, 0.9232, 0.9736, 1.0000, 0.9857, 0.9867, 0.9222,
        0.8000, 0.9500, 0.9889, 0.5778, 0.9083, 0.9933, 0.9333, 0.9312, 0.8278,
        0.5000, 0.9600, 1.0000, 0.7333, 0.9704, 1.0000, 0.9857, 0.9833, 0.9795,
        0.8917, 0.9667, 0.9420, 0.9667, 0.8778, 0.9000, 0.9222])
tensor([0.3167, 0.9514, 0.9840, 0.9533, 0.9212, 0.9270, 0.7933, 0.8844, 0.9733,
        0.9937, 0.9773, 0.9500, 0.9188, 0.9736, 1.0000, 0.9857, 0.9867, 0.9222,
        0.7923, 0.9667, 0.9889, 0.6556, 0.9167, 0.9933, 0.9222, 0.9312, 0.8333,
        0.5000, 0.9600, 1.0000, 0.7267, 0.9704, 1.0000, 0.9905, 0.9833, 0.9795,
        0.8750, 1.0000, 0.9464, 0.9667, 0.8889, 0.9167, 0.9333])
tensor([0.3667, 0.9486, 0.9867, 0.9622, 0.9227, 0.9270, 0.8000, 0.8822, 0.9711,
        0.9958, 0.9742, 0.9476, 0.9159, 0.9736, 1.0000, 0.9857, 0.9867, 0.9194,
        0.7949, 0.9833, 0.9778, 0.6667, 0.9083, 0.9933, 0.9111, 0.9396, 0.8389,
        0.5000, 0.9600, 1.0000, 0.7267, 0.9704, 1.0000, 0.9905, 0.9833, 0.9795,
        0.8833, 1.0000, 0.9449, 0.9667, 0.9000, 0.9167, 0.9222])
tensor([0.3667, 0.9556, 0.9867, 0.9644, 0.9288, 0.9270, 0.7933, 0.8644, 0.9711,
        0.9979, 0.9773, 0.9476, 0.9174, 0.9750, 1.0000, 0.9857, 0.9867, 0.9194,
        0.7872, 0.9833, 0.9778, 0.6111, 0.9000, 0.9933, 0.9333, 0.9354, 0.8444,
        0.5000, 0.9600, 1.0000, 0.7400, 0.9704, 1.0000, 0.9905, 0.9833, 0.9795,
        0.9000, 1.0000, 0.9420, 0.9667, 0.8889, 0.9167, 0.9222])
tensor([0.3833, 0.9569, 0.9853, 0.9644, 0.9197, 0.9270, 0.8133, 0.8889, 0.9733,
        0.9958, 0.9742, 0.9500, 0.9145, 0.9750, 1.0000, 0.9857, 0.9867, 0.9194,
        0.8103, 0.9500, 0.9889, 0.6111, 0.9083, 0.9933, 0.9111, 0.9312, 0.8222,
        0.5000, 0.9600, 1.0000, 0.7267, 0.9741, 1.0000, 0.9905, 0.9833, 0.9795,
        0.8750, 1.0000, 0.9435, 0.9667, 0.8889, 0.9167, 0.9333])
tensor([0.3500, 0.9556, 0.9853, 0.9667, 0.9227, 0.9286, 0.8067, 0.8933, 0.9733,
        0.9958, 0.9742, 0.9476, 0.9159, 0.9736, 1.0000, 0.9857, 0.9867, 0.9194,
        0.8000, 0.9833, 0.9778, 0.6333, 0.9083, 0.9933, 0.9111, 0.9312, 0.8333,
        0.5000, 0.9600, 1.0000, 0.7333, 0.9741, 1.0000, 0.9905, 0.9833, 0.9795,
        0.8917, 1.0000, 0.9449, 0.9667, 0.8889, 0.9000, 0.9333])
tensor([0.3833, 0.9542, 0.9853, 0.9622, 0.9212, 0.9270, 0.7733, 0.8933, 0.9711,
        0.9958, 0.9773, 0.9500, 0.9174, 0.9736, 1.0000, 0.9857, 0.9867, 0.9222,
        0.8000, 0.9833, 0.9778, 0.6111, 0.9083, 0.9933, 0.9222, 0.9312, 0.8333,
        0.5000, 0.9533, 1.0000, 0.7333, 0.9741, 1.0000, 0.9905, 0.9833, 0.9795,
        0.9083, 1.0000, 0.9420, 0.9667, 0.8889, 0.9167, 0.9556])
tensor([0.3667, 0.9556, 0.9840, 0.9600, 0.9227, 0.9286, 0.8000, 0.8956, 0.9733,
        0.9958, 0.9773, 0.9524, 0.9145, 0.9736, 1.0000, 0.9857, 0.9867, 0.9194,
        0.8026, 0.9833, 0.9778, 0.6000, 0.9000, 0.9933, 0.9222, 0.9312, 0.8278,
        0.5000, 0.9600, 1.0000, 0.7067, 0.9741, 1.0000, 0.9905, 0.9833, 0.9795,
        0.9083, 1.0000, 0.9449, 0.9667, 0.8889, 0.9000, 0.9222])
tensor([0.4167, 0.9528, 0.9827, 0.9578, 0.9227, 0.9286, 0.8133, 0.8778, 0.9733,
        0.9958, 0.9758, 0.9500, 0.9159, 0.9736, 1.0000, 0.9857, 0.9867, 0.9222,
        0.7949, 0.9833, 0.9778, 0.6111, 0.9000, 0.9933, 0.9444, 0.9312, 0.8444,
        0.5000, 0.9600, 1.0000, 0.7400, 0.9741, 1.0000, 0.9905, 0.9833, 0.9795,
        0.9000, 1.0000, 0.9493, 0.9667, 0.8889, 0.9167, 0.9000])
tensor([0.4333, 0.9556, 0.9840, 0.9533, 0.9212, 0.9270, 0.8067, 0.8800, 0.9733,
        0.9958, 0.9773, 0.9548, 0.9217, 0.9750, 1.0000, 0.9857, 0.9867, 0.9222,
        0.7872, 0.9833, 0.9778, 0.6000, 0.9000, 0.9933, 0.9444, 0.9312, 0.8667,
        0.5000, 0.9600, 1.0000, 0.7267, 0.9704, 1.0000, 0.9905, 0.9833, 0.9821,
        0.9000, 1.0000, 0.9493, 0.9667, 0.8889, 0.9167, 0.9222])
tensor([0.4167, 0.9597, 0.9827, 0.9667, 0.9273, 0.9286, 0.8133, 0.8800, 0.9733,
        0.9958, 0.9758, 0.9524, 0.9174, 0.9750, 1.0000, 0.9857, 0.9867, 0.9222,
        0.8000, 0.9833, 0.9778, 0.6000, 0.9000, 0.9867, 0.9444, 0.9312, 0.8333,
        0.5000, 0.9600, 1.0000, 0.7333, 0.9741, 1.0000, 0.9905, 0.9833, 0.9821,
        0.9083, 1.0000, 0.9464, 0.9667, 0.8889, 0.9167, 0.8889])
tensor([0.4000, 0.9583, 0.9840, 0.9689, 0.9258, 0.9254, 0.8200, 0.8889, 0.9778,
        0.9958, 0.9773, 0.9524, 0.9130, 0.9764, 1.0000, 0.9857, 0.9867, 0.9222,
        0.8026, 0.9833, 0.9778, 0.6111, 0.9000, 0.9933, 0.9333, 0.9312, 0.8333,
        0.5000, 0.9600, 1.0000, 0.7400, 0.9704, 1.0000, 0.9905, 0.9833, 0.9795,
        0.9000, 1.0000, 0.9507, 0.9667, 0.8889, 0.9167, 0.9333])
tensor([0.4000, 0.9583, 0.9840, 0.9622, 0.9258, 0.9286, 0.8067, 0.8800, 0.9778,
        0.9958, 0.9803, 0.9500, 0.9130, 0.9750, 1.0000, 0.9857, 0.9867, 0.9222,
        0.7872, 0.9833, 0.9778, 0.5889, 0.9000, 0.9933, 0.9333, 0.9333, 0.8444,
        0.5000, 0.9600, 1.0000, 0.7267, 0.9741, 1.0000, 0.9905, 0.9917, 0.9795,
        0.9083, 1.0000, 0.9449, 0.9667, 0.8889, 0.9167, 0.8889])
tensor([0.5167, 0.9528, 0.9827, 0.9600, 0.9242, 0.9302, 0.8067, 0.8933, 0.9778,
        0.9958, 0.9803, 0.9571, 0.9159, 0.9750, 1.0000, 0.9857, 0.9867, 0.9222,
        0.7974, 0.9833, 0.9778, 0.6111, 0.9000, 0.9933, 0.9333, 0.9312, 0.8389,
        0.5000, 0.9600, 1.0000, 0.7267, 0.9741, 1.0000, 0.9905, 0.9833, 0.9846,
        0.9167, 1.0000, 0.9449, 0.9667, 0.8889, 0.9167, 0.9222])
tensor([0.4667, 0.9569, 0.9813, 0.9511, 0.9258, 0.9302, 0.8200, 0.8978, 0.9756,
        0.9958, 0.9803, 0.9524, 0.9159, 0.9750, 1.0000, 0.9857, 0.9867, 0.9222,
        0.8051, 1.0000, 0.9889, 0.6111, 0.9000, 0.9933, 0.9222, 0.9333, 0.8389,
        0.5000, 0.9600, 1.0000, 0.7200, 0.9741, 1.0000, 0.9905, 0.9917, 0.9846,
        0.9250, 1.0000, 0.9435, 0.9667, 0.8778, 0.9167, 0.9111])
tensor([0.4833, 0.9556, 0.9827, 0.9689, 0.9212, 0.9302, 0.8000, 0.8844, 0.9756,
        0.9958, 0.9773, 0.9571, 0.9130, 0.9750, 1.0000, 0.9857, 0.9867, 0.9222,
        0.8051, 1.0000, 0.9778, 0.5889, 0.9000, 0.9933, 0.9333, 0.9312, 0.8500,
        0.5000, 0.9667, 1.0000, 0.7133, 0.9741, 1.0000, 0.9905, 0.9917, 0.9846,
        0.9250, 1.0000, 0.9435, 0.9667, 0.8889, 0.9167, 0.9111])
tensor([0.4667, 0.9542, 0.9853, 0.9556, 0.9273, 0.9286, 0.8000, 0.8933, 0.9756,
        0.9958, 0.9803, 0.9500, 0.9159, 0.9750, 1.0000, 0.9857, 0.9867, 0.9222,
        0.8051, 0.9833, 0.9889, 0.6111, 0.9000, 0.9933, 0.9333, 0.9396, 0.8333,
        0.5000, 0.9667, 1.0000, 0.7200, 0.9741, 1.0000, 0.9905, 0.9917, 0.9846,
        0.9250, 1.0000, 0.9522, 0.9667, 0.8889, 0.9167, 0.9444])
tensor([0.4833, 0.9583, 0.9853, 0.9600, 0.9273, 0.9286, 0.7933, 0.9089, 0.9733,
        0.9958, 0.9803, 0.9524, 0.9145, 0.9750, 1.0000, 0.9857, 0.9867, 0.9222,
        0.8154, 0.9833, 0.9778, 0.6111, 0.9000, 0.9933, 0.9222, 0.9333, 0.8333,
        0.5000, 0.9667, 1.0000, 0.7400, 0.9741, 1.0000, 0.9905, 0.9917, 0.9872,
        0.9250, 1.0000, 0.9493, 0.9667, 0.8889, 0.9167, 0.9222])
tensor([0.4500, 0.9597, 0.9840, 0.9622, 0.9288, 0.9286, 0.8000, 0.8933, 0.9756,
        0.9958, 0.9803, 0.9595, 0.9116, 0.9750, 1.0000, 0.9857, 0.9867, 0.9222,
        0.8154, 0.9833, 0.9778, 0.6000, 0.9000, 0.9933, 0.9333, 0.9333, 0.8389,
        0.5000, 0.9600, 1.0000, 0.7200, 0.9741, 1.0000, 0.9905, 0.9917, 0.9846,
        0.9167, 1.0000, 0.9435, 0.9667, 0.8889, 0.9167, 0.9444])
tensor([0.4333, 0.9611, 0.9840, 0.9578, 0.9242, 0.9317, 0.8200, 0.9044, 0.9756,
        0.9958, 0.9803, 0.9548, 0.9145, 0.9750, 1.0000, 0.9857, 0.9867, 0.9222,
        0.8077, 0.9833, 0.9889, 0.6000, 0.9000, 0.9933, 0.9333, 0.9333, 0.8333,
        0.5000, 0.9600, 1.0000, 0.7133, 0.9741, 1.0000, 0.9905, 0.9917, 0.9846,
        0.9167, 1.0000, 0.9507, 0.9667, 0.8889, 0.9167, 0.9333])
tensor([0.4500, 0.9611, 0.9827, 0.9489, 0.9288, 0.9333, 0.8067, 0.9022, 0.9756,
        0.9958, 0.9803, 0.9643, 0.9174, 0.9750, 1.0000, 0.9857, 0.9867, 0.9222,
        0.8026, 0.9833, 0.9889, 0.6111, 0.9000, 0.9933, 0.9333, 0.9312, 0.8444,
        0.5000, 0.9600, 1.0000, 0.7000, 0.9741, 1.0000, 0.9905, 0.9917, 0.9846,
        0.9167, 1.0000, 0.9507, 0.9667, 0.8889, 0.9167, 0.9444])
tensor([0.5000, 0.9583, 0.9840, 0.9644, 0.9197, 0.9286, 0.8133, 0.8933, 0.9756,
        0.9958, 0.9818, 0.9571, 0.9174, 0.9750, 1.0000, 0.9857, 0.9867, 0.9222,
        0.8077, 1.0000, 0.9889, 0.6000, 0.9000, 0.9933, 0.9222, 0.9312, 0.8389,
        0.5000, 0.9667, 1.0000, 0.7133, 0.9778, 1.0000, 0.9905, 0.9917, 0.9846,
        0.9250, 1.0000, 0.9507, 0.9667, 0.8889, 0.9167, 0.9556])
tensor([0.5667, 0.9542, 0.9827, 0.9644, 0.9288, 0.9317, 0.8200, 0.8956, 0.9800,
        0.9958, 0.9788, 0.9524, 0.9130, 0.9750, 1.0000, 0.9905, 0.9867, 0.9222,
        0.8077, 0.9833, 0.9889, 0.6111, 0.9000, 0.9933, 0.9333, 0.9333, 0.8444,
        0.5000, 0.9667, 1.0000, 0.7267, 0.9741, 1.0000, 0.9905, 0.9917, 0.9846,
        0.9167, 1.0000, 0.9507, 0.9667, 0.8889, 0.9167, 0.9111])
tensor([0.5000, 0.9611, 0.9827, 0.9600, 0.9303, 0.9349, 0.8133, 0.9044, 0.9778,
        0.9958, 0.9788, 0.9571, 0.9116, 0.9736, 1.0000, 0.9905, 0.9867, 0.9278,
        0.8103, 0.9833, 0.9889, 0.6000, 0.9000, 0.9933, 0.9333, 0.9333, 0.8444,
        0.5000, 0.9667, 1.0000, 0.7200, 0.9741, 1.0000, 0.9905, 0.9917, 0.9846,
        0.9167, 1.0000, 0.9551, 0.9667, 0.8889, 0.9167, 0.9111])
tensor([0.4500, 0.9597, 0.9827, 0.9667, 0.9348, 0.9333, 0.8000, 0.9022, 0.9756,
        0.9958, 0.9788, 0.9595, 0.9159, 0.9750, 1.0000, 0.9905, 0.9867, 0.9250,
        0.8205, 0.9833, 0.9889, 0.6000, 0.9000, 0.9933, 0.9333, 0.9333, 0.8278,
        0.5000, 0.9600, 1.0000, 0.7333, 0.9741, 1.0000, 0.9905, 0.9917, 0.9872,
        0.9167, 1.0000, 0.9551, 0.9667, 0.8778, 0.9167, 0.9444])
tensor([0.4500, 0.9625, 0.9840, 0.9644, 0.9273, 0.9333, 0.8000, 0.9111, 0.9778,
        0.9958, 0.9818, 0.9643, 0.9174, 0.9792, 1.0000, 0.9857, 0.9867, 0.9333,
        0.8128, 0.9833, 0.9889, 0.5778, 0.9000, 0.9933, 0.9333, 0.9333, 0.8389,
        0.5000, 0.9600, 1.0000, 0.7067, 0.9741, 1.0000, 0.9905, 0.9917, 0.9846,
        0.9333, 1.0000, 0.9507, 0.9667, 0.8889, 0.9167, 0.9333])
tensor([0.5000, 0.9625, 0.9840, 0.9644, 0.9288, 0.9349, 0.8000, 0.8978, 0.9800,
        0.9958, 0.9788, 0.9571, 0.9159, 0.9778, 1.0000, 0.9857, 0.9867, 0.9361,
        0.8077, 0.9833, 0.9889, 0.6000, 0.9000, 0.9933, 0.9333, 0.9333, 0.8444,
        0.5000, 0.9600, 1.0000, 0.7067, 0.9778, 1.0000, 0.9905, 0.9917, 0.9846,
        0.9250, 1.0000, 0.9565, 0.9667, 0.8889, 0.9167, 0.9444])
tensor([0.4833, 0.9611, 0.9827, 0.9622, 0.9288, 0.9333, 0.8133, 0.9089, 0.9822,
        0.9958, 0.9803, 0.9571, 0.9174, 0.9764, 1.0000, 0.9905, 0.9867, 0.9222,
        0.8077, 0.9833, 0.9889, 0.6000, 0.8917, 0.9933, 0.9333, 0.9333, 0.8389,
        0.5000, 0.9600, 1.0000, 0.7133, 0.9741, 1.0000, 0.9905, 0.9917, 0.9846,
        0.9000, 1.0000, 0.9551, 0.9667, 0.8778, 0.9167, 0.9222])
tensor([0.4833, 0.9653, 0.9827, 0.9689, 0.9303, 0.9333, 0.8000, 0.9044, 0.9822,
        0.9958, 0.9803, 0.9595, 0.9174, 0.9778, 1.0000, 0.9952, 0.9867, 0.9333,
        0.8077, 0.9833, 0.9889, 0.5778, 0.9000, 0.9933, 0.9444, 0.9333, 0.8389,
        0.5000, 0.9600, 1.0000, 0.7133, 0.9741, 1.0000, 0.9905, 0.9917, 0.9872,
        0.9333, 1.0000, 0.9507, 0.9667, 0.8889, 0.9167, 0.9111])
tensor([0.5000, 0.9653, 0.9867, 0.9644, 0.9333, 0.9333, 0.7733, 0.9022, 0.9822,
        0.9958, 0.9803, 0.9595, 0.9174, 0.9750, 1.0000, 0.9905, 0.9933, 0.9278,
        0.7949, 0.9833, 0.9889, 0.5667, 0.9000, 0.9933, 0.9333, 0.9333, 0.8556,
        0.5000, 0.9733, 1.0000, 0.7000, 0.9778, 1.0000, 0.9905, 0.9917, 0.9821,
        0.9250, 1.0000, 0.9507, 0.9667, 0.8889, 0.9167, 0.9111])
tensor([0.4833, 0.9667, 0.9867, 0.9644, 0.9242, 0.9333, 0.8067, 0.9044, 0.9822,
        0.9958, 0.9818, 0.9619, 0.9188, 0.9778, 1.0000, 0.9857, 0.9933, 0.9361,
        0.8000, 1.0000, 0.9889, 0.5778, 0.8833, 0.9933, 0.9222, 0.9354, 0.8389,
        0.5000, 0.9600, 1.0000, 0.7133, 0.9741, 1.0000, 0.9905, 0.9917, 0.9846,
        0.9333, 1.0000, 0.9536, 0.9667, 0.9000, 0.9167, 0.9222])
tensor([0.4833, 0.9667, 0.9853, 0.9689, 0.9258, 0.9333, 0.8000, 0.9089, 0.9822,
        0.9958, 0.9803, 0.9667, 0.9174, 0.9778, 1.0000, 0.9905, 0.9933, 0.9389,
        0.8026, 1.0000, 0.9889, 0.5778, 0.9000, 0.9933, 0.9333, 0.9333, 0.8389,
        0.5000, 0.9600, 1.0000, 0.7000, 0.9778, 1.0000, 0.9905, 0.9917, 0.9846,
        0.9333, 1.0000, 0.9507, 0.9667, 0.8667, 0.9167, 0.9111])
tensor([0.4833, 0.9667, 0.9880, 0.9644, 0.9364, 0.9333, 0.8133, 0.9044, 0.9822,
        0.9958, 0.9803, 0.9643, 0.9217, 0.9792, 1.0000, 0.9952, 0.9867, 0.9389,
        0.7974, 1.0000, 0.9889, 0.5778, 0.9000, 0.9933, 0.9333, 0.9354, 0.8500,
        0.5000, 0.9600, 1.0000, 0.7067, 0.9815, 1.0000, 0.9905, 0.9917, 0.9846,
        0.9250, 1.0000, 0.9464, 0.9667, 0.8778, 0.9167, 0.9333])
tensor([0.5167, 0.9653, 0.9853, 0.9689, 0.9333, 0.9286, 0.8000, 0.9222, 0.9822,
        0.9958, 0.9803, 0.9595, 0.9174, 0.9778, 1.0000, 0.9952, 0.9867, 0.9389,
        0.8026, 0.9833, 0.9889, 0.6111, 0.9000, 0.9933, 0.9333, 0.9354, 0.8389,
        0.5000, 0.9600, 1.0000, 0.7000, 0.9815, 1.0000, 0.9905, 0.9917, 0.9846,
        0.9167, 1.0000, 0.9536, 0.9667, 0.8889, 0.9167, 0.9111])
tensor([0.5000, 0.9639, 0.9853, 0.9644, 0.9364, 0.9317, 0.8200, 0.9089, 0.9822,
        0.9979, 0.9803, 0.9690, 0.9174, 0.9792, 1.0000, 0.9857, 0.9933, 0.9389,
        0.8026, 1.0000, 0.9889, 0.5889, 0.9000, 0.9933, 0.9333, 0.9354, 0.8389,
        0.5000, 0.9600, 1.0000, 0.7000, 0.9778, 1.0000, 0.9905, 0.9917, 0.9846,
        0.9333, 1.0000, 0.9522, 0.9667, 0.8889, 0.9167, 0.9111])
tensor([0.5000, 0.9653, 0.9827, 0.9733, 0.9318, 0.9302, 0.8200, 0.9156, 0.9822,
        0.9979, 0.9758, 0.9667, 0.9217, 0.9792, 1.0000, 0.9857, 0.9933, 0.9389,
        0.8231, 0.9833, 0.9889, 0.5889, 0.8917, 0.9933, 0.9222, 0.9333, 0.8389,
        0.5000, 0.9600, 1.0000, 0.7200, 0.9741, 1.0000, 0.9905, 0.9917, 0.9846,
        0.9333, 1.0000, 0.9536, 0.9667, 0.8778, 0.9167, 0.9111])
