tensor([0., 0., 0., 0., 0., 0., 0., 0., 0., 0., 0., 0., 0., 0., 0., 0., 0., 1.,
        0., 0., 0., 0., 0., 0., 0., 0., 0., 0., 0., 0., 0., 0., 0., 0., 0., 0.,
        0., 0., 0., 0., 0., 0., 0.])
tensor([0., 0., 0., 0., 0., 0., 0., 0., 0., 0., 0., 0., 0., 1., 0., 0., 0., 0.,
        0., 0., 0., 0., 0., 0., 0., 0., 0., 0., 0., 0., 0., 0., 0., 0., 0., 0.,
        0., 0., 0., 0., 0., 0., 0.])
tensor([0., 0., 0., 0., 0., 0., 0., 0., 0., 0., 0., 0., 0., 1., 0., 0., 0., 0.,
        0., 0., 0., 0., 0., 0., 0., 0., 0., 0., 0., 0., 0., 0., 0., 0., 0., 0.,
        0., 0., 0., 0., 0., 0., 0.])
tensor([0., 0., 1., 0., 0., 0., 0., 0., 0., 0., 0., 0., 0., 0., 0., 0., 0., 0.,
        0., 0., 0., 0., 0., 0., 0., 0., 0., 0., 0., 0., 0., 0., 0., 0., 0., 0.,
        0., 0., 0., 0., 0., 0., 0.])
tensor([0., 0., 1., 0., 0., 0., 0., 0., 0., 0., 0., 0., 0., 0., 0., 0., 0., 0.,
        0., 0., 0., 0., 0., 0., 0., 0., 0., 0., 0., 0., 0., 0., 0., 0., 0., 0.,
        0., 0., 0., 0., 0., 0., 0.])
tensor([0.0000, 0.0000, 0.0000, 0.0000, 0.0000, 0.0000, 0.0000, 0.0000, 0.0000,
        0.0000, 0.7818, 0.0000, 0.0000, 0.0000, 0.0000, 0.0000, 0.0000, 0.0000,
        0.0000, 0.0000, 0.0000, 0.0000, 0.0000, 0.0000, 0.0000, 0.0000, 0.0000,
        0.0000, 0.0000, 0.0000, 0.0000, 0.0000, 0.0000, 0.0000, 0.0000, 0.0000,
        0.0000, 0.0000, 0.2841, 0.0000, 0.0000, 0.0000, 0.0000])
tensor([0., 0., 0., 0., 0., 0., 0., 0., 0., 0., 1., 0., 0., 0., 0., 0., 0., 0.,
        0., 0., 0., 0., 0., 0., 0., 0., 0., 0., 0., 0., 0., 0., 0., 0., 0., 0.,
        0., 0., 0., 0., 0., 0., 0.])
tensor([0., 0., 0., 0., 0., 0., 0., 0., 0., 0., 0., 0., 0., 1., 0., 0., 0., 0.,
        0., 0., 0., 0., 0., 0., 0., 0., 0., 0., 0., 0., 0., 0., 0., 0., 0., 0.,
        0., 0., 0., 0., 0., 0., 0.])
tensor([0., 0., 1., 0., 0., 0., 0., 0., 0., 0., 0., 0., 0., 0., 0., 0., 0., 0.,
        0., 0., 0., 0., 0., 0., 0., 0., 0., 0., 0., 0., 0., 0., 0., 0., 0., 0.,
        0., 0., 0., 0., 0., 0., 0.])
tensor([0., 0., 1., 0., 0., 0., 0., 0., 0., 0., 0., 0., 0., 0., 0., 0., 0., 0.,
        0., 0., 0., 0., 0., 0., 0., 0., 0., 0., 0., 0., 0., 0., 0., 0., 0., 0.,
        0., 0., 0., 0., 0., 0., 0.])
tensor([0., 0., 1., 0., 0., 0., 0., 0., 0., 0., 0., 0., 0., 0., 0., 0., 0., 0.,
        0., 0., 0., 0., 0., 0., 0., 0., 0., 0., 0., 0., 0., 0., 0., 0., 0., 0.,
        0., 0., 0., 0., 0., 0., 0.])
tensor([0., 0., 0., 0., 0., 0., 0., 0., 0., 0., 0., 0., 0., 1., 0., 0., 0., 0.,
        0., 0., 0., 0., 0., 0., 0., 0., 0., 0., 0., 0., 0., 0., 0., 0., 0., 0.,
        0., 0., 0., 0., 0., 0., 0.])
tensor([0.0000, 0.0000, 0.9627, 0.0000, 0.0000, 0.0000, 0.0000, 0.0000, 0.0000,
        0.0000, 0.0000, 0.0000, 0.0000, 0.0083, 0.0000, 0.0000, 0.0000, 0.0000,
        0.0000, 0.0000, 0.0000, 0.0000, 0.0000, 0.0000, 0.0000, 0.0000, 0.0000,
        0.0000, 0.0000, 0.0000, 0.0000, 0.0000, 0.0000, 0.0000, 0.0000, 0.0000,
        0.0000, 0.0000, 0.0000, 0.0000, 0.0000, 0.0000, 0.0000])
tensor([0., 0., 1., 0., 0., 0., 0., 0., 0., 0., 0., 0., 0., 0., 0., 0., 0., 0.,
        0., 0., 0., 0., 0., 0., 0., 0., 0., 0., 0., 0., 0., 0., 0., 0., 0., 0.,
        0., 0., 0., 0., 0., 0., 0.])
tensor([0., 0., 1., 0., 0., 0., 0., 0., 0., 0., 0., 0., 0., 0., 0., 0., 0., 0.,
        0., 0., 0., 0., 0., 0., 0., 0., 0., 0., 0., 0., 0., 0., 0., 0., 0., 0.,
        0., 0., 0., 0., 0., 0., 0.])
tensor([0., 0., 1., 0., 0., 0., 0., 0., 0., 0., 0., 0., 0., 0., 0., 0., 0., 0.,
        0., 0., 0., 0., 0., 0., 0., 0., 0., 0., 0., 0., 0., 0., 0., 0., 0., 0.,
        0., 0., 0., 0., 0., 0., 0.])
tensor([0., 0., 1., 0., 0., 0., 0., 0., 0., 0., 0., 0., 0., 0., 0., 0., 0., 0.,
        0., 0., 0., 0., 0., 0., 0., 0., 0., 0., 0., 0., 0., 0., 0., 0., 0., 0.,
        0., 0., 0., 0., 0., 0., 0.])
tensor([0., 0., 1., 0., 0., 0., 0., 0., 0., 0., 0., 0., 0., 0., 0., 0., 0., 0.,
        0., 0., 0., 0., 0., 0., 0., 0., 0., 0., 0., 0., 0., 0., 0., 0., 0., 0.,
        0., 0., 0., 0., 0., 0., 0.])
tensor([0., 0., 1., 0., 0., 0., 0., 0., 0., 0., 0., 0., 0., 0., 0., 0., 0., 0.,
        0., 0., 0., 0., 0., 0., 0., 0., 0., 0., 0., 0., 0., 0., 0., 0., 0., 0.,
        0., 0., 0., 0., 0., 0., 0.])
tensor([0., 0., 1., 0., 0., 0., 0., 0., 0., 0., 0., 0., 0., 0., 0., 0., 0., 0.,
        0., 0., 0., 0., 0., 0., 0., 0., 0., 0., 0., 0., 0., 0., 0., 0., 0., 0.,
        0., 0., 0., 0., 0., 0., 0.])
tensor([0.0000, 0.0000, 0.3867, 0.0000, 0.0000, 0.0000, 0.0000, 0.0000, 0.0000,
        0.0000, 0.0000, 0.0000, 0.4681, 0.0000, 0.0000, 0.0000, 0.0000, 0.9167,
        0.0000, 0.0000, 0.0000, 0.0000, 0.0000, 0.0000, 0.0000, 0.0000, 0.0000,
        0.0000, 0.0000, 0.0000, 0.0000, 0.0000, 0.0000, 0.0000, 0.0000, 0.0000,
        0.0000, 0.0000, 0.0000, 0.0000, 0.0000, 0.0000, 0.0000])
tensor([0.0000, 0.0000, 0.0000, 0.0000, 0.0000, 0.0000, 0.0000, 0.0000, 0.0000,
        0.0000, 0.0000, 0.0000, 0.0725, 0.0000, 0.0000, 0.0000, 0.0000, 0.9417,
        0.0000, 0.0000, 0.0000, 0.0000, 0.0000, 0.0000, 0.0000, 0.0000, 0.0000,
        0.0000, 0.0000, 0.0000, 0.0000, 0.0000, 0.0000, 0.0000, 0.0000, 0.0000,
        0.0000, 0.0000, 0.0000, 0.0000, 0.0000, 0.0000, 0.0000])
tensor([0.0000, 0.0000, 0.0147, 0.0000, 0.0000, 0.0000, 0.0000, 0.0000, 0.0000,
        0.0000, 0.0000, 0.0000, 0.3725, 0.0028, 0.0000, 0.0000, 0.0000, 0.9250,
        0.0000, 0.0000, 0.0000, 0.0000, 0.0000, 0.0000, 0.0000, 0.0000, 0.0000,
        0.0000, 0.0000, 0.0000, 0.0000, 0.0000, 0.0000, 0.0000, 0.0000, 0.0000,
        0.0000, 0.0000, 0.5435, 0.0000, 0.0000, 0.0000, 0.0000])
tensor([0.0000, 0.0000, 0.1747, 0.0000, 0.0000, 0.0000, 0.0000, 0.0000, 0.0000,
        0.0000, 0.0000, 0.0000, 0.7072, 0.0222, 0.0000, 0.0000, 0.0000, 0.9222,
        0.0000, 0.0000, 0.0000, 0.0000, 0.0000, 0.0000, 0.0000, 0.0000, 0.0000,
        0.0000, 0.0000, 0.0000, 0.0000, 0.0000, 0.0000, 0.0000, 0.0000, 0.1154,
        0.0000, 0.6000, 0.0464, 0.0000, 0.0000, 0.0000, 0.0000])
tensor([0.0000, 0.0028, 0.6947, 0.0000, 0.0000, 0.0000, 0.0000, 0.0000, 0.0000,
        0.0000, 0.0000, 0.0000, 0.8116, 0.0361, 0.0000, 0.0000, 0.0000, 0.9139,
        0.0000, 0.0000, 0.0000, 0.0000, 0.0000, 0.0000, 0.0000, 0.0000, 0.0000,
        0.0000, 0.0000, 0.0000, 0.0000, 0.0000, 0.0000, 0.0000, 0.0000, 0.0000,
        0.0000, 1.0000, 0.0043, 0.0000, 0.0000, 0.0000, 0.0000])
tensor([0.0000, 0.0056, 0.8627, 0.0000, 0.0000, 0.0000, 0.0000, 0.0000, 0.0000,
        0.0000, 0.0182, 0.0000, 0.8029, 0.4500, 0.0000, 0.0000, 0.0000, 0.9139,
        0.0026, 0.0000, 0.0000, 0.0000, 0.0000, 0.0000, 0.0000, 0.0000, 0.0000,
        0.0000, 0.0000, 0.0000, 0.0000, 0.0000, 0.0000, 0.0000, 0.0000, 0.0000,
        0.0000, 1.0000, 0.0000, 0.0000, 0.0000, 0.0000, 0.0000])
tensor([0.0000, 0.2625, 0.5307, 0.0311, 0.0379, 0.0873, 0.0000, 0.0000, 0.0000,
        0.0958, 0.5485, 0.0429, 0.8029, 0.6069, 0.0296, 0.0000, 0.0000, 0.9111,
        0.0308, 0.0000, 0.0000, 0.0000, 0.0000, 0.0000, 0.0000, 0.0875, 0.0000,
        0.0000, 0.0000, 0.0000, 0.0000, 0.0000, 0.0000, 0.0000, 0.0000, 0.9436,
        0.0000, 0.0000, 0.0130, 0.0000, 0.0000, 0.0000, 0.0000])
tensor([0.0000, 0.2264, 0.4333, 0.0222, 0.0333, 0.1016, 0.0000, 0.0000, 0.0000,
        0.3438, 0.7439, 0.2595, 0.7435, 0.7111, 0.1407, 0.0000, 0.0000, 0.9167,
        0.2872, 0.0000, 0.0000, 0.0000, 0.0000, 0.0000, 0.0000, 0.1562, 0.0000,
        0.0000, 0.0000, 0.0000, 0.0000, 0.0000, 0.0000, 0.0000, 0.0000, 0.0077,
        0.0000, 0.0000, 0.8696, 0.0000, 0.0000, 0.0000, 0.0000])
tensor([0.0000, 0.3722, 0.4787, 0.0133, 0.0242, 0.0857, 0.0000, 0.0000, 0.0000,
        0.3542, 0.7394, 0.4310, 0.7855, 0.7875, 0.2259, 0.0000, 0.0000, 0.9139,
        0.4333, 0.0000, 0.0000, 0.0000, 0.0000, 0.0000, 0.0000, 0.2604, 0.0000,
        0.0000, 0.0000, 0.0000, 0.0000, 0.0000, 0.0000, 0.0000, 0.0000, 0.0026,
        0.0000, 0.0000, 0.8913, 0.0000, 0.0000, 0.0000, 0.0000])
tensor([0.0000, 0.3292, 0.4293, 0.0333, 0.0682, 0.1063, 0.0000, 0.0467, 0.0000,
        0.3562, 0.7818, 0.5190, 0.7884, 0.8208, 0.3185, 0.0000, 0.0000, 0.8722,
        0.4641, 0.0000, 0.0000, 0.0000, 0.0000, 0.0000, 0.0000, 0.3542, 0.0000,
        0.0000, 0.0000, 0.0000, 0.0000, 0.0000, 0.0000, 0.0000, 0.0000, 0.0077,
        0.0000, 0.0000, 0.8754, 0.0000, 0.0000, 0.0000, 0.0000])
tensor([0.0000, 0.3111, 0.3613, 0.0089, 0.0879, 0.1302, 0.0000, 0.1044, 0.0000,
        0.4229, 0.8515, 0.5214, 0.7754, 0.8444, 0.4111, 0.0000, 0.0000, 0.8639,
        0.4769, 0.0000, 0.0000, 0.0000, 0.0000, 0.0000, 0.0000, 0.4292, 0.0000,
        0.0000, 0.0133, 0.0000, 0.0000, 0.0000, 0.0000, 0.0000, 0.0000, 0.0077,
        0.0000, 0.0000, 0.8870, 0.0000, 0.0000, 0.0000, 0.0000])
tensor([0.0000, 0.3597, 0.3373, 0.0022, 0.0697, 0.1381, 0.0267, 0.1578, 0.0200,
        0.4021, 0.8515, 0.5429, 0.8043, 0.8681, 0.6148, 0.0000, 0.0000, 0.7556,
        0.4821, 0.0000, 0.0000, 0.0000, 0.0250, 0.0000, 0.0000, 0.4729, 0.0000,
        0.0000, 0.0200, 0.0000, 0.0000, 0.0000, 0.0000, 0.0000, 0.0000, 0.0026,
        0.0000, 0.0000, 0.9014, 0.0000, 0.0000, 0.0000, 0.0000])
tensor([0.0000, 0.3250, 0.3893, 0.0000, 0.0742, 0.1349, 0.2867, 0.1267, 0.0533,
        0.4750, 0.8515, 0.5690, 0.8101, 0.8861, 0.7370, 0.1667, 0.0000, 0.7028,
        0.5077, 0.0000, 0.0000, 0.0000, 0.1333, 0.0000, 0.0000, 0.4812, 0.0000,
        0.0000, 0.0067, 0.0000, 0.0000, 0.0000, 0.0000, 0.0000, 0.0000, 0.0026,
        0.0000, 0.0000, 0.9029, 0.0000, 0.0000, 0.0000, 0.0222])
tensor([0.0000, 0.2583, 0.4480, 0.0111, 0.0879, 0.1063, 0.2667, 0.1333, 0.1600,
        0.5354, 0.8409, 0.5786, 0.8188, 0.9167, 0.7222, 0.2571, 0.0067, 0.7389,
        0.4846, 0.0000, 0.0000, 0.0000, 0.3000, 0.0000, 0.0000, 0.5083, 0.0000,
        0.0000, 0.0133, 0.0000, 0.0000, 0.0000, 0.0000, 0.0000, 0.0000, 0.0000,
        0.0000, 0.0000, 0.9043, 0.0000, 0.0000, 0.0000, 0.0333])
tensor([0.0000, 0.2500, 0.4680, 0.0333, 0.1061, 0.1127, 0.2467, 0.1111, 0.1422,
        0.6104, 0.8424, 0.5929, 0.8275, 0.9236, 0.6963, 0.3524, 0.0800, 0.7611,
        0.4769, 0.0000, 0.0000, 0.0000, 0.3500, 0.0000, 0.0000, 0.5188, 0.0000,
        0.0000, 0.0267, 0.0000, 0.0000, 0.0000, 0.0333, 0.0000, 0.0000, 0.0282,
        0.0000, 0.0000, 0.8754, 0.0000, 0.0000, 0.0000, 0.1333])
tensor([0.0000, 0.3111, 0.4067, 0.0911, 0.1152, 0.1143, 0.2467, 0.1267, 0.1378,
        0.6313, 0.8515, 0.5976, 0.8261, 0.9306, 0.7185, 0.4095, 0.2267, 0.7556,
        0.4923, 0.0000, 0.0000, 0.0000, 0.3500, 0.0000, 0.0000, 0.5208, 0.0000,
        0.0000, 0.0333, 0.0000, 0.0000, 0.0000, 0.0500, 0.0000, 0.0000, 0.0641,
        0.0000, 0.0000, 0.8333, 0.0000, 0.0000, 0.0000, 0.2000])
tensor([0.0000, 0.3347, 0.3427, 0.1356, 0.1318, 0.1206, 0.2200, 0.1489, 0.1378,
        0.6875, 0.8545, 0.6286, 0.8174, 0.9347, 0.7222, 0.4333, 0.4000, 0.7556,
        0.5179, 0.0000, 0.0000, 0.0000, 0.3917, 0.0000, 0.0000, 0.5292, 0.0000,
        0.0000, 0.0200, 0.0000, 0.0000, 0.0000, 0.0500, 0.0000, 0.0000, 0.0795,
        0.0000, 0.0000, 0.8362, 0.0000, 0.0000, 0.0000, 0.2333])
tensor([0.0000, 0.4139, 0.2787, 0.1622, 0.1576, 0.1413, 0.2533, 0.1378, 0.0756,
        0.7167, 0.8576, 0.6452, 0.8130, 0.9347, 0.7444, 0.4714, 0.4933, 0.7611,
        0.5051, 0.0000, 0.0000, 0.0000, 0.4417, 0.0000, 0.0000, 0.5542, 0.0000,
        0.0000, 0.0333, 0.0000, 0.0000, 0.0000, 0.0833, 0.0048, 0.0000, 0.1000,
        0.0000, 0.0000, 0.8116, 0.0000, 0.0000, 0.0000, 0.2444])
tensor([0.0000, 0.3806, 0.3347, 0.2133, 0.1364, 0.1460, 0.2533, 0.1600, 0.0800,
        0.7354, 0.8636, 0.6500, 0.8130, 0.9347, 0.7222, 0.5190, 0.5733, 0.8111,
        0.5026, 0.0000, 0.0000, 0.0000, 0.4917, 0.0000, 0.0000, 0.5854, 0.0111,
        0.0000, 0.0267, 0.0000, 0.0000, 0.0000, 0.1333, 0.0095, 0.0000, 0.1436,
        0.0000, 0.0000, 0.7768, 0.0000, 0.0000, 0.0833, 0.3111])
tensor([0.0000, 0.3861, 0.2747, 0.2044, 0.1939, 0.1222, 0.2267, 0.1644, 0.1200,
        0.7312, 0.8500, 0.6238, 0.8116, 0.9347, 0.7630, 0.5667, 0.6133, 0.7972,
        0.5282, 0.0000, 0.0000, 0.0444, 0.4917, 0.0000, 0.0000, 0.6021, 0.0278,
        0.0000, 0.0533, 0.0000, 0.0000, 0.0000, 0.1833, 0.0143, 0.0000, 0.1462,
        0.0000, 0.0000, 0.7942, 0.0000, 0.0000, 0.1833, 0.3667])
tensor([0.0000, 0.3931, 0.2707, 0.2400, 0.1924, 0.1032, 0.2067, 0.2133, 0.1467,
        0.7479, 0.8545, 0.6262, 0.8058, 0.9361, 0.7556, 0.6143, 0.6200, 0.8333,
        0.5128, 0.0000, 0.0000, 0.0556, 0.5167, 0.0000, 0.0000, 0.6292, 0.0611,
        0.0000, 0.0533, 0.0000, 0.0000, 0.0000, 0.3000, 0.0190, 0.0000, 0.2974,
        0.0000, 0.0000, 0.7768, 0.0000, 0.0000, 0.2833, 0.3556])
tensor([0.0000, 0.3917, 0.2613, 0.2644, 0.2500, 0.1111, 0.2267, 0.2267, 0.1422,
        0.7521, 0.8576, 0.6500, 0.8130, 0.9389, 0.8037, 0.6381, 0.6200, 0.8444,
        0.5026, 0.0000, 0.0000, 0.1111, 0.5833, 0.0000, 0.0000, 0.6438, 0.0944,
        0.0000, 0.0733, 0.0000, 0.0000, 0.0111, 0.3667, 0.0381, 0.0000, 0.3051,
        0.0000, 0.0000, 0.7841, 0.0000, 0.0000, 0.4500, 0.2556])
tensor([0.0000, 0.3958, 0.2867, 0.3089, 0.2455, 0.1238, 0.3000, 0.2644, 0.1333,
        0.7729, 0.8636, 0.6786, 0.8072, 0.9403, 0.8259, 0.7143, 0.6533, 0.8889,
        0.4897, 0.0000, 0.0000, 0.1667, 0.6333, 0.0000, 0.0000, 0.6604, 0.1056,
        0.0000, 0.1133, 0.0000, 0.0000, 0.0519, 0.4833, 0.0619, 0.0000, 0.3692,
        0.0000, 0.0000, 0.7797, 0.0000, 0.0000, 0.5167, 0.2444])
tensor([0.0000, 0.4306, 0.2653, 0.3222, 0.2833, 0.1286, 0.3200, 0.2778, 0.1533,
        0.7854, 0.8727, 0.6738, 0.8072, 0.9389, 0.8667, 0.7333, 0.6667, 0.8972,
        0.4974, 0.0000, 0.0000, 0.2111, 0.6333, 0.0000, 0.0000, 0.6646, 0.1944,
        0.0000, 0.1267, 0.0000, 0.0000, 0.1000, 0.5500, 0.0762, 0.0000, 0.4103,
        0.0000, 0.0000, 0.8043, 0.0000, 0.0000, 0.5833, 0.2667])
tensor([0.0000, 0.3958, 0.3067, 0.3667, 0.2758, 0.1254, 0.2733, 0.3422, 0.2178,
        0.7729, 0.8712, 0.6976, 0.8058, 0.9417, 0.8630, 0.7905, 0.6400, 0.9167,
        0.5359, 0.0000, 0.0000, 0.2000, 0.6333, 0.0000, 0.0000, 0.6562, 0.1833,
        0.0000, 0.1533, 0.0000, 0.0000, 0.2000, 0.5667, 0.0857, 0.0000, 0.4333,
        0.0000, 0.0000, 0.8203, 0.0000, 0.0000, 0.6667, 0.2222])
tensor([0.0000, 0.4264, 0.3000, 0.4178, 0.3030, 0.1349, 0.3000, 0.3467, 0.2067,
        0.7812, 0.8697, 0.6929, 0.8043, 0.9431, 0.8852, 0.8048, 0.7267, 0.9222,
        0.5385, 0.0000, 0.0000, 0.2222, 0.6583, 0.0000, 0.0000, 0.6958, 0.2667,
        0.0000, 0.2133, 0.0111, 0.0200, 0.2185, 0.5833, 0.1048, 0.0000, 0.4615,
        0.0000, 0.0000, 0.8420, 0.0000, 0.0000, 0.7167, 0.2000])
tensor([0.0000, 0.4111, 0.3320, 0.4422, 0.3167, 0.1460, 0.3200, 0.3778, 0.1911,
        0.7854, 0.8742, 0.7071, 0.8043, 0.9444, 0.8926, 0.8333, 0.7400, 0.9333,
        0.5564, 0.0000, 0.0000, 0.2333, 0.6667, 0.0000, 0.0000, 0.7208, 0.2889,
        0.0000, 0.2600, 0.0222, 0.0333, 0.2593, 0.5667, 0.1095, 0.0000, 0.4769,
        0.0000, 0.0000, 0.8536, 0.0000, 0.0000, 0.7000, 0.2111])
tensor([0.0000, 0.4264, 0.3333, 0.4711, 0.4045, 0.1794, 0.3733, 0.3711, 0.1956,
        0.7708, 0.8742, 0.7143, 0.8043, 0.9444, 0.8963, 0.8619, 0.7400, 0.9306,
        0.5564, 0.0000, 0.0000, 0.2444, 0.7333, 0.0133, 0.0000, 0.7396, 0.3556,
        0.0000, 0.3467, 0.0333, 0.0467, 0.2852, 0.4333, 0.1238, 0.0000, 0.5282,
        0.0083, 0.0167, 0.8667, 0.0000, 0.0000, 0.7167, 0.2111])
tensor([0.0000, 0.4347, 0.4000, 0.4978, 0.4712, 0.1968, 0.4333, 0.3511, 0.1444,
        0.7688, 0.8894, 0.7286, 0.7986, 0.9486, 0.9222, 0.8762, 0.7600, 0.9417,
        0.5385, 0.0000, 0.0000, 0.2444, 0.7833, 0.1000, 0.0000, 0.7583, 0.3667,
        0.0000, 0.4333, 0.0444, 0.0667, 0.2889, 0.3667, 0.1429, 0.0000, 0.5359,
        0.1750, 0.0833, 0.8522, 0.0111, 0.0111, 0.7000, 0.1889])
tensor([0.0000, 0.4069, 0.4227, 0.5867, 0.5045, 0.2079, 0.4667, 0.3533, 0.1356,
        0.7688, 0.8833, 0.7500, 0.7957, 0.9500, 0.9259, 0.8810, 0.7667, 0.9556,
        0.5590, 0.0000, 0.0000, 0.2667, 0.8167, 0.1267, 0.0000, 0.7625, 0.4167,
        0.0000, 0.4733, 0.0778, 0.1000, 0.4037, 0.3333, 0.1857, 0.0500, 0.5667,
        0.4333, 0.2500, 0.8565, 0.2889, 0.1000, 0.7167, 0.1667])
tensor([0.0000, 0.4361, 0.3987, 0.5978, 0.5318, 0.2444, 0.4800, 0.3733, 0.1800,
        0.7646, 0.8667, 0.7381, 0.7899, 0.9500, 0.9333, 0.8952, 0.7867, 0.9611,
        0.5949, 0.0000, 0.0000, 0.2556, 0.8417, 0.2000, 0.0000, 0.7625, 0.4611,
        0.0000, 0.4933, 0.0889, 0.1733, 0.4333, 0.2667, 0.2571, 0.2000, 0.5846,
        0.5167, 0.4500, 0.8855, 0.6111, 0.1667, 0.7333, 0.2000])
tensor([0.0000, 0.4264, 0.4160, 0.5800, 0.5470, 0.2524, 0.5000, 0.3889, 0.2356,
        0.7708, 0.8576, 0.7357, 0.7826, 0.9500, 0.9296, 0.9048, 0.7933, 0.9639,
        0.6205, 0.0000, 0.0000, 0.2778, 0.8750, 0.2800, 0.0000, 0.7646, 0.4944,
        0.0000, 0.5133, 0.1000, 0.2267, 0.4815, 0.2833, 0.3429, 0.2333, 0.6718,
        0.6167, 0.4667, 0.8928, 0.6667, 0.1889, 0.7500, 0.2333])
tensor([0.0000, 0.4181, 0.4360, 0.6244, 0.5879, 0.2810, 0.5067, 0.3933, 0.2178,
        0.7854, 0.8667, 0.7524, 0.7884, 0.9500, 0.9407, 0.9143, 0.8133, 0.9639,
        0.6154, 0.0000, 0.0000, 0.2778, 0.8750, 0.3933, 0.0000, 0.7604, 0.4944,
        0.0000, 0.5467, 0.1444, 0.2333, 0.5296, 0.2833, 0.5429, 0.3250, 0.6692,
        0.6583, 0.4667, 0.8884, 0.6667, 0.3333, 0.7500, 0.3222])
tensor([0.0000, 0.4500, 0.4547, 0.6289, 0.6061, 0.2825, 0.4933, 0.3933, 0.1933,
        0.7958, 0.8758, 0.7619, 0.8014, 0.9514, 0.9630, 0.9286, 0.8067, 0.9639,
        0.5923, 0.0000, 0.0000, 0.3111, 0.8750, 0.4800, 0.0111, 0.7854, 0.5167,
        0.0000, 0.5933, 0.1556, 0.2467, 0.5444, 0.2833, 0.6048, 0.4417, 0.6718,
        0.6583, 0.5667, 0.8942, 0.6667, 0.4333, 0.7000, 0.3889])
tensor([0.0000, 0.4361, 0.4453, 0.6444, 0.6182, 0.3238, 0.5200, 0.3933, 0.2756,
        0.8062, 0.8636, 0.7643, 0.7957, 0.9514, 0.9444, 0.9143, 0.8267, 0.9667,
        0.6103, 0.0000, 0.0000, 0.2889, 0.8750, 0.4600, 0.0667, 0.7792, 0.5500,
        0.0000, 0.6400, 0.1889, 0.2600, 0.5815, 0.3167, 0.6714, 0.5333, 0.7231,
        0.6750, 0.6833, 0.9188, 0.6889, 0.4556, 0.7500, 0.4222])
tensor([0.0000, 0.4667, 0.4560, 0.6511, 0.6364, 0.3317, 0.5200, 0.4200, 0.2978,
        0.8188, 0.8636, 0.7714, 0.7913, 0.9514, 0.9519, 0.9381, 0.8267, 0.9694,
        0.6231, 0.0000, 0.0000, 0.2889, 0.8917, 0.4933, 0.1111, 0.7875, 0.5500,
        0.0167, 0.6667, 0.2444, 0.2600, 0.5963, 0.3667, 0.7571, 0.6667, 0.7385,
        0.6750, 0.7167, 0.9174, 0.7333, 0.5000, 0.7000, 0.4556])
tensor([0.0000, 0.4792, 0.4733, 0.6667, 0.6530, 0.3540, 0.5333, 0.4333, 0.2911,
        0.8375, 0.8697, 0.7857, 0.7913, 0.9486, 0.9704, 0.9429, 0.8200, 0.9694,
        0.6205, 0.0000, 0.0000, 0.3000, 0.8917, 0.4667, 0.1556, 0.7875, 0.5611,
        0.0167, 0.6667, 0.2889, 0.3000, 0.6296, 0.3667, 0.7905, 0.6917, 0.7718,
        0.6833, 0.7333, 0.9261, 0.7778, 0.5222, 0.6500, 0.4778])
tensor([0.0000, 0.4986, 0.4840, 0.6778, 0.6455, 0.3603, 0.5400, 0.4733, 0.3022,
        0.8792, 0.8682, 0.8000, 0.7899, 0.9486, 0.9593, 0.9476, 0.8267, 0.9722,
        0.6103, 0.0000, 0.0222, 0.3000, 0.8917, 0.4933, 0.1778, 0.7896, 0.5722,
        0.0333, 0.7133, 0.2778, 0.2800, 0.6519, 0.4167, 0.8429, 0.7667, 0.7692,
        0.6833, 0.7333, 0.9319, 0.8556, 0.5333, 0.6333, 0.5333])
tensor([0.0000, 0.4958, 0.5107, 0.6867, 0.6333, 0.3778, 0.5200, 0.4822, 0.3333,
        0.9000, 0.8712, 0.8000, 0.7971, 0.9500, 0.9704, 0.9476, 0.8333, 0.9722,
        0.6077, 0.0000, 0.0222, 0.3111, 0.8917, 0.5133, 0.2111, 0.8000, 0.5722,
        0.0500, 0.7200, 0.2889, 0.2933, 0.6704, 0.4333, 0.8381, 0.8000, 0.8077,
        0.7000, 0.7500, 0.9420, 0.8889, 0.5444, 0.6333, 0.6556])
tensor([0.0000, 0.5347, 0.5187, 0.7467, 0.6621, 0.3905, 0.5467, 0.4733, 0.3089,
        0.9083, 0.8818, 0.7976, 0.8029, 0.9514, 0.9741, 0.9524, 0.8400, 0.9722,
        0.6000, 0.0000, 0.0111, 0.3222, 0.8917, 0.5267, 0.2000, 0.8104, 0.5722,
        0.0667, 0.7133, 0.3333, 0.3400, 0.6889, 0.5167, 0.8524, 0.8333, 0.8179,
        0.7000, 0.7667, 0.9362, 0.8889, 0.5222, 0.6333, 0.6222])
tensor([0.0000, 0.5444, 0.5480, 0.7111, 0.6712, 0.3825, 0.5467, 0.4889, 0.3733,
        0.9167, 0.8758, 0.8000, 0.7957, 0.9528, 0.9667, 0.9476, 0.8467, 0.9722,
        0.6103, 0.0000, 0.0111, 0.3111, 0.9083, 0.5600, 0.2333, 0.8188, 0.5722,
        0.0833, 0.7467, 0.3444, 0.2933, 0.6741, 0.5833, 0.8714, 0.8833, 0.8359,
        0.7083, 0.7833, 0.9522, 0.9000, 0.5333, 0.6333, 0.6111])
tensor([0.0333, 0.5569, 0.5440, 0.7422, 0.6818, 0.4159, 0.5733, 0.4933, 0.3511,
        0.9125, 0.8818, 0.8048, 0.8087, 0.9528, 0.9704, 0.9571, 0.8533, 0.9722,
        0.6000, 0.0000, 0.0111, 0.3111, 0.9083, 0.5667, 0.2556, 0.8208, 0.5889,
        0.1000, 0.7333, 0.4000, 0.3267, 0.6963, 0.5833, 0.8714, 0.8833, 0.8385,
        0.7083, 0.8333, 0.9493, 0.8889, 0.5333, 0.6167, 0.7222])
tensor([0.0333, 0.5625, 0.5600, 0.7689, 0.6712, 0.4143, 0.5733, 0.5067, 0.3911,
        0.9208, 0.8848, 0.7976, 0.8116, 0.9542, 0.9704, 0.9571, 0.8533, 0.9722,
        0.6077, 0.0333, 0.0111, 0.3333, 0.9083, 0.5600, 0.2444, 0.8208, 0.5833,
        0.1167, 0.7267, 0.4000, 0.3333, 0.7037, 0.6000, 0.8762, 0.8833, 0.8615,
        0.7167, 0.8500, 0.9536, 0.8889, 0.5333, 0.6167, 0.7111])
tensor([0.0500, 0.5819, 0.5853, 0.7600, 0.6818, 0.4302, 0.5800, 0.5289, 0.3889,
        0.9312, 0.8833, 0.7976, 0.8145, 0.9556, 0.9704, 0.9476, 0.8600, 0.9806,
        0.6103, 0.0333, 0.0111, 0.3556, 0.9083, 0.5667, 0.2444, 0.8333, 0.5944,
        0.1667, 0.7533, 0.3889, 0.3400, 0.7037, 0.7167, 0.8810, 0.8917, 0.8667,
        0.7167, 0.8500, 0.9522, 0.9111, 0.5222, 0.6167, 0.7444])
tensor([0.0500, 0.5847, 0.6160, 0.7778, 0.6909, 0.4286, 0.5867, 0.5400, 0.4156,
        0.9375, 0.8879, 0.7952, 0.8130, 0.9569, 0.9778, 0.9571, 0.8667, 0.9806,
        0.6205, 0.0333, 0.0222, 0.3444, 0.9167, 0.5333, 0.2556, 0.8292, 0.5889,
        0.1667, 0.7667, 0.4444, 0.3600, 0.7111, 0.7000, 0.8810, 0.8917, 0.8692,
        0.7167, 0.8500, 0.9522, 0.9111, 0.5222, 0.6000, 0.7556])
tensor([0.0500, 0.6014, 0.6213, 0.7889, 0.6864, 0.4222, 0.5867, 0.5400, 0.4467,
        0.9458, 0.8939, 0.7929, 0.8174, 0.9569, 0.9741, 0.9571, 0.8733, 0.9806,
        0.6179, 0.0333, 0.0222, 0.3556, 0.9167, 0.5667, 0.2556, 0.8313, 0.6111,
        0.1667, 0.7467, 0.4333, 0.3800, 0.7333, 0.7167, 0.8857, 0.8917, 0.8744,
        0.7167, 0.8500, 0.9536, 0.9111, 0.5000, 0.5667, 0.7667])
tensor([0.0500, 0.6347, 0.6227, 0.7911, 0.7076, 0.4524, 0.5933, 0.5489, 0.4333,
        0.9438, 0.9015, 0.7905, 0.8159, 0.9583, 0.9778, 0.9571, 0.8667, 0.9806,
        0.6205, 0.0667, 0.0222, 0.3778, 0.9167, 0.5600, 0.2556, 0.8396, 0.6056,
        0.1667, 0.7733, 0.4667, 0.3933, 0.7407, 0.7500, 0.8857, 0.8917, 0.8718,
        0.7167, 0.8667, 0.9536, 0.9111, 0.5000, 0.5667, 0.7667])
tensor([0.0833, 0.6319, 0.6560, 0.8089, 0.7045, 0.4270, 0.5933, 0.5578, 0.4911,
        0.9500, 0.8985, 0.8000, 0.8188, 0.9597, 0.9741, 0.9571, 0.8733, 0.9806,
        0.6231, 0.0333, 0.0222, 0.3667, 0.9167, 0.5733, 0.2556, 0.8375, 0.5833,
        0.1833, 0.7667, 0.4778, 0.3933, 0.7444, 0.7667, 0.8905, 0.8917, 0.8744,
        0.7167, 0.8667, 0.9565, 0.9111, 0.4889, 0.5833, 0.7889])
tensor([0.0500, 0.6486, 0.6600, 0.8133, 0.7152, 0.4540, 0.5933, 0.5600, 0.5022,
        0.9583, 0.9076, 0.7905, 0.8203, 0.9597, 0.9778, 0.9667, 0.8733, 0.9806,
        0.6256, 0.1000, 0.0222, 0.3667, 0.9167, 0.5667, 0.2667, 0.8375, 0.5778,
        0.2000, 0.7800, 0.5000, 0.4200, 0.7444, 0.7833, 0.8905, 0.9167, 0.8744,
        0.7250, 0.8833, 0.9580, 0.9111, 0.4778, 0.5500, 0.8000])
tensor([0.0500, 0.6556, 0.6773, 0.8333, 0.7091, 0.4778, 0.6067, 0.5756, 0.5222,
        0.9646, 0.9076, 0.8048, 0.8290, 0.9611, 0.9778, 0.9571, 0.8733, 0.9806,
        0.6205, 0.0833, 0.0333, 0.3667, 0.9167, 0.5867, 0.2778, 0.8375, 0.5944,
        0.2000, 0.7400, 0.5111, 0.4067, 0.7667, 0.7833, 0.8952, 0.9167, 0.8744,
        0.7333, 0.8833, 0.9594, 0.9111, 0.4778, 0.5500, 0.8333])
tensor([0.1000, 0.6625, 0.6867, 0.8333, 0.7121, 0.4952, 0.6133, 0.5733, 0.5400,
        0.9667, 0.9091, 0.7976, 0.8290, 0.9611, 0.9704, 0.9571, 0.8800, 0.9806,
        0.6333, 0.1000, 0.0667, 0.3556, 0.9167, 0.5933, 0.2556, 0.8396, 0.5889,
        0.2000, 0.7867, 0.5111, 0.4133, 0.7593, 0.8333, 0.8952, 0.9250, 0.8769,
        0.7333, 0.9000, 0.9623, 0.9111, 0.4778, 0.5833, 0.8111])
tensor([0.0667, 0.6556, 0.6920, 0.8422, 0.7136, 0.5143, 0.6133, 0.5778, 0.5733,
        0.9771, 0.9106, 0.7905, 0.8217, 0.9639, 0.9704, 0.9667, 0.8867, 0.9806,
        0.6333, 0.1333, 0.0667, 0.3667, 0.9167, 0.6067, 0.2333, 0.8396, 0.5889,
        0.2000, 0.7800, 0.5333, 0.4200, 0.7667, 0.8167, 0.9000, 0.9167, 0.8795,
        0.7333, 0.9167, 0.9609, 0.9222, 0.4778, 0.5833, 0.8556])
tensor([0.0667, 0.6736, 0.7120, 0.8533, 0.7061, 0.5254, 0.6400, 0.5889, 0.5778,
        0.9729, 0.9136, 0.7929, 0.8319, 0.9639, 0.9778, 0.9619, 0.8800, 0.9806,
        0.6385, 0.1167, 0.0667, 0.3444, 0.9167, 0.6067, 0.3111, 0.8458, 0.5722,
        0.2000, 0.7533, 0.5444, 0.4467, 0.7815, 0.8667, 0.9000, 0.9333, 0.8769,
        0.7417, 0.9167, 0.9580, 0.9222, 0.4667, 0.5500, 0.8778])
tensor([0.1000, 0.6569, 0.7187, 0.8489, 0.7030, 0.5460, 0.6400, 0.5778, 0.6067,
        0.9771, 0.9121, 0.7833, 0.8217, 0.9639, 0.9741, 0.9571, 0.8933, 0.9778,
        0.6487, 0.1000, 0.0667, 0.3444, 0.9167, 0.6133, 0.3333, 0.8500, 0.5778,
        0.2000, 0.7533, 0.5556, 0.4067, 0.7815, 0.8667, 0.9048, 0.9333, 0.8872,
        0.7333, 0.9167, 0.9638, 0.9111, 0.4778, 0.5833, 0.8889])
tensor([0.0667, 0.6847, 0.7280, 0.8489, 0.7015, 0.5476, 0.6467, 0.6133, 0.6200,
        0.9771, 0.9182, 0.7810, 0.8232, 0.9639, 0.9741, 0.9571, 0.8933, 0.9806,
        0.6385, 0.1667, 0.0889, 0.3444, 0.9167, 0.6000, 0.2778, 0.8521, 0.5889,
        0.2167, 0.7600, 0.5556, 0.4200, 0.7815, 0.8667, 0.9048, 0.9333, 0.9051,
        0.7333, 0.9333, 0.9623, 0.9111, 0.4778, 0.5833, 0.8778])
tensor([0.1000, 0.6972, 0.7373, 0.8644, 0.7061, 0.5444, 0.6533, 0.6178, 0.6400,
        0.9771, 0.9197, 0.7810, 0.8232, 0.9639, 0.9741, 0.9619, 0.9000, 0.9806,
        0.6385, 0.0833, 0.1222, 0.3444, 0.9167, 0.6267, 0.2889, 0.8521, 0.5667,
        0.2000, 0.7800, 0.5667, 0.4000, 0.7889, 0.8667, 0.9048, 0.9333, 0.9051,
        0.7417, 0.9500, 0.9623, 0.9111, 0.4778, 0.5833, 0.8889])
tensor([0.1167, 0.6986, 0.7480, 0.8667, 0.7227, 0.5587, 0.6467, 0.6067, 0.6533,
        0.9771, 0.9242, 0.7786, 0.8203, 0.9653, 0.9741, 0.9476, 0.9000, 0.9806,
        0.6256, 0.1333, 0.1111, 0.3444, 0.9167, 0.6267, 0.3000, 0.8521, 0.5833,
        0.2000, 0.7600, 0.5778, 0.4200, 0.7889, 0.8833, 0.9095, 0.9417, 0.9026,
        0.7417, 0.9500, 0.9652, 0.9222, 0.4889, 0.5833, 0.8889])
tensor([0.1167, 0.7111, 0.7413, 0.8800, 0.7015, 0.5730, 0.6667, 0.6444, 0.6600,
        0.9771, 0.9288, 0.7810, 0.8232, 0.9667, 0.9704, 0.9476, 0.9067, 0.9806,
        0.6282, 0.2000, 0.1111, 0.3333, 0.9167, 0.6400, 0.2889, 0.8604, 0.5778,
        0.2333, 0.7533, 0.5667, 0.4133, 0.7963, 0.9000, 0.9143, 0.9417, 0.9000,
        0.7417, 0.9500, 0.9652, 0.9111, 0.4889, 0.5833, 0.8889])
tensor([0.0833, 0.7167, 0.7493, 0.8622, 0.7152, 0.5952, 0.6667, 0.6467, 0.6778,
        0.9812, 0.9318, 0.7810, 0.8188, 0.9667, 0.9704, 0.9476, 0.9067, 0.9806,
        0.6385, 0.2167, 0.1222, 0.3556, 0.9167, 0.6400, 0.3111, 0.8667, 0.5778,
        0.2333, 0.7600, 0.5667, 0.4067, 0.7926, 0.9000, 0.9143, 0.9500, 0.9051,
        0.7417, 0.9500, 0.9696, 0.9333, 0.4778, 0.5833, 0.8778])
tensor([0.0833, 0.7417, 0.7573, 0.8822, 0.7167, 0.5984, 0.6733, 0.6356, 0.6933,
        0.9792, 0.9333, 0.7714, 0.8348, 0.9694, 0.9704, 0.9476, 0.9067, 0.9806,
        0.6256, 0.1500, 0.1333, 0.3556, 0.9167, 0.6467, 0.3222, 0.8729, 0.6000,
        0.2333, 0.7467, 0.5778, 0.4200, 0.8000, 0.9167, 0.9048, 0.9500, 0.9077,
        0.7417, 0.9500, 0.9696, 0.9333, 0.4778, 0.5833, 0.8778])
tensor([0.1167, 0.7528, 0.7640, 0.8822, 0.7242, 0.6000, 0.6800, 0.6444, 0.7244,
        0.9812, 0.9348, 0.7762, 0.8290, 0.9694, 0.9704, 0.9524, 0.9067, 0.9806,
        0.6436, 0.1833, 0.1333, 0.3556, 0.9167, 0.6467, 0.3111, 0.8687, 0.5778,
        0.2500, 0.7733, 0.5778, 0.4067, 0.7963, 0.9333, 0.9190, 0.9500, 0.9103,
        0.7417, 0.9500, 0.9681, 0.9333, 0.4778, 0.5833, 0.9000])
tensor([0.1333, 0.7708, 0.7587, 0.8889, 0.7182, 0.6349, 0.6800, 0.6711, 0.7422,
        0.9792, 0.9379, 0.7810, 0.8319, 0.9694, 0.9741, 0.9476, 0.9067, 0.9806,
        0.6333, 0.2333, 0.1000, 0.3333, 0.9167, 0.6533, 0.2778, 0.8708, 0.5889,
        0.2500, 0.7533, 0.6000, 0.3933, 0.8111, 0.9500, 0.9143, 0.9500, 0.9077,
        0.7500, 0.9833, 0.9696, 0.9333, 0.4778, 0.5833, 0.9000])
tensor([0.1333, 0.7611, 0.7733, 0.8889, 0.7364, 0.6286, 0.6867, 0.6844, 0.7711,
        0.9854, 0.9424, 0.7714, 0.8275, 0.9750, 0.9704, 0.9476, 0.9067, 0.9806,
        0.6487, 0.2000, 0.1444, 0.3444, 0.9167, 0.6667, 0.3333, 0.8729, 0.5889,
        0.2500, 0.7667, 0.5778, 0.4067, 0.8148, 0.9500, 0.9190, 0.9500, 0.8949,
        0.7583, 0.9833, 0.9667, 0.9444, 0.4667, 0.5833, 0.9111])
tensor([0.1667, 0.7722, 0.7667, 0.8956, 0.7470, 0.6476, 0.6800, 0.6511, 0.7933,
        0.9854, 0.9364, 0.7810, 0.8304, 0.9736, 0.9704, 0.9571, 0.9067, 0.9806,
        0.6487, 0.2333, 0.1778, 0.3333, 0.9167, 0.6600, 0.3000, 0.8771, 0.6056,
        0.2500, 0.7467, 0.5889, 0.4000, 0.8148, 0.9500, 0.9190, 0.9500, 0.9051,
        0.7583, 0.9833, 0.9696, 0.9444, 0.4667, 0.5833, 0.9000])
tensor([0.1833, 0.7764, 0.7840, 0.8911, 0.7545, 0.6540, 0.6800, 0.6844, 0.7911,
        0.9875, 0.9424, 0.7810, 0.8348, 0.9736, 0.9704, 0.9476, 0.9067, 0.9833,
        0.6487, 0.2167, 0.1778, 0.3444, 0.9167, 0.6667, 0.2667, 0.8771, 0.5944,
        0.2500, 0.7267, 0.6667, 0.4000, 0.8185, 0.9833, 0.9190, 0.9500, 0.9154,
        0.7583, 0.9833, 0.9652, 0.9444, 0.4778, 0.5833, 0.9111])
tensor([0.1833, 0.7903, 0.7947, 0.9089, 0.7636, 0.6476, 0.6933, 0.6822, 0.7978,
        0.9875, 0.9409, 0.7714, 0.8319, 0.9736, 0.9667, 0.9476, 0.9067, 0.9778,
        0.6487, 0.2167, 0.2000, 0.3444, 0.9167, 0.6933, 0.2778, 0.8750, 0.5944,
        0.2500, 0.7733, 0.6222, 0.3933, 0.8185, 0.9833, 0.9190, 0.9500, 0.9000,
        0.7667, 0.9833, 0.9696, 0.9444, 0.4778, 0.5833, 0.9111])
tensor([0.1833, 0.8014, 0.8147, 0.9000, 0.7515, 0.6540, 0.7133, 0.6911, 0.8133,
        0.9896, 0.9500, 0.7976, 0.8377, 0.9750, 0.9704, 0.9476, 0.9067, 0.9806,
        0.6487, 0.2500, 0.1778, 0.3444, 0.9167, 0.6867, 0.3000, 0.8792, 0.6111,
        0.2500, 0.7400, 0.6667, 0.3867, 0.8185, 0.9833, 0.9143, 0.9500, 0.9077,
        0.7583, 0.9833, 0.9638, 0.9444, 0.4444, 0.5833, 0.9111])
tensor([0.1833, 0.7958, 0.8040, 0.9044, 0.7758, 0.6778, 0.7000, 0.6933, 0.8044,
        0.9917, 0.9500, 0.7762, 0.8333, 0.9750, 0.9704, 0.9524, 0.9200, 0.9806,
        0.6487, 0.2667, 0.2333, 0.3444, 0.9167, 0.6733, 0.3111, 0.8854, 0.6278,
        0.2500, 0.7600, 0.6444, 0.3933, 0.8185, 0.9833, 0.9143, 0.9500, 0.9077,
        0.7833, 0.9833, 0.9667, 0.9556, 0.4556, 0.5833, 0.9111])
tensor([0.2000, 0.8014, 0.8160, 0.9089, 0.7727, 0.6746, 0.7133, 0.7156, 0.8356,
        0.9917, 0.9530, 0.8024, 0.8420, 0.9778, 0.9667, 0.9571, 0.9200, 0.9778,
        0.6564, 0.2833, 0.2444, 0.3222, 0.9167, 0.6933, 0.2667, 0.8875, 0.6056,
        0.2500, 0.7600, 0.6444, 0.3867, 0.8185, 0.9833, 0.9286, 0.9500, 0.8974,
        0.7667, 0.9833, 0.9609, 0.9444, 0.4444, 0.5833, 0.9111])
tensor([0.2000, 0.8042, 0.8280, 0.9067, 0.7833, 0.6825, 0.7133, 0.7067, 0.8289,
        0.9917, 0.9530, 0.7762, 0.8391, 0.9764, 0.9704, 0.9476, 0.9333, 0.9806,
        0.6590, 0.2833, 0.2333, 0.3222, 0.9083, 0.6933, 0.2889, 0.8854, 0.6222,
        0.2500, 0.7667, 0.6444, 0.4000, 0.8222, 0.9833, 0.9286, 0.9500, 0.8974,
        0.7833, 0.9833, 0.9638, 0.9556, 0.4444, 0.5833, 0.9111])
tensor([0.2000, 0.8194, 0.8253, 0.9067, 0.7788, 0.6937, 0.7133, 0.7200, 0.8444,
        0.9875, 0.9545, 0.7952, 0.8406, 0.9764, 0.9667, 0.9524, 0.9333, 0.9806,
        0.6615, 0.3167, 0.2222, 0.3444, 0.9167, 0.7067, 0.2889, 0.8896, 0.6444,
        0.2500, 0.7667, 0.6778, 0.3733, 0.8185, 0.9833, 0.9286, 0.9583, 0.9000,
        0.7833, 0.9833, 0.9638, 0.9556, 0.4556, 0.6167, 0.9111])
tensor([0.2000, 0.8194, 0.8400, 0.9067, 0.7939, 0.6857, 0.7133, 0.7444, 0.8467,
        0.9917, 0.9561, 0.8071, 0.8406, 0.9778, 0.9778, 0.9476, 0.9333, 0.9806,
        0.6590, 0.3167, 0.3222, 0.3111, 0.9083, 0.7000, 0.2667, 0.8896, 0.6833,
        0.2500, 0.7733, 0.6667, 0.3800, 0.8296, 0.9833, 0.9286, 0.9583, 0.9051,
        0.7750, 0.9833, 0.9623, 0.9556, 0.4333, 0.6167, 0.9111])
tensor([0.2000, 0.8222, 0.8533, 0.9267, 0.8061, 0.6889, 0.7067, 0.7356, 0.8533,
        0.9917, 0.9561, 0.8071, 0.8377, 0.9806, 0.9741, 0.9524, 0.9400, 0.9778,
        0.6641, 0.3167, 0.3222, 0.3556, 0.9083, 0.7067, 0.2889, 0.8875, 0.6889,
        0.2500, 0.7733, 0.6889, 0.3800, 0.8296, 0.9833, 0.9286, 0.9583, 0.9000,
        0.7833, 0.9833, 0.9609, 0.9556, 0.4333, 0.6167, 0.9111])
tensor([0.2000, 0.8306, 0.8613, 0.9178, 0.8076, 0.6952, 0.7200, 0.7444, 0.8644,
        0.9917, 0.9591, 0.8143, 0.8406, 0.9819, 0.9741, 0.9524, 0.9467, 0.9778,
        0.6564, 0.3167, 0.3000, 0.3222, 0.9083, 0.7067, 0.3000, 0.8917, 0.7056,
        0.2500, 0.7800, 0.7111, 0.3800, 0.8296, 0.9833, 0.9333, 0.9583, 0.8949,
        0.7750, 0.9833, 0.9594, 0.9556, 0.4222, 0.6167, 0.8889])
tensor([0.2167, 0.8389, 0.8587, 0.9289, 0.8136, 0.7000, 0.7133, 0.7622, 0.8733,
        0.9854, 0.9606, 0.8167, 0.8391, 0.9806, 0.9741, 0.9476, 0.9467, 0.9778,
        0.6795, 0.3500, 0.3333, 0.3111, 0.9083, 0.7067, 0.3000, 0.8938, 0.7056,
        0.2500, 0.7733, 0.7333, 0.3800, 0.8296, 1.0000, 0.9286, 0.9583, 0.9128,
        0.7750, 0.9833, 0.9638, 0.9556, 0.4333, 0.6167, 0.8889])
tensor([0.2333, 0.8431, 0.8640, 0.9222, 0.8197, 0.7095, 0.7133, 0.7644, 0.8822,
        0.9896, 0.9636, 0.8262, 0.8362, 0.9833, 0.9741, 0.9524, 0.9467, 0.9778,
        0.6692, 0.3500, 0.4222, 0.3444, 0.9083, 0.7067, 0.2556, 0.8979, 0.7222,
        0.2667, 0.7533, 0.7556, 0.3800, 0.8333, 1.0000, 0.9333, 0.9583, 0.9000,
        0.7833, 0.9833, 0.9580, 0.9556, 0.4222, 0.6167, 0.8889])
tensor([0.2500, 0.8444, 0.8613, 0.9333, 0.8227, 0.7206, 0.7133, 0.7756, 0.8822,
        0.9896, 0.9621, 0.8167, 0.8362, 0.9847, 0.9704, 0.9476, 0.9467, 0.9778,
        0.6667, 0.3333, 0.3889, 0.3222, 0.9083, 0.7200, 0.3444, 0.8958, 0.7333,
        0.2667, 0.7667, 0.7111, 0.4000, 0.8296, 1.0000, 0.9333, 0.9583, 0.9077,
        0.7833, 0.9833, 0.9580, 0.9556, 0.4444, 0.6167, 0.9000])
tensor([0.3000, 0.8458, 0.8707, 0.9311, 0.8288, 0.7222, 0.7133, 0.7822, 0.8822,
        0.9875, 0.9621, 0.8286, 0.8377, 0.9847, 0.9704, 0.9381, 0.9467, 0.9667,
        0.6718, 0.3667, 0.4333, 0.3333, 0.9083, 0.7133, 0.3444, 0.9000, 0.7333,
        0.2667, 0.7667, 0.7444, 0.3800, 0.8333, 1.0000, 0.9333, 0.9667, 0.9128,
        0.7833, 0.9833, 0.9609, 0.9556, 0.4444, 0.6167, 0.9000])
tensor([0.3000, 0.8528, 0.8747, 0.9267, 0.8303, 0.7270, 0.7133, 0.7911, 0.8822,
        0.9896, 0.9652, 0.8357, 0.8406, 0.9875, 0.9704, 0.9286, 0.9467, 0.9667,
        0.6744, 0.3667, 0.4444, 0.3333, 0.9083, 0.7200, 0.3222, 0.9021, 0.7444,
        0.3167, 0.7733, 0.8111, 0.3867, 0.8296, 1.0000, 0.9381, 0.9667, 0.9051,
        0.7750, 0.9833, 0.9594, 0.9556, 0.4444, 0.6167, 0.9000])
tensor([0.2833, 0.8528, 0.8787, 0.9333, 0.8318, 0.7254, 0.7267, 0.7956, 0.8933,
        0.9896, 0.9667, 0.8381, 0.8449, 0.9875, 0.9704, 0.9333, 0.9467, 0.9639,
        0.6769, 0.3500, 0.4667, 0.3333, 0.8917, 0.7200, 0.3556, 0.9021, 0.7556,
        0.3167, 0.7600, 0.8000, 0.3867, 0.8296, 1.0000, 0.9381, 0.9667, 0.9026,
        0.7833, 0.9833, 0.9638, 0.9556, 0.4333, 0.6167, 0.9000])
