tensor([1., 0., 0., 0., 0., 0., 0., 0., 0., 0., 0., 0., 0., 0., 0., 0., 0., 0.,
        0., 0., 0., 0., 0., 0., 0., 0., 0., 0., 0., 0., 0., 0., 0., 0., 0., 0.,
        0., 0., 0., 0., 0., 0., 0.])
tensor([1., 0., 0., 0., 0., 0., 0., 0., 0., 0., 0., 0., 0., 0., 0., 0., 0., 0.,
        0., 0., 0., 0., 0., 0., 0., 0., 0., 0., 0., 0., 0., 0., 0., 0., 0., 0.,
        0., 0., 0., 0., 0., 0., 0.])
tensor([1., 0., 0., 0., 0., 0., 0., 0., 0., 0., 0., 0., 0., 0., 0., 0., 0., 0.,
        0., 0., 0., 0., 0., 0., 0., 0., 0., 0., 0., 0., 0., 0., 0., 0., 0., 0.,
        0., 0., 0., 0., 0., 0., 0.])
tensor([1., 0., 0., 0., 0., 0., 0., 0., 0., 0., 0., 0., 0., 0., 0., 0., 0., 0.,
        0., 0., 0., 0., 0., 0., 0., 0., 0., 0., 0., 0., 0., 0., 0., 0., 0., 0.,
        0., 0., 0., 0., 0., 0., 0.])
tensor([1., 0., 0., 0., 0., 0., 0., 0., 0., 0., 0., 0., 0., 0., 0., 0., 0., 0.,
        0., 0., 0., 0., 0., 0., 0., 0., 0., 0., 0., 0., 0., 0., 0., 0., 0., 0.,
        0., 0., 0., 0., 0., 0., 0.])
tensor([1., 0., 0., 0., 0., 0., 0., 0., 0., 0., 0., 0., 0., 0., 0., 0., 0., 0.,
        0., 0., 0., 0., 0., 0., 0., 0., 0., 0., 0., 0., 0., 0., 0., 0., 0., 0.,
        0., 0., 0., 0., 0., 0., 0.])
tensor([1., 0., 0., 0., 0., 0., 0., 0., 0., 0., 0., 0., 0., 0., 0., 0., 0., 0.,
        0., 0., 0., 0., 0., 0., 0., 0., 0., 0., 0., 0., 0., 0., 0., 0., 0., 0.,
        0., 0., 0., 0., 0., 0., 0.])
tensor([1., 0., 0., 0., 0., 0., 0., 0., 0., 0., 0., 0., 0., 0., 0., 0., 0., 0.,
        0., 0., 0., 0., 0., 0., 0., 0., 0., 0., 0., 0., 0., 0., 0., 0., 0., 0.,
        0., 0., 0., 0., 0., 0., 0.])
tensor([1., 0., 0., 0., 0., 0., 0., 0., 0., 0., 0., 0., 0., 0., 0., 0., 0., 0.,
        0., 0., 0., 0., 0., 0., 0., 0., 0., 0., 0., 0., 0., 0., 0., 0., 0., 0.,
        0., 0., 0., 0., 0., 0., 0.])
tensor([1., 0., 0., 0., 0., 0., 0., 0., 0., 0., 0., 0., 0., 0., 0., 0., 0., 0.,
        0., 0., 0., 0., 0., 0., 0., 0., 0., 0., 0., 0., 0., 0., 0., 0., 0., 0.,
        0., 0., 0., 0., 0., 0., 0.])
tensor([1., 0., 0., 0., 0., 0., 0., 0., 0., 0., 0., 0., 0., 0., 0., 0., 0., 0.,
        0., 0., 0., 0., 0., 0., 0., 0., 0., 0., 0., 0., 0., 0., 0., 0., 0., 0.,
        0., 0., 0., 0., 0., 0., 0.])
tensor([1., 0., 0., 0., 0., 0., 0., 0., 0., 0., 0., 0., 0., 0., 0., 0., 0., 0.,
        0., 0., 0., 0., 0., 0., 0., 0., 0., 0., 0., 0., 0., 0., 0., 0., 0., 0.,
        0., 0., 0., 0., 0., 0., 0.])
tensor([1., 0., 0., 0., 0., 0., 0., 0., 0., 0., 0., 0., 0., 0., 0., 0., 0., 0.,
        0., 0., 0., 0., 0., 0., 0., 0., 0., 0., 0., 0., 0., 0., 0., 0., 0., 0.,
        0., 0., 0., 0., 0., 0., 0.])
tensor([1., 0., 0., 0., 0., 0., 0., 0., 0., 0., 0., 0., 0., 0., 0., 0., 0., 0.,
        0., 0., 0., 0., 0., 0., 0., 0., 0., 0., 0., 0., 0., 0., 0., 0., 0., 0.,
        0., 0., 0., 0., 0., 0., 0.])
tensor([1., 0., 0., 0., 0., 0., 0., 0., 0., 0., 0., 0., 0., 0., 0., 0., 0., 0.,
        0., 0., 0., 0., 0., 0., 0., 0., 0., 0., 0., 0., 0., 0., 0., 0., 0., 0.,
        0., 0., 0., 0., 0., 0., 0.])
tensor([1., 0., 0., 0., 0., 0., 0., 0., 0., 0., 0., 0., 0., 0., 0., 0., 0., 0.,
        0., 0., 0., 0., 0., 0., 0., 0., 0., 0., 0., 0., 0., 0., 0., 0., 0., 0.,
        0., 0., 0., 0., 0., 0., 0.])
tensor([1., 0., 0., 0., 0., 0., 0., 0., 0., 0., 0., 0., 0., 0., 0., 0., 0., 0.,
        0., 0., 0., 0., 0., 0., 0., 0., 0., 0., 0., 0., 0., 0., 0., 0., 0., 0.,
        0., 0., 0., 0., 0., 0., 0.])
tensor([1., 0., 0., 0., 0., 0., 0., 0., 0., 0., 0., 0., 0., 0., 0., 0., 0., 0.,
        0., 0., 0., 0., 0., 0., 0., 0., 0., 0., 0., 0., 0., 0., 0., 0., 0., 0.,
        0., 0., 0., 0., 0., 0., 0.])
tensor([1., 0., 0., 0., 0., 0., 0., 0., 0., 0., 0., 0., 0., 0., 0., 0., 0., 0.,
        0., 0., 0., 0., 0., 0., 0., 0., 0., 0., 0., 0., 0., 0., 0., 0., 0., 0.,
        0., 0., 0., 0., 0., 0., 0.])
tensor([1., 0., 0., 0., 0., 0., 0., 0., 0., 0., 0., 0., 0., 0., 0., 0., 0., 0.,
        0., 0., 0., 0., 0., 0., 0., 0., 0., 0., 0., 0., 0., 0., 0., 0., 0., 0.,
        0., 0., 0., 0., 0., 0., 0.])
tensor([1., 0., 0., 0., 0., 0., 0., 0., 0., 0., 0., 0., 0., 0., 0., 0., 0., 0.,
        0., 0., 0., 0., 0., 0., 0., 0., 0., 0., 0., 0., 0., 0., 0., 0., 0., 0.,
        0., 0., 0., 0., 0., 0., 0.])
tensor([1., 0., 0., 0., 0., 0., 0., 0., 0., 0., 0., 0., 0., 0., 0., 0., 0., 0.,
        0., 0., 0., 0., 0., 0., 0., 0., 0., 0., 0., 0., 0., 0., 0., 0., 0., 0.,
        0., 0., 0., 0., 0., 0., 0.])
tensor([1., 0., 0., 0., 0., 0., 0., 0., 0., 0., 0., 0., 0., 0., 0., 0., 0., 0.,
        0., 0., 0., 0., 0., 0., 0., 0., 0., 0., 0., 0., 0., 0., 0., 0., 0., 0.,
        0., 0., 0., 0., 0., 0., 0.])
tensor([1., 0., 0., 0., 0., 0., 0., 0., 0., 0., 0., 0., 0., 0., 0., 0., 0., 0.,
        0., 0., 0., 0., 0., 0., 0., 0., 0., 0., 0., 0., 0., 0., 0., 0., 0., 0.,
        0., 0., 0., 0., 0., 0., 0.])
tensor([1., 0., 0., 0., 0., 0., 0., 0., 0., 0., 0., 0., 0., 0., 0., 0., 0., 0.,
        0., 0., 0., 0., 0., 0., 0., 0., 0., 0., 0., 0., 0., 0., 0., 0., 0., 0.,
        0., 0., 0., 0., 0., 0., 0.])
tensor([1., 0., 0., 0., 0., 0., 0., 0., 0., 0., 0., 0., 0., 0., 0., 0., 0., 0.,
        0., 0., 0., 0., 0., 0., 0., 0., 0., 0., 0., 0., 0., 0., 0., 0., 0., 0.,
        0., 0., 0., 0., 0., 0., 0.])
tensor([1., 0., 0., 0., 0., 0., 0., 0., 0., 0., 0., 0., 0., 0., 0., 0., 0., 0.,
        0., 0., 0., 0., 0., 0., 0., 0., 0., 0., 0., 0., 0., 0., 0., 0., 0., 0.,
        0., 0., 0., 0., 0., 0., 0.])
tensor([1., 0., 0., 0., 0., 0., 0., 0., 0., 0., 0., 0., 0., 0., 0., 0., 0., 0.,
        0., 0., 0., 0., 0., 0., 0., 0., 0., 0., 0., 0., 0., 0., 0., 0., 0., 0.,
        0., 0., 0., 0., 0., 0., 0.])
tensor([1., 0., 0., 0., 0., 0., 0., 0., 0., 0., 0., 0., 0., 0., 0., 0., 0., 0.,
        0., 0., 0., 0., 0., 0., 0., 0., 0., 0., 0., 0., 0., 0., 0., 0., 0., 0.,
        0., 0., 0., 0., 0., 0., 0.])
tensor([1., 0., 0., 0., 0., 0., 0., 0., 0., 0., 0., 0., 0., 0., 0., 0., 0., 0.,
        0., 0., 0., 0., 0., 0., 0., 0., 0., 0., 0., 0., 0., 0., 0., 0., 0., 0.,
        0., 0., 0., 0., 0., 0., 0.])
tensor([1., 0., 0., 0., 0., 0., 0., 0., 0., 0., 0., 0., 0., 0., 0., 0., 0., 0.,
        0., 0., 0., 0., 0., 0., 0., 0., 0., 0., 0., 0., 0., 0., 0., 0., 0., 0.,
        0., 0., 0., 0., 0., 0., 0.])
tensor([1., 0., 0., 0., 0., 0., 0., 0., 0., 0., 0., 0., 0., 0., 0., 0., 0., 0.,
        0., 0., 0., 0., 0., 0., 0., 0., 0., 0., 0., 0., 0., 0., 0., 0., 0., 0.,
        0., 0., 0., 0., 0., 0., 0.])
tensor([1., 0., 0., 0., 0., 0., 0., 0., 0., 0., 0., 0., 0., 0., 0., 0., 0., 0.,
        0., 0., 0., 0., 0., 0., 0., 0., 0., 0., 0., 0., 0., 0., 0., 0., 0., 0.,
        0., 0., 0., 0., 0., 0., 0.])
tensor([1., 0., 0., 0., 0., 0., 0., 0., 0., 0., 0., 0., 0., 0., 0., 0., 0., 0.,
        0., 0., 0., 0., 0., 0., 0., 0., 0., 0., 0., 0., 0., 0., 0., 0., 0., 0.,
        0., 0., 0., 0., 0., 0., 0.])
tensor([1., 0., 0., 0., 0., 0., 0., 0., 0., 0., 0., 0., 0., 0., 0., 0., 0., 0.,
        0., 0., 0., 0., 0., 0., 0., 0., 0., 0., 0., 0., 0., 0., 0., 0., 0., 0.,
        0., 0., 0., 0., 0., 0., 0.])
tensor([1., 0., 0., 0., 0., 0., 0., 0., 0., 0., 0., 0., 0., 0., 0., 0., 0., 0.,
        0., 0., 0., 0., 0., 0., 0., 0., 0., 0., 0., 0., 0., 0., 0., 0., 0., 0.,
        0., 0., 0., 0., 0., 0., 0.])
tensor([1., 0., 0., 0., 0., 0., 0., 0., 0., 0., 0., 0., 0., 0., 0., 0., 0., 0.,
        0., 0., 0., 0., 0., 0., 0., 0., 0., 0., 0., 0., 0., 0., 0., 0., 0., 0.,
        0., 0., 0., 0., 0., 0., 0.])
tensor([1., 0., 0., 0., 0., 0., 0., 0., 0., 0., 0., 0., 0., 0., 0., 0., 0., 0.,
        0., 0., 0., 0., 0., 0., 0., 0., 0., 0., 0., 0., 0., 0., 0., 0., 0., 0.,
        0., 0., 0., 0., 0., 0., 0.])
tensor([1., 0., 0., 0., 0., 0., 0., 0., 0., 0., 0., 0., 0., 0., 0., 0., 0., 0.,
        0., 0., 0., 0., 0., 0., 0., 0., 0., 0., 0., 0., 0., 0., 0., 0., 0., 0.,
        0., 0., 0., 0., 0., 0., 0.])
tensor([1., 0., 0., 0., 0., 0., 0., 0., 0., 0., 0., 0., 0., 0., 0., 0., 0., 0.,
        0., 0., 0., 0., 0., 0., 0., 0., 0., 0., 0., 0., 0., 0., 0., 0., 0., 0.,
        0., 0., 0., 0., 0., 0., 0.])
tensor([1., 0., 0., 0., 0., 0., 0., 0., 0., 0., 0., 0., 0., 0., 0., 0., 0., 0.,
        0., 0., 0., 0., 0., 0., 0., 0., 0., 0., 0., 0., 0., 0., 0., 0., 0., 0.,
        0., 0., 0., 0., 0., 0., 0.])
tensor([1., 0., 0., 0., 0., 0., 0., 0., 0., 0., 0., 0., 0., 0., 0., 0., 0., 0.,
        0., 0., 0., 0., 0., 0., 0., 0., 0., 0., 0., 0., 0., 0., 0., 0., 0., 0.,
        0., 0., 0., 0., 0., 0., 0.])
tensor([1.0000, 0.0000, 0.0827, 0.0000, 0.0000, 0.0000, 0.0000, 0.0000, 0.0000,
        0.0000, 0.0000, 0.0000, 0.0000, 0.0000, 0.0000, 0.0000, 0.0000, 0.0000,
        0.0000, 0.0000, 0.0000, 0.0000, 0.0000, 0.0000, 0.0000, 0.0000, 0.0000,
        0.0000, 0.0000, 0.0000, 0.0000, 0.0000, 0.0000, 0.0000, 0.0000, 0.0000,
        0.0000, 0.0000, 0.0000, 0.0000, 0.0000, 0.0000, 0.0000])
tensor([0.6167, 0.0000, 0.3200, 0.0000, 0.0000, 0.0000, 0.0000, 0.0000, 0.0000,
        0.0000, 0.0000, 0.0000, 0.0000, 0.0000, 0.0000, 0.0000, 0.0000, 0.0000,
        0.0000, 0.0000, 0.0000, 0.0000, 0.0000, 0.0000, 0.0000, 0.0000, 0.0000,
        0.0000, 0.0000, 0.0000, 0.0000, 0.0000, 0.0000, 0.0000, 0.0000, 0.0000,
        0.0000, 0.0000, 0.0000, 0.0000, 0.0000, 0.0000, 0.0000])
tensor([0.3500, 0.0000, 0.5493, 0.0000, 0.0000, 0.0000, 0.0000, 0.0000, 0.0000,
        0.0000, 0.0000, 0.0000, 0.0000, 0.0000, 0.0000, 0.0000, 0.0000, 0.0000,
        0.0000, 0.0000, 0.0000, 0.0000, 0.0000, 0.0000, 0.0000, 0.0000, 0.0000,
        0.0000, 0.0000, 0.0000, 0.0000, 0.0000, 0.0000, 0.0000, 0.0000, 0.0000,
        0.0000, 0.0000, 0.0029, 0.0000, 0.0000, 0.0000, 0.0000])
tensor([0.2833, 0.0000, 0.6773, 0.0000, 0.0000, 0.0000, 0.0000, 0.0000, 0.0000,
        0.0000, 0.0000, 0.0000, 0.0000, 0.0000, 0.0000, 0.0000, 0.0000, 0.0000,
        0.0000, 0.0000, 0.0000, 0.0000, 0.0000, 0.0000, 0.0000, 0.0000, 0.0000,
        0.0000, 0.0000, 0.0000, 0.0000, 0.0000, 0.0000, 0.0000, 0.0000, 0.0000,
        0.0000, 0.0000, 0.1551, 0.0000, 0.0000, 0.0000, 0.0000])
tensor([0.2667, 0.0000, 0.7080, 0.0000, 0.0000, 0.0000, 0.0000, 0.0000, 0.0000,
        0.0000, 0.0000, 0.0000, 0.0000, 0.0000, 0.0000, 0.0000, 0.0000, 0.0000,
        0.0000, 0.0000, 0.0000, 0.0000, 0.0000, 0.0000, 0.0000, 0.0000, 0.0000,
        0.0000, 0.0000, 0.0000, 0.0000, 0.0000, 0.0000, 0.0000, 0.0000, 0.0000,
        0.0000, 0.0000, 0.5174, 0.0000, 0.0000, 0.0000, 0.0000])
tensor([0.2667, 0.0236, 0.6800, 0.0000, 0.0000, 0.0000, 0.0000, 0.0000, 0.0000,
        0.0000, 0.0000, 0.0000, 0.0000, 0.0000, 0.0000, 0.0000, 0.0000, 0.0000,
        0.0000, 0.0000, 0.0000, 0.0000, 0.0000, 0.0000, 0.0000, 0.0000, 0.0000,
        0.0000, 0.0000, 0.0000, 0.0000, 0.0000, 0.0000, 0.0000, 0.0000, 0.0000,
        0.0000, 0.0167, 0.5739, 0.0000, 0.0000, 0.0000, 0.0000])
tensor([0.2500, 0.2528, 0.5360, 0.0000, 0.0212, 0.0000, 0.0000, 0.0000, 0.0000,
        0.0000, 0.0000, 0.0000, 0.0000, 0.0000, 0.0000, 0.0000, 0.0000, 0.0000,
        0.0000, 0.0000, 0.0000, 0.0000, 0.0000, 0.0000, 0.0000, 0.0000, 0.0000,
        0.0000, 0.0000, 0.0000, 0.0000, 0.0000, 0.0000, 0.0000, 0.0000, 0.1179,
        0.0000, 0.0333, 0.6333, 0.0000, 0.0000, 0.0000, 0.0000])
tensor([0.0000, 0.2986, 0.5493, 0.0000, 0.2348, 0.0000, 0.0000, 0.0000, 0.0000,
        0.0000, 0.0000, 0.0000, 0.0000, 0.0000, 0.0000, 0.0000, 0.0000, 0.0000,
        0.0000, 0.0000, 0.0000, 0.0000, 0.0000, 0.0000, 0.0000, 0.0000, 0.0000,
        0.0000, 0.0000, 0.0000, 0.0000, 0.0000, 0.0000, 0.0000, 0.0000, 0.3718,
        0.0000, 0.0000, 0.7420, 0.0000, 0.0000, 0.0000, 0.0000])
tensor([0.0000, 0.3944, 0.4627, 0.0000, 0.3742, 0.0000, 0.0000, 0.0000, 0.0000,
        0.0000, 0.0000, 0.0000, 0.0000, 0.0000, 0.0000, 0.0000, 0.0000, 0.0000,
        0.0000, 0.0000, 0.0000, 0.0000, 0.0000, 0.0000, 0.0000, 0.0000, 0.0000,
        0.0000, 0.0000, 0.0000, 0.0000, 0.0000, 0.0000, 0.0000, 0.0000, 0.5256,
        0.0000, 0.0000, 0.5638, 0.0000, 0.0000, 0.0000, 0.0000])
tensor([0.0000, 0.4250, 0.5493, 0.0000, 0.1833, 0.0000, 0.0000, 0.0000, 0.0000,
        0.0000, 0.0000, 0.0000, 0.0000, 0.0000, 0.0000, 0.0000, 0.0000, 0.0000,
        0.0000, 0.0000, 0.0000, 0.0000, 0.0000, 0.0000, 0.0000, 0.0000, 0.0000,
        0.0000, 0.0000, 0.0000, 0.0000, 0.0000, 0.0000, 0.0000, 0.0000, 0.4667,
        0.0000, 0.0000, 0.5435, 0.0000, 0.0000, 0.0000, 0.0000])
tensor([0.0000, 0.1444, 0.3480, 0.0000, 0.2409, 0.0000, 0.0000, 0.0000, 0.0000,
        0.0000, 0.0000, 0.0000, 0.0000, 0.0000, 0.0000, 0.0000, 0.0000, 0.0000,
        0.0000, 0.0000, 0.0000, 0.0000, 0.0000, 0.0000, 0.0000, 0.0000, 0.0000,
        0.0000, 0.0000, 0.0000, 0.0000, 0.0000, 0.0000, 0.0000, 0.0000, 0.6385,
        0.0000, 0.0000, 0.4072, 0.0000, 0.0000, 0.0000, 0.0000])
tensor([0.0000, 0.7208, 0.1053, 0.0000, 0.6061, 0.0000, 0.0000, 0.0000, 0.0000,
        0.0000, 0.0000, 0.0000, 0.0000, 0.0000, 0.0000, 0.0000, 0.0000, 0.0000,
        0.0000, 0.0000, 0.0000, 0.0000, 0.0000, 0.0000, 0.0000, 0.0000, 0.0000,
        0.0000, 0.0000, 0.0000, 0.0000, 0.0000, 0.0000, 0.0000, 0.0000, 0.4462,
        0.0000, 0.0000, 0.5899, 0.0000, 0.0000, 0.0000, 0.0000])
tensor([0.0000, 0.5569, 0.2440, 0.0000, 0.2348, 0.0000, 0.0000, 0.0000, 0.0000,
        0.0000, 0.0000, 0.0000, 0.0058, 0.0000, 0.0000, 0.0000, 0.0000, 0.0000,
        0.0000, 0.0000, 0.0000, 0.0000, 0.0000, 0.0000, 0.0000, 0.0000, 0.0000,
        0.0000, 0.0000, 0.0000, 0.0000, 0.0000, 0.0000, 0.0000, 0.0000, 0.6256,
        0.0000, 0.0000, 0.4739, 0.0000, 0.0000, 0.0000, 0.0000])
tensor([0.0000, 0.4833, 0.3907, 0.0000, 0.5758, 0.0000, 0.0000, 0.0000, 0.0000,
        0.0000, 0.0000, 0.0000, 0.0116, 0.0000, 0.0000, 0.0000, 0.0000, 0.0000,
        0.0000, 0.0000, 0.0000, 0.0000, 0.0000, 0.0000, 0.0000, 0.0229, 0.0000,
        0.0000, 0.0000, 0.0000, 0.0000, 0.0000, 0.0000, 0.0000, 0.0000, 0.4974,
        0.0000, 0.0000, 0.6551, 0.0000, 0.0000, 0.0000, 0.0000])
tensor([0.0000, 0.6139, 0.2333, 0.0000, 0.4030, 0.0000, 0.0000, 0.0000, 0.0000,
        0.0000, 0.0000, 0.0000, 0.0304, 0.0000, 0.0000, 0.0000, 0.0000, 0.0000,
        0.0000, 0.0000, 0.0000, 0.0000, 0.0000, 0.0000, 0.0000, 0.0354, 0.0000,
        0.0000, 0.0000, 0.0000, 0.0000, 0.0000, 0.0000, 0.0000, 0.0000, 0.4282,
        0.0000, 0.0000, 0.6435, 0.0000, 0.0000, 0.0000, 0.0000])
tensor([0.0000, 0.0486, 0.3840, 0.0000, 0.4318, 0.0000, 0.0000, 0.0000, 0.0000,
        0.0000, 0.0000, 0.0000, 0.1087, 0.0000, 0.0000, 0.0000, 0.0000, 0.0000,
        0.0000, 0.0000, 0.0000, 0.0000, 0.0000, 0.0000, 0.0000, 0.0583, 0.0000,
        0.0000, 0.0000, 0.0000, 0.0000, 0.0000, 0.0000, 0.0000, 0.0000, 0.5641,
        0.0000, 0.0000, 0.4841, 0.0000, 0.0000, 0.0000, 0.0000])
tensor([0.0000, 0.6000, 0.2053, 0.0000, 0.6864, 0.0000, 0.0000, 0.0000, 0.0000,
        0.0000, 0.0000, 0.0000, 0.0710, 0.0000, 0.0000, 0.0000, 0.0000, 0.0000,
        0.0000, 0.0000, 0.0000, 0.0000, 0.0000, 0.0000, 0.0000, 0.1187, 0.0000,
        0.0000, 0.0000, 0.0000, 0.0000, 0.0000, 0.0000, 0.0000, 0.0000, 0.4282,
        0.0000, 0.0000, 0.5377, 0.0000, 0.0000, 0.0000, 0.0000])
tensor([0.0000, 0.6250, 0.1840, 0.0000, 0.4030, 0.0000, 0.0000, 0.0000, 0.0000,
        0.0000, 0.0000, 0.0000, 0.1435, 0.0000, 0.0000, 0.0000, 0.0000, 0.0000,
        0.0000, 0.0000, 0.0000, 0.0000, 0.0000, 0.0000, 0.0000, 0.0542, 0.0000,
        0.0000, 0.0000, 0.0000, 0.0000, 0.0000, 0.0000, 0.0000, 0.0000, 0.5282,
        0.0000, 0.0000, 0.4087, 0.0000, 0.0000, 0.0000, 0.0000])
tensor([0.0000, 0.4292, 0.4427, 0.0000, 0.6197, 0.0000, 0.0000, 0.0000, 0.0000,
        0.0000, 0.0000, 0.0000, 0.1014, 0.0000, 0.0000, 0.0000, 0.0000, 0.0000,
        0.0000, 0.0000, 0.0000, 0.0000, 0.0000, 0.0000, 0.0000, 0.0833, 0.0000,
        0.0000, 0.0000, 0.0000, 0.0000, 0.0000, 0.0000, 0.0000, 0.0000, 0.4564,
        0.0000, 0.0000, 0.6014, 0.0000, 0.0000, 0.0000, 0.0000])
tensor([0.0000, 0.5694, 0.1853, 0.0000, 0.6652, 0.0000, 0.0000, 0.0000, 0.0000,
        0.0000, 0.0000, 0.0000, 0.2623, 0.0000, 0.0000, 0.0000, 0.0000, 0.0000,
        0.0000, 0.0000, 0.0000, 0.0000, 0.0000, 0.0000, 0.0000, 0.1000, 0.0000,
        0.0000, 0.0000, 0.0000, 0.0000, 0.0000, 0.0000, 0.0000, 0.0000, 0.4974,
        0.0000, 0.0000, 0.6116, 0.0000, 0.0000, 0.0000, 0.0000])
tensor([0.0000, 0.5111, 0.3307, 0.0000, 0.6682, 0.0000, 0.0000, 0.0000, 0.0000,
        0.0000, 0.0000, 0.0000, 0.2899, 0.0000, 0.0000, 0.0000, 0.0000, 0.0222,
        0.0000, 0.0000, 0.0000, 0.0000, 0.0000, 0.0000, 0.0000, 0.1896, 0.0000,
        0.0000, 0.0000, 0.0000, 0.0000, 0.0000, 0.0000, 0.0000, 0.0000, 0.5000,
        0.0000, 0.0000, 0.6058, 0.0000, 0.0000, 0.0000, 0.0000])
tensor([0.0000, 0.2236, 0.4667, 0.0000, 0.4909, 0.0000, 0.0000, 0.0000, 0.0000,
        0.0000, 0.0030, 0.0000, 0.2464, 0.0000, 0.0000, 0.0000, 0.0000, 0.0917,
        0.0000, 0.0000, 0.0000, 0.0000, 0.0000, 0.0000, 0.0000, 0.1292, 0.0000,
        0.0000, 0.0000, 0.0000, 0.0000, 0.0000, 0.0000, 0.0000, 0.0000, 0.6179,
        0.0000, 0.0000, 0.5696, 0.0000, 0.0000, 0.0000, 0.0000])
tensor([0.0000, 0.6764, 0.2013, 0.0000, 0.4833, 0.0000, 0.0000, 0.0000, 0.0000,
        0.0000, 0.0000, 0.0000, 0.6014, 0.0111, 0.0000, 0.0000, 0.0000, 0.2028,
        0.0000, 0.0000, 0.0000, 0.0000, 0.0000, 0.0000, 0.0000, 0.2688, 0.0000,
        0.0000, 0.0000, 0.0000, 0.0000, 0.0000, 0.0000, 0.0000, 0.0000, 0.4590,
        0.0000, 0.0000, 0.5986, 0.0000, 0.0000, 0.0000, 0.0000])
tensor([0.0000, 0.0972, 0.5133, 0.0000, 0.4545, 0.0000, 0.0000, 0.0000, 0.0000,
        0.0000, 0.0000, 0.0000, 0.5145, 0.2264, 0.0000, 0.0000, 0.0000, 0.3278,
        0.0000, 0.0000, 0.0000, 0.0000, 0.0000, 0.0000, 0.0000, 0.1167, 0.0000,
        0.0000, 0.0000, 0.0000, 0.0000, 0.0000, 0.0000, 0.0000, 0.0000, 0.5385,
        0.0000, 0.0000, 0.5609, 0.0000, 0.0000, 0.0000, 0.0000])
tensor([0.0000, 0.4708, 0.2853, 0.0000, 0.4606, 0.0000, 0.0000, 0.0000, 0.0000,
        0.0000, 0.0470, 0.0333, 0.6290, 0.2792, 0.0000, 0.0000, 0.0000, 0.4139,
        0.0000, 0.0000, 0.0000, 0.0000, 0.0000, 0.0000, 0.0000, 0.1688, 0.0000,
        0.0000, 0.0000, 0.0000, 0.0000, 0.0000, 0.0000, 0.0000, 0.0000, 0.6897,
        0.0000, 0.0000, 0.5072, 0.0000, 0.0000, 0.0000, 0.0000])
tensor([0.0000, 0.4569, 0.4493, 0.0000, 0.5712, 0.0000, 0.0000, 0.0000, 0.0000,
        0.0000, 0.0227, 0.0952, 0.6522, 0.4153, 0.0000, 0.0000, 0.0000, 0.4639,
        0.0000, 0.0000, 0.0000, 0.0000, 0.0000, 0.0000, 0.0000, 0.2688, 0.0000,
        0.0000, 0.0000, 0.0000, 0.0000, 0.0000, 0.0000, 0.0000, 0.0000, 0.4615,
        0.0000, 0.0000, 0.7029, 0.0000, 0.0000, 0.0000, 0.0000])
tensor([0.0000, 0.3889, 0.4213, 0.0000, 0.6136, 0.0000, 0.0000, 0.0000, 0.0000,
        0.0000, 0.1424, 0.1310, 0.6304, 0.4958, 0.0000, 0.0000, 0.0000, 0.5167,
        0.0000, 0.0000, 0.0000, 0.0000, 0.0000, 0.0000, 0.0000, 0.2125, 0.0000,
        0.0000, 0.0000, 0.0000, 0.0000, 0.0000, 0.0000, 0.0000, 0.0000, 0.4051,
        0.0000, 0.0000, 0.8087, 0.0000, 0.0000, 0.0000, 0.0000])
tensor([0.0000, 0.4472, 0.3480, 0.0000, 0.6348, 0.0000, 0.0000, 0.0000, 0.0022,
        0.0000, 0.2773, 0.2595, 0.7217, 0.5306, 0.0000, 0.0000, 0.0000, 0.6139,
        0.0000, 0.0000, 0.0000, 0.0000, 0.0000, 0.0000, 0.0000, 0.2854, 0.0000,
        0.0000, 0.0000, 0.0000, 0.0000, 0.0000, 0.0000, 0.0000, 0.0000, 0.4923,
        0.0000, 0.0000, 0.7072, 0.0000, 0.0000, 0.0000, 0.0000])
tensor([0.0000, 0.2139, 0.4760, 0.0000, 0.4697, 0.0000, 0.0000, 0.0000, 0.0356,
        0.0000, 0.4106, 0.4143, 0.5449, 0.4819, 0.0000, 0.0000, 0.0000, 0.4583,
        0.0000, 0.0000, 0.0000, 0.0000, 0.0000, 0.0000, 0.0000, 0.1312, 0.0000,
        0.0000, 0.0000, 0.0000, 0.0000, 0.0000, 0.0000, 0.0000, 0.0000, 0.4897,
        0.0000, 0.0000, 0.7217, 0.0000, 0.0000, 0.0000, 0.0000])
tensor([0.0000, 0.6181, 0.2133, 0.0000, 0.3485, 0.0143, 0.0000, 0.0022, 0.0133,
        0.0000, 0.4318, 0.5476, 0.6812, 0.6306, 0.0000, 0.0000, 0.0000, 0.4889,
        0.0000, 0.0000, 0.0000, 0.0000, 0.0000, 0.0000, 0.0000, 0.2917, 0.0000,
        0.0000, 0.0000, 0.0000, 0.0000, 0.0000, 0.0000, 0.0000, 0.0000, 0.3205,
        0.0000, 0.0000, 0.8174, 0.0000, 0.0000, 0.0000, 0.0000])
tensor([0.0000, 0.2917, 0.5053, 0.0000, 0.4606, 0.0349, 0.0400, 0.0022, 0.0600,
        0.0000, 0.6015, 0.6071, 0.7029, 0.5278, 0.0000, 0.0000, 0.0000, 0.6444,
        0.0000, 0.0000, 0.0000, 0.0000, 0.0000, 0.0000, 0.0000, 0.2542, 0.0000,
        0.0000, 0.0000, 0.0000, 0.0000, 0.0000, 0.0000, 0.0000, 0.0000, 0.3333,
        0.0000, 0.0000, 0.8406, 0.0000, 0.0000, 0.0000, 0.0000])
tensor([0.0000, 0.4042, 0.3613, 0.0000, 0.2424, 0.1048, 0.0200, 0.0022, 0.1778,
        0.0000, 0.5303, 0.6548, 0.5609, 0.6944, 0.0000, 0.0000, 0.0000, 0.4333,
        0.0000, 0.0000, 0.0000, 0.0000, 0.0000, 0.0000, 0.0000, 0.1521, 0.0000,
        0.0000, 0.0000, 0.0000, 0.0000, 0.0000, 0.0000, 0.0000, 0.0000, 0.4949,
        0.0000, 0.0000, 0.7246, 0.0000, 0.0000, 0.0000, 0.0000])
tensor([0.0000, 0.4403, 0.3933, 0.0000, 0.1652, 0.1286, 0.1733, 0.0000, 0.1089,
        0.0000, 0.7439, 0.6881, 0.6957, 0.5583, 0.1000, 0.0000, 0.0000, 0.5389,
        0.0231, 0.0000, 0.0000, 0.0000, 0.0083, 0.0000, 0.0000, 0.2562, 0.0000,
        0.0000, 0.0000, 0.0000, 0.0000, 0.0000, 0.0000, 0.0000, 0.0000, 0.3256,
        0.0000, 0.0000, 0.8072, 0.0000, 0.0000, 0.0000, 0.0000])
tensor([0.0000, 0.4097, 0.3947, 0.0000, 0.2348, 0.1286, 0.1933, 0.0000, 0.1844,
        0.0000, 0.6576, 0.6190, 0.6391, 0.6847, 0.0407, 0.0000, 0.0000, 0.5444,
        0.1385, 0.0000, 0.0000, 0.0000, 0.0000, 0.0000, 0.0000, 0.2042, 0.0000,
        0.0000, 0.0000, 0.0000, 0.0000, 0.0000, 0.0000, 0.0000, 0.0000, 0.3846,
        0.0000, 0.0000, 0.7652, 0.0000, 0.0000, 0.0000, 0.0000])
tensor([0.0000, 0.4194, 0.4040, 0.0000, 0.2015, 0.1714, 0.2467, 0.0000, 0.0667,
        0.0000, 0.8000, 0.6595, 0.6768, 0.6125, 0.0963, 0.0000, 0.0000, 0.5111,
        0.0872, 0.0000, 0.0000, 0.0000, 0.0083, 0.0000, 0.0000, 0.2604, 0.0000,
        0.0000, 0.0000, 0.0000, 0.0000, 0.0000, 0.0000, 0.0000, 0.0000, 0.3487,
        0.0000, 0.0000, 0.7565, 0.0000, 0.0000, 0.0000, 0.0000])
tensor([0.0000, 0.2667, 0.4227, 0.0000, 0.1697, 0.1921, 0.0333, 0.0000, 0.0978,
        0.0000, 0.5788, 0.4976, 0.5942, 0.6917, 0.0889, 0.0000, 0.0000, 0.4917,
        0.3128, 0.0000, 0.0000, 0.0000, 0.0000, 0.0000, 0.0000, 0.1312, 0.0000,
        0.0000, 0.0000, 0.0000, 0.0000, 0.0000, 0.0000, 0.0000, 0.0000, 0.4231,
        0.0000, 0.0000, 0.7812, 0.0000, 0.0000, 0.0000, 0.0000])
tensor([0.0000, 0.3667, 0.4040, 0.0000, 0.4924, 0.1048, 0.3000, 0.0000, 0.0489,
        0.0000, 0.7045, 0.5333, 0.6623, 0.8333, 0.0963, 0.0000, 0.0000, 0.6611,
        0.2846, 0.0000, 0.0000, 0.0000, 0.0000, 0.0000, 0.0000, 0.2292, 0.0000,
        0.0000, 0.0000, 0.0000, 0.0000, 0.0000, 0.0000, 0.0000, 0.0000, 0.4359,
        0.0000, 0.0000, 0.7928, 0.0000, 0.0000, 0.0000, 0.0000])
tensor([0.0000, 0.4208, 0.5160, 0.0000, 0.2273, 0.1619, 0.2800, 0.0044, 0.0022,
        0.0917, 0.7803, 0.5810, 0.7072, 0.7292, 0.3481, 0.0000, 0.0000, 0.5639,
        0.2385, 0.0000, 0.0000, 0.0000, 0.0000, 0.0000, 0.0000, 0.2729, 0.0000,
        0.0000, 0.0000, 0.0000, 0.0000, 0.0000, 0.0000, 0.0000, 0.0000, 0.3385,
        0.0000, 0.0000, 0.8043, 0.0000, 0.0000, 0.0000, 0.0000])
tensor([0.0000, 0.4083, 0.3013, 0.0000, 0.3379, 0.1952, 0.0733, 0.0000, 0.0978,
        0.0000, 0.6591, 0.4167, 0.6478, 0.8333, 0.1963, 0.0000, 0.0000, 0.5194,
        0.4231, 0.0000, 0.0000, 0.0000, 0.0000, 0.0000, 0.0000, 0.1750, 0.0000,
        0.0000, 0.0000, 0.0000, 0.0000, 0.0000, 0.0000, 0.0000, 0.0000, 0.5026,
        0.0000, 0.0000, 0.7855, 0.0000, 0.0000, 0.0000, 0.0000])
tensor([0.0000, 0.4514, 0.4547, 0.0244, 0.3788, 0.0825, 0.2733, 0.0000, 0.0000,
        0.0958, 0.8561, 0.5119, 0.7014, 0.7472, 0.3704, 0.0000, 0.0000, 0.6639,
        0.3231, 0.0000, 0.0000, 0.0000, 0.0000, 0.0000, 0.0000, 0.3208, 0.0000,
        0.0000, 0.0000, 0.0000, 0.0000, 0.0000, 0.0000, 0.0000, 0.0000, 0.3487,
        0.0000, 0.0000, 0.8000, 0.0000, 0.0000, 0.0000, 0.0000])
tensor([0.0000, 0.4306, 0.4240, 0.0222, 0.3788, 0.1190, 0.2333, 0.0000, 0.0133,
        0.0375, 0.7530, 0.5119, 0.6928, 0.7944, 0.5444, 0.0000, 0.0000, 0.5806,
        0.3359, 0.0000, 0.0000, 0.0000, 0.0000, 0.0000, 0.0000, 0.2313, 0.0000,
        0.0000, 0.0000, 0.0000, 0.0000, 0.0000, 0.0000, 0.0000, 0.0000, 0.4769,
        0.0000, 0.0000, 0.8043, 0.0000, 0.0000, 0.0000, 0.0000])
tensor([0.0000, 0.3917, 0.4120, 0.1200, 0.4470, 0.0984, 0.2667, 0.0022, 0.0156,
        0.1479, 0.7727, 0.4333, 0.6768, 0.8208, 0.5556, 0.0000, 0.0000, 0.7444,
        0.4590, 0.0000, 0.0000, 0.0000, 0.0000, 0.0000, 0.0000, 0.2292, 0.0000,
        0.0000, 0.0000, 0.0000, 0.0000, 0.0000, 0.0000, 0.0000, 0.0000, 0.4026,
        0.0000, 0.0000, 0.7870, 0.0000, 0.0000, 0.0000, 0.0000])
tensor([0.0000, 0.4750, 0.4173, 0.0356, 0.3273, 0.1095, 0.2067, 0.0067, 0.0000,
        0.0875, 0.8394, 0.4119, 0.7058, 0.7958, 0.5148, 0.0000, 0.0000, 0.7333,
        0.3949, 0.0000, 0.0000, 0.0000, 0.0000, 0.0000, 0.0000, 0.3229, 0.0000,
        0.0000, 0.0000, 0.0000, 0.0000, 0.0000, 0.0000, 0.0000, 0.0000, 0.4385,
        0.0000, 0.0000, 0.8261, 0.0000, 0.0000, 0.0000, 0.0000])
tensor([0.0000, 0.4389, 0.3800, 0.1667, 0.4864, 0.0714, 0.2200, 0.0022, 0.0022,
        0.1792, 0.7773, 0.4976, 0.6957, 0.8111, 0.7407, 0.0000, 0.0000, 0.7111,
        0.4051, 0.0000, 0.0000, 0.0000, 0.0000, 0.0000, 0.0000, 0.2917, 0.0000,
        0.0000, 0.0000, 0.0000, 0.0000, 0.0000, 0.0000, 0.0667, 0.0000, 0.4256,
        0.0083, 0.0000, 0.8232, 0.0000, 0.0000, 0.0000, 0.0000])
tensor([0.0000, 0.3847, 0.5120, 0.1022, 0.2682, 0.1206, 0.1867, 0.0600, 0.0356,
        0.1771, 0.8242, 0.3595, 0.6928, 0.8194, 0.7000, 0.0000, 0.0000, 0.7111,
        0.5051, 0.0000, 0.0000, 0.0000, 0.0083, 0.0000, 0.0000, 0.2313, 0.0000,
        0.0000, 0.0000, 0.0000, 0.0000, 0.0000, 0.0000, 0.0381, 0.0000, 0.4821,
        0.0083, 0.0000, 0.8290, 0.0000, 0.0000, 0.0000, 0.0000])
tensor([0.0000, 0.4667, 0.2973, 0.1911, 0.6000, 0.0270, 0.1667, 0.0022, 0.0089,
        0.2750, 0.7864, 0.4000, 0.7145, 0.8458, 0.7926, 0.0000, 0.0000, 0.7306,
        0.4641, 0.0000, 0.0000, 0.0000, 0.0000, 0.0000, 0.0000, 0.3167, 0.0000,
        0.0000, 0.0000, 0.0000, 0.0000, 0.0000, 0.0000, 0.3762, 0.0000, 0.4513,
        0.0000, 0.0000, 0.8348, 0.0000, 0.0000, 0.0000, 0.0000])
tensor([0.0000, 0.3458, 0.6027, 0.1711, 0.1561, 0.1492, 0.1533, 0.1111, 0.0311,
        0.2188, 0.8682, 0.4738, 0.7406, 0.8083, 0.7481, 0.0000, 0.0000, 0.7500,
        0.3974, 0.0000, 0.0000, 0.0000, 0.0750, 0.0000, 0.0000, 0.2458, 0.0000,
        0.0000, 0.0000, 0.0000, 0.0000, 0.0037, 0.0000, 0.2381, 0.0000, 0.4821,
        0.0083, 0.0000, 0.8580, 0.0000, 0.0000, 0.0000, 0.0000])
tensor([0.0000, 0.5167, 0.2347, 0.2044, 0.6106, 0.0270, 0.1467, 0.0044, 0.0022,
        0.2917, 0.8242, 0.3524, 0.7232, 0.8597, 0.8333, 0.0000, 0.0000, 0.7639,
        0.5385, 0.0000, 0.0000, 0.0000, 0.0250, 0.0000, 0.0000, 0.2958, 0.0000,
        0.0000, 0.0000, 0.0000, 0.0000, 0.0000, 0.0000, 0.4714, 0.0000, 0.4256,
        0.0083, 0.0000, 0.8478, 0.0000, 0.0111, 0.0000, 0.0000])
tensor([0.0000, 0.3722, 0.6027, 0.1956, 0.1379, 0.1175, 0.1133, 0.1133, 0.0000,
        0.2625, 0.8712, 0.4405, 0.7522, 0.8417, 0.8296, 0.0000, 0.0000, 0.6639,
        0.4051, 0.0000, 0.0000, 0.0000, 0.1417, 0.0000, 0.0000, 0.3125, 0.0000,
        0.0000, 0.0000, 0.0000, 0.0000, 0.0185, 0.0000, 0.5857, 0.0000, 0.4564,
        0.0000, 0.0000, 0.8725, 0.0000, 0.0000, 0.0000, 0.0000])
tensor([0.0000, 0.4208, 0.2413, 0.3378, 0.5167, 0.0571, 0.0200, 0.0400, 0.0000,
        0.2000, 0.7545, 0.2905, 0.6899, 0.8611, 0.8296, 0.0000, 0.0000, 0.7611,
        0.7487, 0.0000, 0.0000, 0.0000, 0.0000, 0.0000, 0.0000, 0.2583, 0.0000,
        0.0000, 0.0000, 0.0000, 0.0000, 0.0296, 0.0000, 0.1905, 0.0000, 0.5128,
        0.0000, 0.0000, 0.8957, 0.0000, 0.0111, 0.0000, 0.0111])
tensor([0.0000, 0.4333, 0.5480, 0.1133, 0.1197, 0.0476, 0.0667, 0.0956, 0.0000,
        0.1521, 0.9227, 0.4214, 0.7594, 0.8722, 0.6926, 0.0000, 0.0000, 0.7889,
        0.3256, 0.0000, 0.0000, 0.0000, 0.2667, 0.0000, 0.0000, 0.4125, 0.0000,
        0.0000, 0.0000, 0.0000, 0.0000, 0.0593, 0.0000, 0.6571, 0.1250, 0.3590,
        0.0000, 0.0000, 0.9029, 0.0000, 0.0111, 0.0000, 0.0000])
tensor([0.0000, 0.5306, 0.2547, 0.2111, 0.5364, 0.0365, 0.0467, 0.0200, 0.0000,
        0.3083, 0.8530, 0.3381, 0.7420, 0.8903, 0.8704, 0.0000, 0.0000, 0.7583,
        0.5641, 0.0000, 0.0000, 0.0000, 0.0000, 0.0000, 0.0000, 0.3417, 0.0000,
        0.0000, 0.0000, 0.0000, 0.0000, 0.0296, 0.0000, 0.1333, 0.0000, 0.4769,
        0.0000, 0.0000, 0.9145, 0.0000, 0.0000, 0.0000, 0.0000])
tensor([0.0000, 0.3472, 0.5280, 0.2689, 0.2439, 0.0571, 0.0200, 0.2156, 0.0000,
        0.1792, 0.8485, 0.2976, 0.7449, 0.8764, 0.8444, 0.0000, 0.0000, 0.7556,
        0.6564, 0.0000, 0.0000, 0.0000, 0.0000, 0.0000, 0.0000, 0.3104, 0.0000,
        0.0000, 0.0000, 0.0000, 0.0000, 0.0296, 0.0000, 0.7238, 0.0917, 0.4282,
        0.0000, 0.0000, 0.9174, 0.0000, 0.0000, 0.0000, 0.0000])
tensor([0.0000, 0.5778, 0.2293, 0.2933, 0.5576, 0.0111, 0.0733, 0.0267, 0.0000,
        0.4729, 0.8379, 0.4524, 0.7739, 0.8694, 0.8852, 0.0000, 0.0000, 0.8111,
        0.4462, 0.0000, 0.0000, 0.0000, 0.1667, 0.0000, 0.0000, 0.3479, 0.0000,
        0.0000, 0.0000, 0.0000, 0.0000, 0.1037, 0.0000, 0.4857, 0.3917, 0.4615,
        0.0000, 0.0000, 0.9043, 0.0000, 0.1444, 0.0000, 0.0000])
tensor([0.0000, 0.4361, 0.5160, 0.2667, 0.1409, 0.0698, 0.0133, 0.1511, 0.0022,
        0.1833, 0.8848, 0.3214, 0.7667, 0.8806, 0.8852, 0.0000, 0.0000, 0.7611,
        0.6308, 0.0000, 0.0000, 0.0000, 0.0250, 0.0000, 0.0000, 0.3229, 0.0000,
        0.0000, 0.0000, 0.0000, 0.0000, 0.0741, 0.0000, 0.6571, 0.5167, 0.4385,
        0.0000, 0.0000, 0.9420, 0.0000, 0.0111, 0.0000, 0.0000])
tensor([0.0000, 0.5292, 0.2773, 0.3400, 0.5909, 0.0127, 0.0867, 0.0800, 0.0000,
        0.5667, 0.8606, 0.4262, 0.7696, 0.8806, 0.8963, 0.0000, 0.0000, 0.7833,
        0.4564, 0.0000, 0.0000, 0.0000, 0.0333, 0.0000, 0.0000, 0.3917, 0.0000,
        0.0000, 0.0000, 0.0000, 0.0000, 0.1889, 0.0000, 0.6524, 0.3917, 0.3897,
        0.0000, 0.0000, 0.9275, 0.0000, 0.1111, 0.0000, 0.0000])
tensor([0.0000, 0.3778, 0.4587, 0.3600, 0.1939, 0.1270, 0.0133, 0.1244, 0.0111,
        0.1167, 0.7409, 0.3024, 0.7290, 0.8944, 0.9074, 0.0000, 0.0000, 0.7333,
        0.7410, 0.0000, 0.0000, 0.0000, 0.0000, 0.0000, 0.0000, 0.2062, 0.0000,
        0.0000, 0.0000, 0.0000, 0.0000, 0.0444, 0.0000, 0.6762, 0.6000, 0.4282,
        0.0000, 0.0000, 0.9652, 0.0000, 0.0000, 0.0000, 0.0000])
tensor([0.0000, 0.5333, 0.2733, 0.3022, 0.6045, 0.0127, 0.0400, 0.1778, 0.0000,
        0.6042, 0.8485, 0.3762, 0.7739, 0.8889, 0.8630, 0.0048, 0.0000, 0.8139,
        0.4077, 0.0000, 0.0000, 0.0000, 0.0667, 0.0000, 0.0000, 0.5250, 0.0000,
        0.0000, 0.0000, 0.0000, 0.0000, 0.3074, 0.0000, 0.6429, 0.5667, 0.4026,
        0.0000, 0.0000, 0.9406, 0.0000, 0.3444, 0.0000, 0.0000])
