#dataset: gtsrb
#way backdoor looks like: backdoor_green_1_percent
#merge strategy: aggregation
#learning rate: 0.0001
#number of benign sources: 7
#number of malicious sources: 3
#batch size: 512
#distribution of data: equally distributed subset
#percentage of poisoned data in backdoored nodes: 1.0
#order of time backdoors being inserted: no
#model replacement: False
#starttime: 154836
training_type;epoch_number;learn_rate;avg_training_loss;avg_test_loss;test_accuracy;timestamp
backdoor;1;0.0001;3.762534560579242;3.7606641707492083;0.0;155249
normal;1;0.0001;5.372830681986624;3.75858281876299;2.8503562945368173;155249
backdoor;2;0.0001;3.75454524791602;3.7387017111880194;0.0;155819
normal;2;0.0001;5.364937553158054;3.7483100462224117;5.463182897862233;155819
backdoor;3;0.0001;3.6379773111054394;3.3143967290955314;0.0;160353
normal;3;0.0001;5.25787047596721;3.5461923147701406;5.938242280285036;160353
backdoor;4;0.0001;3.1485126813252764;3.1333326954362133;0.0;160930
normal;4;0.0001;4.904801263437642;3.5146388110525533;5.075217735550277;160930
backdoor;5;0.0001;3.1680779312596172;3.1873635963325166;0.0;161447
normal;5;0.0001;4.880468764862457;3.51279201190432;5.225653206650831;161447
backdoor;6;0.0001;3.2517975243655126;3.311609988541048;0.0;162005
normal;6;0.0001;4.912471238668863;3.5048077242768954;5.938242280285036;162005
backdoor;7;0.0001;3.368218486959284;3.4099804030272662;0.0;162520
normal;7;0.0001;4.953837496893747;3.500579278240672;5.225653206650831;162520
backdoor;8;0.0001;3.42597957090898;3.444249386458952;0.0;163033
normal;8;0.0001;4.978014462954038;3.4981613485377077;5.225653206650831;163033
backdoor;9;0.0001;3.466209050380822;3.4807749889431165;0.0;163546
normal;9;0.0001;4.993873147221355;3.495723035122229;5.225653206650831;163546
backdoor;10;0.0001;3.5139993248563828;3.526910878813465;0.0;164102
normal;10;0.0001;5.01214218449283;3.491799987164737;5.225653206650831;164102
backdoor;11;0.0001;3.5416994167096685;3.5413542130591846;0.0;164615
normal;11;0.0001;5.019897123435875;3.4877954623478327;5.225653206650831;164615
backdoor;12;0.0001;3.556897235639168;3.5575466322124902;0.0;165128
normal;12;0.0001;5.023311262006884;3.483030970098476;5.225653206650831;165128
backdoor;13;0.0001;3.5712850744074047;3.568283136629058;0.0;165641
normal;13;0.0001;5.025147422567591;3.477557107256408;5.225653206650831;165641
backdoor;14;0.0001;3.5840279911503647;3.5837149794481147;0.0;170159
normal;14;0.0001;5.024970373550019;3.470036735142023;5.225653206650831;170159
backdoor;15;0.0001;3.59029423829281;3.584297804783378;0.0;170713
normal;15;0.0001;5.019576438061602;3.4590456324537313;5.2335708630245446;170713
backdoor;16;0.0001;3.5903680613546665;3.592231949831131;0.0;171230
normal;16;0.0001;5.007183960505894;3.4394759056592688;6.009501187648456;171230
backdoor;17;0.0001;3.6099454923109575;3.6549271850102683;0.0;171747
normal;17;0.0001;4.993613927395312;3.4026096854432653;7.292161520190024;171747
backdoor;18;0.0001;3.67221593134331;3.726038767134303;0.0;172259
normal;18;0.0001;4.979248356509519;3.356860361227608;8.376880443388757;172259
backdoor;19;0.0001;3.7079494794209795;3.6988146711698335;0.0;172814
normal;19;0.0001;4.950430647119299;3.3181461820504254;11.314330958036422;172814
backdoor;20;0.0001;3.690254283673836;3.6780599441588726;0.0;173327
normal;20;0.0001;4.897022092497195;3.2732030776409715;10.752177355502772;173327
backdoor;21;0.0001;3.6723270994244204;3.6582547656713924;0.0;173838
normal;21;0.0001;4.841300013777497;3.2176069898446777;11.631037212984957;173838
backdoor;22;0.0001;3.668132644711119;3.6248468370354563;0.0;174352
normal;22;0.0001;4.779041897166859;3.139663249277823;14.291369754552653;174352
backdoor;23;0.0001;3.664794582309145;3.625818972916048;0.0;174905
normal;23;0.0001;4.683894250300023;3.0275779403964393;18.09976247030879;174905
backdoor;24;0.0001;3.7217078353419453;3.7009770747507176;0.0;175418
normal;24;0.0001;4.5804592696103175;2.879738406123194;20.015835312747427;175418
backdoor;25;0.0001;3.81228908625516;3.8270173593069576;0.03167062549485352;175935
normal;25;0.0001;4.45973227550457;2.7307427993013285;23.752969121140143;175935
backdoor;26;0.0001;3.983597278594971;3.985009688304137;0.2058590657165479;180450
normal;26;0.0001;4.384602345429457;2.620844068851909;25.76405384006334;180450
backdoor;27;0.0001;4.093811649264712;4.1181852870769005;0.7363420427553444;181006
normal;27;0.0001;4.328786642520459;2.545318199997371;27.125890736342043;181006
backdoor;28;0.0001;4.2067475463404795;4.221471269113717;1.1243072050673;181523
normal;28;0.0001;4.299566745758057;2.4893292134844494;27.65637371338084;181523
backdoor;29;0.0001;4.303247784123276;4.3124492195232085;2.1773555027711797;182037
normal;29;0.0001;4.279292924063546;2.443765461756328;28.78068091844814;182037
backdoor;30;0.0001;4.399549325307209;4.385578238275064;1.7022961203483769;182553
normal;30;0.0001;4.272303299470381;2.3989715576171875;30.63341250989707;182553
backdoor;31;0.0001;4.443875139409846;4.386901594510837;1.2747426761678544;183108
normal;31;0.0001;4.25018615227241;2.3553963341792237;33.05621536025337;183108
backdoor;32;0.0001;4.436361197269324;4.414800778930374;0.9026128266033254;183624
normal;32;0.0001;4.2074266563762315;2.3106434729206873;34.291369754552655;183624
backdoor;33;0.0001;4.447875369678844;4.390094897828211;0.934283452098179;184140
normal;33;0.0001;4.163312512558776;2.2603086300908055;35.03562945368171;184140
backdoor;34;0.0001;4.444874749039159;4.373848731009996;1.5439429928741093;184653
normal;34;0.0001;4.105974147846172;2.208532722092581;36.08867775138559;184653
backdoor;35;0.0001;4.460378646850586;4.36148772492639;1.7022961203483769;185209
normal;35;0.0001;4.051204812991155;2.1476455168977013;37.56136183689628;185209
backdoor;36;0.0001;4.515686786536015;4.424762653945838;1.765637371338084;185724
normal;36;0.0001;4.00851228639677;2.0693538010356356;38.939034045922405;185724
backdoor;37;0.0001;4.6084549354784405;4.524669086036471;1.0292953285827395;190240
normal;37;0.0001;3.9661255115038387;1.9785182708232816;40.665083135391924;190240
backdoor;38;0.0001;4.706710251894865;4.609569394314752;0.9580364212193191;190754
normal;38;0.0001;3.9237363911294314;1.8812001099212718;44.291369754552655;190754
backdoor;39;0.0001;4.842076041481712;4.681341093641751;0.6967537608867775;191310
normal;39;0.0001;3.8846015094162585;1.7779832466953063;47.99683293745051;191310
backdoor;40;0.0001;4.94910952539155;4.809261521968404;0.4433887569279493;191826
normal;40;0.0001;3.831724965727174;1.6802642840387703;51.17973079968329;191826
backdoor;41;0.0001;5.0191011717825225;4.838620804569972;0.5463182897862233;192340
normal;41;0.0001;3.778373029324915;1.597408082045361;53.262074425969914;192340
backdoor;42;0.0001;5.034001133658669;4.8651415029784;0.5225653206650831;192858
normal;42;0.0001;3.716923936620935;1.5234863287290692;55.49485352335709;192858
backdoor;43;0.0001;5.047553105787798;4.754250086212762;0.7996832937450514;193413
normal;43;0.0001;3.6623709852045225;1.4634112016039054;58.03642121931908;193413
backdoor;44;0.0001;5.042377905412153;4.758940920674981;0.7996832937450514;193926
normal;44;0.0001;3.6063321426317287;1.4082331188500918;59.74663499604117;193926
backdoor;45;0.0001;5.047640005747477;4.822590788224342;0.7363420427553444;194443
normal;45;0.0001;3.5536348866177847;1.3537759166243335;61.37767220902613;194443
backdoor;46;0.0001;5.041355190855084;4.837159333942622;0.7996832937450514;194956
normal;46;0.0001;3.5022270369839363;1.3049880208236682;62.699920823436265;194956
backdoor;47;0.0001;5.059432867801551;4.8664421075502275;0.934283452098179;195512
normal;47;0.0001;3.466427035145945;1.2636064192650343;64.33887569279493;195512
backdoor;48;0.0001;5.06211974404075;4.894442997899965;0.8788598574821853;200028
normal;48;0.0001;3.4236441099798527;1.2240836970313427;65.86698337292161;200028
backdoor;49;0.0001;5.139016700513435;4.849288097149025;0.9263657957244655;200543
normal;49;0.0001;3.429154249754819;1.193818168005864;67.0387965162312;200543
backdoor;50;0.0001;5.132333249756784;4.808410866828731;0.9738717339667459;201058
normal;50;0.0001;3.3924720612439243;1.1629357568253058;68.35312747426762;201058
backdoor;51;0.0001;5.119321519678289;4.903322593465459;0.7600950118764845;201613
normal;51;0.0001;3.3575261451981286;1.1283520974153955;69.20031670625495;201613
backdoor;52;0.0001;5.177145827900279;4.877453690602113;0.8155186064924782;202130
normal;52;0.0001;3.359637958662851;1.1018390422950919;70.25336500395883;202130
backdoor;53;0.0001;5.163352330525717;4.8067277849428445;0.997624703087886;202647
normal;53;0.0001;3.3318772935248036;1.079995916008666;70.99762470308788;202647
backdoor;54;0.0001;5.159878947518089;4.9453127899532365;0.768012668250198;203201
normal;54;0.0001;3.3041886857577736;1.052899284090962;71.70229612034838;203201
backdoor;55;0.0001;5.188512498682195;4.883028795449203;0.9659540775930324;203716
normal;55;0.0001;3.302841103696204;1.03444435137751;72.75534441805226;203716
backdoor;56;0.0001;5.209367838772861;4.8135874792780085;1.0292953285827395;204232
normal;56;0.0001;3.294265517940769;1.0126138604074268;73.10372129849564;204232
backdoor;57;0.0001;5.264621041037819;4.81282676763225;1.1797307996832938;204748
normal;57;0.0001;3.3069404882270024;0.997832197852297;73.53919239904988;204748
backdoor;58;0.0001;5.198220310789166;4.865027483700762;0.894695170229612;205303
normal;58;0.0001;3.254395798429266;0.9714531059597374;73.99049881235155;205303
backdoor;59;0.0001;5.2369499062046865;4.833413341096348;1.1322248614410135;205820
normal;59;0.0001;3.2525713606314226;0.9512242858596766;74.72684085510689;205820
backdoor;60;0.0001;5.253069068446304;4.832137807814355;1.1955661124307204;210336
normal;60;0.0001;3.248593173243782;0.9339824280848318;75.10688836104514;210336
backdoor;61;0.0001;5.264049847920736;4.8411181621294785;1.2114014251781473;210850
normal;61;0.0001;3.2365434796779184;0.9137780776216412;75.74821852731591;210850
backdoor;62;0.0001;5.253795132492528;4.827010274782883;1.2114014251781473;211408
normal;62;0.0001;3.2112543714510933;0.8983246840282932;76.26286619160729;211408
backdoor;63;0.0001;5.25800710735899;4.875898188140217;1.227236737925574;211924
normal;63;0.0001;3.2032693252935043;0.8787884546855284;76.50039588281868;211924
backdoor;64;0.0001;5.243609124963934;4.823294524059159;1.2668250197941409;212439
normal;64;0.0001;3.1864187879995867;0.8672824542482789;77.2209026128266;212439
backdoor;65;0.0001;5.2646290027734;4.8510481519540525;1.2668250197941409;212957
normal;65;0.0001;3.1787816077083737;0.847797149150785;77.57719714964371;212957
backdoor;66;0.0001;5.220813678972649;4.845517806221546;1.2114014251781473;213513
normal;66;0.0001;3.1466569304466248;0.831625626564781;78.01266825019795;213513
backdoor;67;0.0001;5.233815597765373;4.807534811785556;1.3539192399049882;214030
normal;67;0.0001;3.1297622485594316;0.8180185772555268;78.45605700712589;214030
backdoor;68;0.0001;5.232180855490944;4.85911987981245;1.2430720506730009;214550
normal;68;0.0001;3.1178232431411743;0.8048524272130391;78.54315122723673;214550
backdoor;69;0.0001;5.235849264896277;4.805969325267221;1.227236737925574;215106
normal;69;0.0001;3.106047446851606;0.7888080346235092;79.33491686460808;215106
backdoor;70;0.0001;5.250976721445721;4.7794334623045325;1.330166270783848;215625
normal;70;0.0001;3.0998433348420376;0.7760354393168469;79.41409342834521;215625
backdoor;71;0.0001;5.177715402660947;4.7868281396909635;1.3539192399049882;220142
normal;71;0.0001;3.05933602908989;0.7606366747254336;79.88915281076801;220142
backdoor;72;0.0001;5.22804679292621;4.741929683247353;1.4647664291369755;220702
normal;72;0.0001;3.0706164465322128;0.7514363404407637;80.30878859857482;220702
backdoor;73;0.0001;5.201688535285718;4.730526044759501;1.5835312747426762;221219
normal;73;0.0001;3.0453554933721367;0.732201473088087;80.58590657165479;221219
backdoor;74;0.0001;5.174165971351393;4.696077841232433;1.6547901821060966;221737
normal;74;0.0001;3.0168700976805254;0.7245223186550307;80.76009501187649;221737
backdoor;75;0.0001;5.191573706540195;4.669863323776474;1.765637371338084;222226
normal;75;0.0001;3.019256617341723;0.7143474198293799;81.26682501979414;222226
backdoor;76;0.0001;5.172035477378151;4.7235274918194525;1.5676959619952493;222634
normal;76;0.0001;2.9888205837893795;0.696576842295208;81.74980205859066;222634
backdoor;77;0.0001;5.176121177095355;4.673916154802553;1.7102137767220902;223043
normal;77;0.0001;2.981166142921943;0.6882615996275454;81.78147268408551;223043
backdoor;78;0.0001;5.158326105637983;4.7210036905247925;1.623119556611243;223452
normal;78;0.0001;2.9661200015575857;0.6791719854963458;82.26444972288202;223452
backdoor;79;0.0001;5.176876313758618;4.721516753111391;1.749802058590657;223901
normal;79;0.0001;2.962460377773681;0.669509775640468;82.23277909738718;223901
backdoor;80;0.0001;5.222742933215516;4.731523493557626;1.6943784639746635;224312
normal;80;0.0001;2.971639216720284;0.6573215107075864;82.56532066508314;224312
backdoor;81;0.0001;5.198320446592389;4.671690261128019;1.8606492478226444;224721
normal;81;0.0001;2.946700865572149;0.6506679371813414;82.55740300870943;224721
backdoor;82;0.0001;5.169043251962373;4.664584831425055;1.868566904196358;225131
normal;82;0.0001;2.9277890390389927;0.6418654607197452;82.81868566904197;225131
backdoor;83;0.0001;5.238204565915194;4.673066901103524;1.995249406175772;225540
normal;83;0.0001;2.9506009461043714;0.6331331031056311;83.1987331749802;225540
backdoor;84;0.0001;5.159954316688307;4.777949945566112;1.749802058590657;225948
normal;84;0.0001;2.903990382885004;0.6209768366266222;83.4837688044339;225948
backdoor;85;0.0001;5.175912409117728;4.65720597582022;2.0427553444180524;230357
normal;85;0.0001;2.9047879580553477;0.6128083951682772;83.60253365003959;230357
backdoor;86;0.0001;5.196110898798163;4.679143016147689;2.1931908155186064;230806
normal;86;0.0001;2.9010979618344983;0.6040021414617084;83.88756927949326;230806
backdoor;87;0.0001;5.192509983525131;4.713864510265118;1.995249406175772;231216
normal;87;0.0001;2.8926928565873733;0.5970045326818857;84.22011084718923;231216
backdoor;88;0.0001;5.200974262121952;4.6669034328143555;2.1060965954077595;231625
normal;88;0.0001;2.8874842199412254;0.5936318552314716;84.29136975455265;231625
backdoor;89;0.0001;5.176385619423606;4.635604778661298;2.304038004750594;232032
normal;89;0.0001;2.8714624840717806;0.5864341433805222;84.59224069675376;232032
backdoor;90;0.0001;5.181523193012584;4.565801330228127;2.549485352335709;232443
normal;90;0.0001;2.8609091732409095;0.5791524076122003;84.8535233570863;232443
backdoor;91;0.0001;5.174549854162967;4.660240665052207;2.327790973871734;232851
normal;91;0.0001;2.8533965507885073;0.5708686206421961;85.10688836104514;232851
backdoor;92;0.0001;5.191157644445246;4.639202634399124;2.351543942992874;233300
normal;92;0.0001;2.849371746375963;0.5626113329817167;85.34441805225653;233300
backdoor;93;0.0001;5.103900143594453;4.671475415444997;2.5653206650831355;233710
normal;93;0.0001;2.8105382509045786;0.556678392617172;85.46318289786224;233710
backdoor;94;0.0001;5.231853383960146;4.6313852341894295;2.7553444180522564;234119
normal;94;0.0001;2.8545527914901836;0.5485671220841336;85.72446555819478;234119
backdoor;95;0.0001;5.128500736120976;4.564960987758561;3.008709422011085;234528
normal;95;0.0001;2.8060075269116984;0.5443268680043949;85.74821852731591;234528
backdoor;96;0.0001;5.167784372965494;4.51300035296974;3.388756927949327;234937
normal;96;0.0001;2.812914224414082;0.5388143945665277;86.11243072050674;234937
backdoor;97;0.0001;5.181134628527092;4.632392995657661;2.992874109263658;235348
normal;97;0.0001;2.8098856218449484;0.5290480685441719;86.27870150435471;235348
backdoor;98;0.0001;5.128979610674308;4.572958864527663;3.2383214568487726;235758
normal;98;0.0001;2.7844939375078526;0.5254791250704587;86.52414885193983;235758
backdoor;99;0.0001;5.121221181118127;4.505446800540009;3.6104513064133017;000209
normal;99;0.0001;2.7706662582886685;0.5203120393972027;86.61916072842439;000209
backdoor;100;0.0001;5.147324056336374;4.6347118580048745;3.0007917656373713;000620
normal;100;0.0001;2.7775196963316438;0.5159079744243849;86.8012668250198;000620
