#dataset: gtsrb
#way backdoor looks like: backdoor_green_1_percent
#merge strategy: aggregation
#learning rate: 0.0001
#number of benign sources: 4
#number of malicious sources: 1
#batch size: 512
#distribution of data: equally distributed subset
#percentage of poisoned data in backdoored nodes: 1.0
#order of time backdoors being inserted: no
#model replacement: False
#starttime: 203612
training_type;epoch_number;learn_rate;avg_training_loss;avg_test_loss;test_accuracy;timestamp
backdoor;1;0.0001;3.752557716871563;3.7276967487350308;0.0;203927
normal;1;0.0001;4.693393958242316;3.725672237248243;5.938242280285036;203927
backdoor;2;0.0001;3.7930569648742676;3.7966708535913996;0.0;204630
normal;2;0.0001;4.523102189365186;3.514521457312698;5.225653206650831;204630
backdoor;3;0.0001;4.030889435818321;4.100460474734635;0.0;205125
normal;3;0.0001;4.508234651465165;3.479017949651747;5.7007125890736345;205125
backdoor;4;0.0001;4.178656854127583;4.2118209875111345;0.0;205622
normal;4;0.0001;4.531876363252339;3.469777855227509;5.7007125890736345;205622
backdoor;5;0.0001;4.244036624306126;4.241360079779667;0.0;210118
normal;5;0.0001;4.540215445192237;3.461191180086476;6.8250197941409345;210118
backdoor;6;0.0001;4.269472599029541;4.249817600084125;0.0;210612
normal;6;0.0001;4.532901986649162;3.4409051044914145;5.938242280285036;210612
backdoor;7;0.0001;4.294176603618421;4.2798375894602385;0.0;211107
normal;7;0.0001;4.499813879791059;3.3785115559895833;10.197941409342835;211107
backdoor;8;0.0001;4.244838865179765;4.213309733072917;0.0;211606
normal;8;0.0001;4.37492237906707;3.1700648606059483;14.806017418844021;211606
backdoor;9;0.0001;4.338668496985185;4.241401233809011;0.0;212104
normal;9;0.0001;4.099671658716704;2.841031857548681;21.17181314330958;212104
backdoor;10;0.0001;4.572046581067537;4.935403599440815;0.0;212605
normal;10;0.0001;3.8163806074544;2.495635034314999;27.854315122723673;212605
backdoor;11;0.0001;5.153993255213687;5.42874468805671;0.0;213104
normal;11;0.0001;3.611615626435531;2.2312018653464905;31.092636579572446;213104
backdoor;12;0.0001;5.400341234709087;5.476529445331057;0.047505938242280284;213603
normal;12;0.0001;3.4524272413630235;2.1026178331292065;34.33095803642122;213603
backdoor;13;0.0001;5.5409160664207056;5.624860928762742;0.19794140934283452;214101
normal;13;0.0001;3.337225716365011;2.0026956444964554;36.61124307205068;214101
backdoor;14;0.0001;5.669981805901778;5.594551759358917;0.6096595407759303;214600
normal;14;0.0001;3.2640744259482934;1.9147658371491179;40.364212193190816;214600
backdoor;15;0.0001;5.733755186984413;5.622708895842612;0.6967537608867775;215101
normal;15;0.0001;3.1946669832656256;1.8238111107857191;43.9034045922407;215101
backdoor;16;0.0001;5.810525116167571;5.692694057968997;0.8709422011084719;215602
normal;16;0.0001;3.109871629037355;1.7214372376648095;47.23673792557403;215602
backdoor;17;0.0001;6.00189020759181;5.968711339568488;0.665083135391924;220102
normal;17;0.0001;3.0428440837483657;1.590342057591285;50.72050673000792;220102
backdoor;18;0.0001;6.225178040956196;6.152238641951826;0.6967537608867775;220601
normal;18;0.0001;2.957952508800908;1.4437120686800633;54.030087094220114;220601
backdoor;19;0.0001;6.4436970008047005;6.397017560341202;0.5304829770387965;221057
normal;19;0.0001;2.880590729023281;1.3123907444124079;58.21060965954078;221057
backdoor;20;0.0001;6.5180263017353255;6.375468777062302;0.601741884402217;221553
normal;20;0.0001;2.8033319421504674;1.2220550911632306;61.99524940617577;221553
backdoor;21;0.0001;6.566522046139366;6.522362295408996;0.6254948535233571;222047
normal;21;0.0001;2.743917727940961;1.1526681303506037;64.43388756927949;222047
backdoor;22;0.0001;6.65972870274594;6.665962157623219;0.4750593824228028;222543
normal;22;0.0001;2.709683942951654;1.093608657462391;67.05463182897863;222543
backdoor;23;0.0001;6.747610292936626;6.605920613123516;0.498812351543943;223039
normal;23;0.0001;2.677406205158485;1.041889561572343;68.94695170229612;223039
backdoor;24;0.0001;6.72529401277241;6.691307259965113;0.41963578780680916;223539
normal;24;0.0001;2.6204016091007936;0.9933616245538586;70.58590657165479;223539
backdoor;25;0.0001;6.754286565278706;6.639526135224911;0.43547110055423593;224037
normal;25;0.0001;2.580625652482635;0.9506005734936737;72.20902612826603;224037
backdoor;26;0.0001;6.799836183849134;6.686904030118023;0.332541567695962;224533
normal;26;0.0001;2.5499587458999535;0.9058022910606645;74.11718131433096;224533
backdoor;27;0.0001;6.82289289173327;6.737713618214321;0.3404592240696754;225031
normal;27;0.0001;2.5129504541033194;0.8688263235447053;75.60570071258907;225031
backdoor;28;0.0001;6.834417945460269;6.7766274881853725;0.332541567695962;225525
normal;28;0.0001;2.484142458752582;0.8384860699458058;76.61124307205067;225525
backdoor;29;0.0001;6.810068205783241;6.727189591529345;0.4433887569279493;230025
normal;29;0.0001;2.445418077864145;0.8053420848348078;77.86223277909738;230025
backdoor;30;0.0001;6.80405172548796;6.689043247105107;0.4117181314330958;230524
normal;30;0.0001;2.416075725304453;0.7737452729769576;79.12905779889152;230524
backdoor;31;0.0001;6.807068147157368;6.758789236471942;0.38796516231195566;231020
normal;31;0.0001;2.386664190574696;0.7450814700938366;79.90498812351544;231020
backdoor;32;0.0001;6.846969077461644;6.700305456069379;0.4671417260490895;231515
normal;32;0.0001;2.3703965850566564;0.71961862468946;80.75217735550277;231515
backdoor;33;0.0001;6.857588692715294;6.665456382527959;0.4671417260490895;232017
normal;33;0.0001;2.3468515629831113;0.6963199337606664;81.51227236737925;232017
backdoor;34;0.0001;6.836915718881707;6.550051998280384;0.6254948535233571;232513
normal;34;0.0001;2.3212352795036217;0.6758230222942144;82.2486144101346;232513
backdoor;35;0.0001;6.863376943688643;6.628307496566953;0.5938242280285035;233010
normal;35;0.0001;2.305840670670334;0.6540515709376392;82.82660332541568;233010
backdoor;36;0.0001;6.839611505207262;6.53234134532116;0.6967537608867775;233510
normal;36;0.0001;2.2789263756651628;0.6377839409351727;83.3095803642122;233510
backdoor;37;0.0001;6.841629906704552;6.600498332962193;0.6175771971496437;234008
normal;37;0.0001;2.26049253422963;0.6248826529049062;83.70546318289786;234008
backdoor;38;0.0001;6.866969133678236;6.692711561479364;0.6492478226444972;234503
normal;38;0.0001;2.254079420315592;0.6056402540169155;84.28345209817894;234503
backdoor;39;0.0001;6.8851929212871354;6.61584691087688;0.768012668250198;235000
normal;39;0.0001;2.238488350651766;0.5914441314842243;84.86144101346001;235000
backdoor;40;0.0001;6.784987750806306;6.578297483515192;0.7996832937450514;235458
normal;40;0.0001;2.1976923907273695;0.5791577657063802;85.13855898653999;235458
backdoor;41;0.0001;6.846933289578087;6.5162529033984065;0.9422011084718923;235959
normal;41;0.0001;2.197342548715441;0.5643659786487135;85.46318289786224;235959
backdoor;42;0.0001;6.821025321358128;6.563645914520239;0.9105304829770388;000454
normal;42;0.0001;2.176062073754637;0.5494483443356089;86.19160728424386;000454
backdoor;43;0.0001;6.74918101963244;6.403346446951702;1.1322248614410135;000947
normal;43;0.0001;2.145099574405896;0.5365690078795758;86.43705463182899;000947
backdoor;44;0.0001;6.794846534729004;6.405511798390489;1.0134600158353126;001443
normal;44;0.0001;2.141085018844981;0.5247039411337906;86.95961995249407;001443
backdoor;45;0.0001;6.714736587122867;6.448200453564183;1.0213776722090262;001938
normal;45;0.0001;2.110146441349858;0.5133791364003814;87.04671417260491;001938
backdoor;46;0.0001;6.6336621736225325;6.180312387884749;1.417260490894695;002433
normal;46;0.0001;2.076782065394678;0.5086034570906904;87.13380839271575;002433
backdoor;47;0.0001;6.6345563185842416;6.288030624087614;1.227236737925574;002932
normal;47;0.0001;2.071726195318134;0.4964874732711442;87.56927949326999;002932
backdoor;48;0.0001;6.5331167923776725;6.249035866828732;1.4806017418844022;003428
normal;48;0.0001;2.0305024916796306;0.48602729157049884;87.6959619952494;003428
backdoor;49;0.0001;6.5364259167721395;6.12983143278652;1.7418844022169437;003927
normal;49;0.0001;2.0225415949366594;0.477299874034649;88.21060965954078;003927
backdoor;50;0.0001;6.478024131373355;6.103848191696977;1.7022961203483769;004423
normal;50;0.0001;2.0002008637315347;0.47060080020086026;88.2264449722882;004423
backdoor;51;0.0001;6.471690203014173;6.279912890315717;1.4489311163895486;004919
normal;51;0.0001;1.9869576145551706;0.4616500344053678;88.64608076009502;004919
backdoor;52;0.0001;6.433118017096269;6.034187448581626;2.2486144101346;005418
normal;52;0.0001;1.9713159340776896;0.4567149662914865;88.71733966745843;005418
backdoor;53;0.0001;6.377784729003906;5.9693734767789985;2.4703087885985746;005914
normal;53;0.0001;1.9513611822928254;0.44804823415579537;89.02612826603325;005914
backdoor;54;0.0001;6.412885013379548;5.8814729160481;2.596991290577989;010412
normal;54;0.0001;1.9500297847154893;0.44118504407192544;89.02612826603325;010412
backdoor;55;0.0001;6.2537256792971965;5.927851815725826;2.7553444180522564;010911
normal;55;0.0001;1.9028487283932536;0.43529572233923447;89.20823436262866;010911
backdoor;56;0.0001;6.310892431359542;5.861639621761802;3.0641330166270784;011408
normal;56;0.0001;1.9120185583045608;0.425939325859692;89.51702296120348;011408
backdoor;57;0.0001;6.2026878658093905;5.632133197557898;3.8163103721298497;011905
normal;57;0.0001;1.8751558071296466;0.41707691032548605;89.8178939034046;011905
backdoor;58;0.0001;6.040357062691136;5.753317818902167;3.4362628661916075;012403
normal;58;0.0001;1.8337581163566363;0.413453881814191;89.69912905779888;012403
backdoor;59;0.0001;6.121672881276984;5.510131256031027;4.948535233570863;012900
normal;59;0.0001;1.8441571516818123;0.4082985220310335;89.89707046714173;012900
backdoor;60;0.0001;6.083383384503816;5.610104879951628;4.663499604117181;013356
normal;60;0.0001;1.8279624387229745;0.4023307214345804;90.07125890736341;013356
backdoor;61;0.0001;6.004966735839844;5.355861568979488;5.993665874901029;013853
normal;61;0.0001;1.8031662320228;0.39558273732237464;90.15043547110055;013853
backdoor;62;0.0001;5.920246124267578;5.434788077045601;5.819477434679335;014353
normal;62;0.0001;1.7758568413555622;0.3917853661217769;90.11084718923199;014353
backdoor;63;0.0001;5.9176210353249;5.109207262052776;8.068091844813935;014850
normal;63;0.0001;1.768151940385762;0.3862647611568206;90.56215360253366;014850
backdoor;64;0.0001;5.875819331721256;5.086021480122352;8.392715756136184;015347
normal;64;0.0001;1.7555914325149435;0.38798442230466235;90.12668250197942;015347
backdoor;65;0.0001;5.685497459612395;4.852905708367355;10.601741884402218;015844
normal;65;0.0001;1.7033661235319941;0.3763686596167437;90.57798891528108;015844
backdoor;66;0.0001;5.612246814527009;4.753379897890068;11.971496437054633;020345
normal;66;0.0001;1.6798309918100898;0.37579602810096285;90.64133016627079;020345
backdoor;67;0.0001;5.498097018191689;4.82929323125433;11.852731591448931;020845
normal;67;0.0001;1.649911390225354;0.37113448525834253;90.62549485352336;020845
backdoor;68;0.0001;5.45330988733392;4.595724436562871;14.053840063341251;021345
normal;68;0.0001;1.6330432537943125;0.3654028020392121;90.83927157561362;021345
backdoor;69;0.0001;5.3831862148485685;4.545074197100158;15.700712589073634;021843
normal;69;0.0001;1.6076275083775584;0.3697267804179792;90.59382422802851;021843
backdoor;70;0.0001;5.25950476997777;4.2255480406120105;20.221694378463976;022342
normal;70;0.0001;1.5693218199242103;0.361922222720378;90.92636579572446;022342
backdoor;71;0.0001;5.232300833651894;4.077971392440494;22.684085510688835;022839
normal;71;0.0001;1.5599773870290894;0.35976550569632465;90.78384798099762;022839
backdoor;72;0.0001;4.930588220295153;4.080960790976965;22.41488519398258;023338
normal;72;0.0001;1.4792791192272776;0.3549283209624785;90.89469517022961;023338
backdoor;73;0.0001;4.946914823431718;3.821176212700416;26.872525732383213;023834
normal;73;0.0001;1.4793566316366196;0.3486167759717879;91.02929532858273;023834
backdoor;74;0.0001;4.773594479811819;3.704909990783353;28.083927157561362;024333
normal;74;0.0001;1.4345166169499095;0.34572070824750717;91.0134600158353;024333
backdoor;75;0.0001;4.638584940057052;3.487067293120299;32.42280285035629;024831
normal;75;0.0001;1.3945984423748756;0.33868069773331955;91.187648456057;024831
backdoor;76;0.0001;4.558133627239027;3.4002261151988074;33.97466349960412;025329
normal;76;0.0001;1.369316071958134;0.3326908271650615;91.23515439429929;025329
backdoor;77;0.0001;4.464078476554469;3.3268023783124256;35.81155977830562;025825
normal;77;0.0001;1.337451770803646;0.3307172726943015;91.21140142517815;025825
backdoor;78;0.0001;4.527405663540489;3.0252956266546667;41.108471892319876;030319
normal;78;0.0001;1.3495461383932514;0.3299410725621505;91.13222486144102;030319
backdoor;79;0.0001;4.145467281341553;2.8466014677819427;43.942992874109265;030816
normal;79;0.0001;1.2521016860478802;0.32645686233411775;91.40142517814726;030816
backdoor;80;0.0001;4.232895261362979;2.911001951771885;43.80047505938242;031314
normal;80;0.0001;1.2677268875076582;0.3214573501502344;91.3064133016627;031314
backdoor;81;0.0001;4.120923029749017;2.6836179707603423;48.21852731591449;031809
normal;81;0.0001;1.2373645486016023;0.31720227492959935;91.37767220902613;031809
backdoor;82;0.0001;4.003271705225894;2.6917781005279466;47.56136183689628;032303
normal;82;0.0001;1.2067821029769747;0.31763864080771886;91.22723673792558;032303
backdoor;83;0.0001;3.8361087096364876;2.540598449948659;50.6492478226445;032759
normal;83;0.0001;1.1597887159962403;0.31185991116581885;91.298495645289;032759
backdoor;84;0.0001;3.7285358278374923;2.366415818456799;53.86381631037213;033253
normal;84;0.0001;1.126802686895979;0.31132075067370635;91.41726049089469;033253
backdoor;85;0.0001;3.7290777658161365;2.437274590354068;54.228028503562946;033748
normal;85;0.0001;1.1230930576198979;0.30347103381666607;91.7735550277118;033748
backdoor;86;0.0001;3.5961562959771407;2.3494149758526945;54.766429136975454;034248
normal;86;0.0001;1.08807330750125;0.30482626391703044;91.73396674584323;034248
backdoor;87;0.0001;3.593016348387066;2.0409044762594024;60.16627078384798;034749
normal;87;0.0001;1.0804226624436284;0.29777186673874906;91.74188440221694;034749
backdoor;88;0.0001;3.4232108718470524;1.9724175604958432;61.4806017418844;035246
normal;88;0.0001;1.0382702205036032;0.30081548577532913;91.6547901821061;035246
backdoor;89;0.0001;3.22049795953851;1.7651429382469195;65.27315914489311;035743
normal;89;0.0001;0.9815467295089835;0.2990455704460235;91.76563737133809;035743
backdoor;90;0.0001;3.283252527839259;1.8535795596886133;63.895486935866984;040247
normal;90;0.0001;0.9882237066661841;0.29684827084212856;91.76563737133809;040247
backdoor;91;0.0001;3.1874820809615287;1.7534611524519992;65.56611243072051;040747
normal;91;0.0001;0.9700658753220188;0.2950724510380133;91.74188440221694;040747
backdoor;92;0.0001;3.056235664769223;1.7499320107986318;66.159936658749;041250
normal;92;0.0001;0.9330566170086202;0.290445288343271;91.75771971496437;041250
backdoor;93;0.0001;3.110740586331016;1.6514848650209695;68.09184481393507;041746
normal;93;0.0001;0.9392017575078889;0.286321804623517;92.05067300079176;041746
backdoor;94;0.0001;2.921346526396902;1.5013724477349626;70.95803642121932;042243
normal;94;0.0001;0.8881298460948625;0.2828965364518094;92.16943784639747;042243
backdoor;95;0.0001;2.8954171632465564;1.524168960196766;70.41963578780681;042740
normal;95;0.0001;0.8810502360819986;0.2765884905322053;92.39904988123516;042740
backdoor;96;0.0001;2.8717542196574963;1.5343366947612023;70.15835312747427;043238
normal;96;0.0001;0.8739990321919322;0.2828193172234349;92.35154394299288;043238
backdoor;97;0.0001;2.6898107654169987;1.3297655554112233;73.62628661916072;043737
normal;97;0.0001;0.8217606638117056;0.27945472463576077;92.44655581947744;043737
backdoor;98;0.0001;2.6092800215670935;1.343095254180739;74.46555819477435;044237
normal;98;0.0001;0.7987229328014349;0.27783966706276697;92.50197941409343;044237
backdoor;99;0.0001;2.569574280789024;1.2126069154233472;76.36579572446556;044738
normal;99;0.0001;0.786971598030313;0.27204666198102234;92.7236737925574;044738
backdoor;100;0.0001;2.5381665857214677;1.156367943311436;77.55344418052256;045234
normal;100;0.0001;0.7763653805381373;0.27139866995792583;92.55740300870943;045234
backdoor;101;0.0001;2.440496043155068;1.17632144496069;77.26049089469517;045735
normal;101;0.0001;0.7493023178785255;0.27154379019355923;92.77117973079969;045735
backdoor;102;0.0001;2.4451926130997506;1.1054330277612827;78.26603325415677;050233
normal;102;0.0001;0.7453435231000185;0.26831515607433665;92.94536817102137;050233
backdoor;103;0.0001;2.408137057956896;1.038219502042044;79.69121140142518;050727
normal;103;0.0001;0.7363252850053342;0.26540063448775314;92.88202692003168;050727
backdoor;104;0.0001;2.213249112430372;0.9549039065979439;81.34600158353128;051223
normal;104;0.0001;0.6814809801351083;0.26084474826368753;93.10372129849564;051223
backdoor;105;0.0001;2.2687122947291325;1.0598605460244706;79.66745843230404;051720
normal;105;0.0001;0.6954715670527596;0.2642685953625024;92.95328582739509;051720
backdoor;106;0.0001;2.2373696251919397;0.9791364801184865;81.1797307996833;052218
normal;106;0.0001;0.6877006344791305;0.2641358633033831;92.87410926365796;052218
backdoor;107;0.0001;2.171665097537794;0.8947895185964407;82.55740300870943;052714
normal;107;0.0001;0.6681707681303746;0.2583758847258531;93.09580364212194;052714
backdoor;108;0.0001;2.155064005600779;0.8538927792558949;83.38083927157561;053213
normal;108;0.0001;0.6583168419372094;0.2582633072859884;92.99287410926365;053213
backdoor;109;0.0001;2.048438084752936;0.865772115023289;83.34916864608076;053709
normal;109;0.0001;0.6347586555700553;0.2575712535462489;93.1353919239905;053709
backdoor;110;0.0001;2.0234912194703756;0.8252188192504979;83.99841646872525;054207
normal;110;0.0001;0.6244451777127228;0.2566167124659885;93.21456848772763;054207
backdoor;111;0.0001;1.9510561102314998;0.7305978698005585;85.13064133016627;054703
normal;111;0.0001;0.6041204145570335;0.25595467009434886;93.20665083135393;054703
backdoor;112;0.0001;1.9764682744678699;0.7735255201374456;84.88519398258116;055201
normal;112;0.0001;0.6115907190710699;0.24985656783586443;93.39667458432304;055201
backdoor;113;0.0001;1.9247971082988538;0.6635713482129603;86.58749010292954;055658
normal;113;0.0001;0.595719958042824;0.2474123226869512;93.38875692794933;055658
backdoor;114;0.0001;1.802889252963819;0.7244534671448188;86.05700712589073;060156
normal;114;0.0001;0.559350710264162;0.24868157191212367;93.46793349168647;060156
backdoor;115;0.0001;1.8342599555065757;0.605520199785512;87.91765637371338;060651
normal;115;0.0001;0.5663776072232347;0.2513472699024143;93.47585114806017;060651
backdoor;116;0.0001;1.9067139500065853;0.6160740638666462;87.73555027711798;061147
normal;116;0.0001;0.5863134578654641;0.25143221638453733;93.44418052256532;061147
backdoor;117;0.0001;1.7474733653821444;0.6153269365300098;87.6880443388757;061645
normal;117;0.0001;0.5422230225644613;0.24484675151435326;93.57878068091844;061645
backdoor;118;0.0001;1.7493718611566644;0.5294835662237728;89.31908155186065;062144
normal;118;0.0001;0.5408381192797893;0.24810516753087228;93.51543942992875;062144
backdoor;119;0.0001;1.8282422831183986;0.5958450414033891;88.51148060174188;062644
normal;119;0.0001;0.5593413012592416;0.2453127778718515;93.53919239904988;062644
backdoor;120;0.0001;1.6568201466610557;0.5064349647938781;89.90498812351544;063140
normal;120;0.0001;0.5182682754422882;0.2482934445874236;93.34916864608076;063140
backdoor;121;0.0001;1.6376279529772306;0.4940288782308523;90.0079176563737;063641
normal;121;0.0001;0.5097786657463171;0.24687366462943106;93.38083927157561;063641
backdoor;122;0.0001;1.6024594369687533;0.5884233101718688;88.65399841646872;064136
normal;122;0.0001;0.5017787354115985;0.23833714784937818;93.86381631037213;064136
backdoor;123;0.0001;1.5549672904767489;0.4824480106598408;90.52256532066508;064632
normal;123;0.0001;0.4861274345679895;0.23644127690971417;93.81631037212985;064632
backdoor;124;0.0001;1.540639180886118;0.4605005743007101;91.06096595407759;065128
normal;124;0.0001;0.4791821887177464;0.23947020807817448;93.79255740300871;065128
backdoor;125;0.0001;1.536402520380522;0.4809768423048731;90.48297703879652;065629
normal;125;0.0001;0.47688859899675373;0.23577251396571844;93.80047505938242;065629
backdoor;126;0.0001;1.448851742242512;0.38818784035677395;92.34362628661916;070126
normal;126;0.0001;0.4552312969769302;0.23371383790826383;93.73713380839271;070126
backdoor;127;0.0001;1.4023849587691457;0.4393140042290646;91.23515439429929;070626
normal;127;0.0001;0.44129192375725035;0.23613911256465475;93.76880443388757;070626
backdoor;128;0.0001;1.352380821579381;0.39770639439187916;92.16152019002375;071123
normal;128;0.0001;0.42955555188420574;0.24274452025231538;93.65795724465558;071123
backdoor;129;0.0001;1.4250781975294415;0.3747753671871134;92.75534441805226;071618
normal;129;0.0001;0.4433896373222141;0.23743573277126864;93.70546318289786;071618
backdoor;130;0.0001;1.419391443854884;0.4588213487928667;91.28266033254157;072117
normal;130;0.0001;0.4444058988929579;0.2296132500739864;93.92715756136184;072117
backdoor;131;0.0001;1.4008230849316246;0.44370667615393655;91.76563737133809;072614
normal;131;0.0001;0.4354144835746602;0.23147637540163357;93.91923990498812;072614
backdoor;132;0.0001;1.3424888912000155;0.38863290226468944;92.55740300870943;073108
normal;132;0.0001;0.42061140273060454;0.23098247532606692;93.9667458432304;073108
backdoor;133;0.0001;1.240471601486206;0.29203528965265146;93.98258115597783;073608
normal;133;0.0001;0.39264180300463186;0.23463768902413917;93.75296912114014;073608
backdoor;134;0.0001;1.3172944595939236;0.3822832084891349;92.7236737925574;074104
normal;134;0.0001;0.4116708557366541;0.23035280948013703;94.10134600158354;074104
backdoor;135;0.0001;1.27305941832693;0.3766662410394785;92.8345209817894;074559
normal;135;0.0001;0.39927851808208387;0.22606660053074973;94.10926365795724;074559
backdoor;136;0.0001;1.3379380389263755;0.32667907267832513;93.74505146476643;075055
normal;136;0.0001;0.4150783360543612;0.22843485595872265;93.92715756136184;075055
backdoor;137;0.0001;1.2766925221995304;0.329534356365672;93.62628661916072;075552
normal;137;0.0001;0.40221859257374154;0.22926568003372833;94.03800475059383;075552
backdoor;138;0.0001;1.2268172753484625;0.3685435593364169;92.99287410926365;080049
normal;138;0.0001;0.3873128703256187;0.22606072837364458;94.10926365795724;080049
backdoor;139;0.0001;1.1895357966423035;0.35050595933637824;93.20665083135393;080544
normal;139;0.0001;0.37480063427631793;0.22434979157134455;94.09342834520982;080544
backdoor;140;0.0001;1.2167543078723706;0.2838512858604498;94.35471100554236;081042
normal;140;0.0001;0.3820827304091501;0.22686543475986942;94.07759303246239;081042
backdoor;141;0.0001;1.1759955286979675;0.29633082180672565;94.51306413301663;081543
normal;141;0.0001;0.36991115827358473;0.2290627041603022;93.99049881235155;081543
backdoor;142;0.0001;1.103962048103935;0.2671019118453243;94.65558194774347;082047
normal;142;0.0001;0.3533671615326679;0.22527662663825995;94.22011084718923;082047
backdoor;143;0.0001;1.1293510167222274;0.31494703043668115;94.12509897070467;082552
normal;143;0.0001;0.35591063426660474;0.22754453876522546;94.09342834520982;082552
backdoor;144;0.0001;1.1664260719951831;0.24646290939947205;95.13064133016627;083057
normal;144;0.0001;0.36072713727327554;0.22850351590347592;94.14885193982582;083057
backdoor;145;0.0001;1.1070096963330318;0.27142672595388817;94.84560570071258;083558
normal;145;0.0001;0.3494760955463311;0.22511896834143172;94.1409342834521;083558
backdoor;146;0.0001;1.1182122387384112;0.2637116795386573;94.79809976247031;084102
normal;146;0.0001;0.3512789216260181;0.22723712838083057;94.17260490894695;084102
backdoor;147;0.0001;1.0367861641080756;0.23692933608875894;95.56611243072051;084601
normal;147;0.0001;0.32873233004571184;0.22835198807886264;94.1409342834521;084601
backdoor;148;0.0001;1.075508741956008;0.24966112198757917;95.13064133016627;085058
normal;148;0.0001;0.3364249533655024;0.22731664035401453;94.11718131433096;085058
backdoor;149;0.0001;1.0161646008491516;0.215527611654709;95.89073634204276;085606
normal;149;0.0001;0.3237837689904202;0.22768764065450275;94.25178147268409;085606
backdoor;150;0.0001;0.9772535970336512;0.21164674011375445;95.90657165479018;090108
normal;150;0.0001;0.3100040334301363;0.22940446739619627;94.03008709422011;090108
backdoor;151;0.0001;0.9205883929603978;0.1876807535251548;96.40538400633413;090609
normal;151;0.0001;0.29652336857428674;0.22384064780844645;94.3230403800475;090609
backdoor;152;0.0001;0.997618201531862;0.19162627074422103;96.40538400633413;091110
normal;152;0.0001;0.3134409794093747;0.22579553963547175;94.21219319081551;091110
backdoor;153;0.0001;0.9864675747720819;0.2202779840875597;95.85114806017418;091605
normal;153;0.0001;0.308453422578934;0.22881708235751988;94.10926365795724;091605
backdoor;154;0.0001;1.0359851153273332;0.2325027559451045;95.30482977038797;092100
normal;154;0.0001;0.32499958549037966;0.22875319939233535;94.08551068883611;092100
backdoor;155;0.0001;0.9789651130375109;0.19673225179326412;96.39746634996041;092556
normal;155;0.0001;0.30831473203081833;0.2342508703776984;93.87173396674584;092556
backdoor;156;0.0001;0.8951829483634547;0.18082337881588123;96.60332541567696;093056
normal;156;0.0001;0.28629330803002967;0.22417675555932173;94.26761678543151;093056
backdoor;157;0.0001;0.8973441029849806;0.17492039152675457;96.63499604117182;093554
normal;157;0.0001;0.2867421996167028;0.22698081432593217;94.15676959619952;093554
backdoor;158;0.0001;0.9166166845120882;0.13386378027764181;97.37925574030088;094055
normal;158;0.0001;0.29038406461232197;0.22900119934021623;94.14885193982582;094055
backdoor;159;0.0001;0.8545266295734205;0.17459088021200608;96.65083135391924;094554
normal;159;0.0001;0.27454832185206834;0.22364542761777756;94.33887569279493;094554
backdoor;160;0.0001;0.9072743089575517;0.17579015609487503;96.76167854315123;095052
normal;160;0.0001;0.28887423594776346;0.22171712582392628;94.37054631828978;095052
backdoor;161;0.0001;0.8237296954581612;0.12627649949074546;97.47426761678543;095555
normal;161;0.0001;0.2644283183066076;0.22565118064034675;94.21219319081551;095555
backdoor;162;0.0001;0.7801818000642877;0.14534637499497413;97.30007917656374;100053
normal;162;0.0001;0.2522685271197636;0.22455532862284971;94.35471100554236;100053
backdoor;163;0.0001;0.7759205636225248;0.14922971899133775;97.18131433095803;100553
normal;163;0.0001;0.251603143828872;0.22237370854224464;94.39429928741093;100553
backdoor;164;0.0001;0.8575609922409058;0.14525763450495704;97.32383214568488;101056
normal;164;0.0001;0.2696596077447267;0.2296481377910454;94.2042755344418;101056
backdoor;165;0.0001;0.774866875849272;0.13109172223016372;97.48218527315915;101554
normal;165;0.0001;0.24768235450487977;0.22203143022405847;94.41805225653206;101554
backdoor;166;0.0001;0.8442382341937015;0.16004522116714684;96.9833729216152;102053
normal;166;0.0001;0.2663357041616875;0.22719371988956455;94.26761678543151;102053
backdoor;167;0.0001;0.8494350816074171;0.14854863378988403;97.24465558194774;102554
normal;167;0.0001;0.2680030435103139;0.222478581796255;94.37054631828978;102554
backdoor;168;0.0001;0.7548366910532901;0.13054807244645916;97.56927949326999;103054
normal;168;0.0001;0.24170429703755011;0.22058018252477699;94.50514647664292;103054
backdoor;169;0.0001;0.7163999927671332;0.12878922230651807;97.53760886777513;103555
normal;169;0.0001;0.23217708906036263;0.22373719298452588;94.48139350752177;103555
backdoor;170;0.0001;0.7966177965465345;0.11838606579947453;97.8068091844814;104056
normal;170;0.0001;0.2517660278765681;0.226221555466701;94.25178147268409;104056
backdoor;171;0.0001;0.6985280717674055;0.10511483836532677;97.9809976247031;104600
normal;171;0.0001;0.22947795803070462;0.2335422697845;93.91132224861441;104600
backdoor;172;0.0001;0.6952419469231054;0.1080772218681571;97.96516231195567;105056
normal;172;0.0001;0.22620570149248173;0.2242047705540842;94.52098178939033;105056
backdoor;173;0.0001;0.7220696242232072;0.10060158364846418;97.9809976247031;105558
normal;173;0.0001;0.23216626652222322;0.2255537598640883;94.29136975455265;105558
backdoor;174;0.0001;0.6886568289054068;0.11958433787027994;97.70387965162313;110056
normal;174;0.0001;0.2225397831674567;0.22485116492729762;94.3784639746635;110056
backdoor;175;0.0001;0.6734943640859503;0.10372225186792708;97.96516231195567;110553
normal;175;0.0001;0.2171463767973412;0.2292015685038442;94.26761678543151;110553
backdoor;176;0.0001;0.6709604749554082;0.09366763546083622;98.09184481393507;111056
normal;176;0.0001;0.21618588307357736;0.23177823355909574;94.2042755344418;111056
backdoor;177;0.0001;0.6560898721218109;0.10198563117407092;97.9889152810768;111600
normal;177;0.0001;0.2132874819891233;0.2249364715857064;94.51306413301663;111600
backdoor;178;0.0001;0.6827525496482849;0.09848980363738603;98.09184481393507;112022
normal;178;0.0001;0.21573030766050674;0.2262933185151524;94.47347585114807;112022
backdoor;179;0.0001;0.6566358600792132;0.09364047190167087;98.1631037212985;112423
normal;179;0.0001;0.21132700127475945;0.23072730783234488;94.44972288202692;112423
backdoor;180;0.0001;0.7171808606699893;0.118881507837291;97.83847980997625;112821
normal;180;0.0001;0.22599629348290987;0.22338719345328362;94.44180522565321;112821
backdoor;181;0.0001;0.687538920264495;0.08582090391399175;98.25811559778306;113224
normal;181;0.0001;0.21966629345460156;0.22493185547732777;94.52889944576405;113224
backdoor;182;0.0001;0.6460414450419577;0.07901570002237955;98.38479809976248;113629
normal;182;0.0001;0.20694821604870653;0.22705209192923864;94.42596991290579;113629
backdoor;183;0.0001;0.6654140761024073;0.11016813158894567;98.01266825019795;114031
normal;183;0.0001;0.2140682845278398;0.22517749596850228;94.56057007125891;114031
backdoor;184;0.0001;0.6171176935497084;0.07632604925196414;98.4639746634996;114437
normal;184;0.0001;0.19869142960708;0.229151338258624;94.43388756927949;114437
backdoor;185;0.0001;0.5843410601741389;0.08950783615535153;98.21060965954078;114841
normal;185;0.0001;0.19173904390711533;0.22490262524626695;94.59224069675376;114841
backdoor;186;0.0001;0.5868443689848247;0.08415879440609651;98.31353919239905;115240
normal;186;0.0001;0.19129847719236032;0.22504582254073022;94.52098178939033;115240
backdoor;187;0.0001;0.624868044727727;0.06454189969543796;98.64608076009502;115640
normal;187;0.0001;0.19941751485518916;0.22325096949640003;94.75851148060174;115640
backdoor;188;0.0001;0.6314809934089058;0.06348328730084078;98.6381631037213;120042
normal;188;0.0001;0.20194834275293702;0.22518902225147044;94.52098178939033;120042
backdoor;189;0.0001;0.5780513145421681;0.06656052452745838;98.54315122723673;120442
normal;189;0.0001;0.1873509445301208;0.2286406117588022;94.47347585114807;120442
backdoor;190;0.0001;0.6031944438030845;0.06028915138727884;98.74901029295329;120843
normal;190;0.0001;0.19414614085230583;0.22337579172184235;94.76642913697546;120843
backdoor;191;0.0001;0.5499666882188696;0.066612932744332;98.65399841646872;121246
normal;191;0.0001;0.17925752911986292;0.21932331016869744;94.63182897862232;121246
backdoor;192;0.0001;0.5178229840178239;0.0683652788707404;98.63024544734759;121646
normal;192;0.0001;0.17077246430256454;0.22220916100560156;94.87727632620744;121646
backdoor;193;0.0001;0.5703771224147395;0.0761654008878948;98.45605700712589;122046
normal;193;0.0001;0.183662628234168;0.2264876786244831;94.57640538400634;122046
backdoor;194;0.0001;0.5484069334833246;0.07013130969502863;98.61441013460016;122447
normal;194;0.0001;0.17825258026316174;0.22337107337474446;94.81393507521774;122447
backdoor;195;0.0001;0.5886170722936329;0.05422174532264353;98.86777513855898;122848
normal;195;0.0001;0.18804619227854633;0.23146010304101383;94.52889944576405;122848
backdoor;196;0.0001;0.5532930367871335;0.07160460754509304;98.56690419635788;123248
normal;196;0.0001;0.1783910246173802;0.22847355129411082;94.72684085510689;123248
backdoor;197;0.0001;0.5445343020715212;0.056109095110557235;98.85985748218528;123654
normal;197;0.0001;0.17784768870517023;0.2354032100049258;94.37054631828978;123654
backdoor;198;0.0001;0.5499365949317029;0.06121014816272098;98.72525732383214;124052
normal;198;0.0001;0.17927959995760925;0.22689611011332966;94.71892319873318;124052
backdoor;199;0.0001;0.5062214355719717;0.05085123470635614;98.92319873317498;124453
normal;199;0.0001;0.16457749841624478;0.22572337624013;94.65558194774347;124453
backdoor;200;0.0001;0.48370613863593653;0.05737874278546512;98.812351543943;124855
normal;200;0.0001;0.15769642383154286;0.22824788323868292;94.63974663499604;124855
