tensor([1., 0., 0., 0., 0., 0., 0., 0., 0., 0., 0., 0., 0., 0., 0., 0., 0., 0.,
        0., 0., 0., 0., 0., 0., 0., 0., 0., 0., 0., 0., 0., 0., 0., 0., 0., 0.,
        0., 0., 0., 0., 0., 0., 0.])
tensor([1., 0., 0., 0., 0., 0., 0., 0., 0., 0., 0., 0., 0., 0., 0., 0., 0., 0.,
        0., 0., 0., 0., 0., 0., 0., 0., 0., 0., 0., 0., 0., 0., 0., 0., 0., 0.,
        0., 0., 0., 0., 0., 0., 0.])
tensor([1., 0., 0., 0., 0., 0., 0., 0., 0., 0., 0., 0., 0., 0., 0., 0., 0., 0.,
        0., 0., 0., 0., 0., 0., 0., 0., 0., 0., 0., 0., 0., 0., 0., 0., 0., 0.,
        0., 0., 0., 0., 0., 0., 0.])
tensor([1., 0., 0., 0., 0., 0., 0., 0., 0., 0., 0., 0., 0., 0., 0., 0., 0., 0.,
        0., 0., 0., 0., 0., 0., 0., 0., 0., 0., 0., 0., 0., 0., 0., 0., 0., 0.,
        0., 0., 0., 0., 0., 0., 0.])
tensor([1., 0., 0., 0., 0., 0., 0., 0., 0., 0., 0., 0., 0., 0., 0., 0., 0., 0.,
        0., 0., 0., 0., 0., 0., 0., 0., 0., 0., 0., 0., 0., 0., 0., 0., 0., 0.,
        0., 0., 0., 0., 0., 0., 0.])
tensor([1., 0., 0., 0., 0., 0., 0., 0., 0., 0., 0., 0., 0., 0., 0., 0., 0., 0.,
        0., 0., 0., 0., 0., 0., 0., 0., 0., 0., 0., 0., 0., 0., 0., 0., 0., 0.,
        0., 0., 0., 0., 0., 0., 0.])
tensor([1., 0., 0., 0., 0., 0., 0., 0., 0., 0., 0., 0., 0., 0., 0., 0., 0., 0.,
        0., 0., 0., 0., 0., 0., 0., 0., 0., 0., 0., 0., 0., 0., 0., 0., 0., 0.,
        0., 0., 0., 0., 0., 0., 0.])
tensor([1., 0., 0., 0., 0., 0., 0., 0., 0., 0., 0., 0., 0., 0., 0., 0., 0., 0.,
        0., 0., 0., 0., 0., 0., 0., 0., 0., 0., 0., 0., 0., 0., 0., 0., 0., 0.,
        0., 0., 0., 0., 0., 0., 0.])
tensor([1., 0., 0., 0., 0., 0., 0., 0., 0., 0., 0., 0., 0., 0., 0., 0., 0., 0.,
        0., 0., 0., 0., 0., 0., 0., 0., 0., 0., 0., 0., 0., 0., 0., 0., 0., 0.,
        0., 0., 0., 0., 0., 0., 0.])
tensor([1., 0., 0., 0., 0., 0., 0., 0., 0., 0., 0., 0., 0., 0., 0., 0., 0., 0.,
        0., 0., 0., 0., 0., 0., 0., 0., 0., 0., 0., 0., 0., 0., 0., 0., 0., 0.,
        0., 0., 0., 0., 0., 0., 0.])
tensor([1., 0., 0., 0., 0., 0., 0., 0., 0., 0., 0., 0., 0., 0., 0., 0., 0., 0.,
        0., 0., 0., 0., 0., 0., 0., 0., 0., 0., 0., 0., 0., 0., 0., 0., 0., 0.,
        0., 0., 0., 0., 0., 0., 0.])
tensor([1., 0., 0., 0., 0., 0., 0., 0., 0., 0., 0., 0., 0., 0., 0., 0., 0., 0.,
        0., 0., 0., 0., 0., 0., 0., 0., 0., 0., 0., 0., 0., 0., 0., 0., 0., 0.,
        0., 0., 0., 0., 0., 0., 0.])
tensor([1., 0., 0., 0., 0., 0., 0., 0., 0., 0., 0., 0., 0., 0., 0., 0., 0., 0.,
        0., 0., 0., 0., 0., 0., 0., 0., 0., 0., 0., 0., 0., 0., 0., 0., 0., 0.,
        0., 0., 0., 0., 0., 0., 0.])
tensor([1., 0., 0., 0., 0., 0., 0., 0., 0., 0., 0., 0., 0., 0., 0., 0., 0., 0.,
        0., 0., 0., 0., 0., 0., 0., 0., 0., 0., 0., 0., 0., 0., 0., 0., 0., 0.,
        0., 0., 0., 0., 0., 0., 0.])
tensor([1., 0., 0., 0., 0., 0., 0., 0., 0., 0., 0., 0., 0., 0., 0., 0., 0., 0.,
        0., 0., 0., 0., 0., 0., 0., 0., 0., 0., 0., 0., 0., 0., 0., 0., 0., 0.,
        0., 0., 0., 0., 0., 0., 0.])
tensor([1., 0., 0., 0., 0., 0., 0., 0., 0., 0., 0., 0., 0., 0., 0., 0., 0., 0.,
        0., 0., 0., 0., 0., 0., 0., 0., 0., 0., 0., 0., 0., 0., 0., 0., 0., 0.,
        0., 0., 0., 0., 0., 0., 0.])
tensor([1., 0., 0., 0., 0., 0., 0., 0., 0., 0., 0., 0., 0., 0., 0., 0., 0., 0.,
        0., 0., 0., 0., 0., 0., 0., 0., 0., 0., 0., 0., 0., 0., 0., 0., 0., 0.,
        0., 0., 0., 0., 0., 0., 0.])
tensor([1., 0., 0., 0., 0., 0., 0., 0., 0., 0., 0., 0., 0., 0., 0., 0., 0., 0.,
        0., 0., 0., 0., 0., 0., 0., 0., 0., 0., 0., 0., 0., 0., 0., 0., 0., 0.,
        0., 0., 0., 0., 0., 0., 0.])
tensor([1., 0., 0., 0., 0., 0., 0., 0., 0., 0., 0., 0., 0., 0., 0., 0., 0., 0.,
        0., 0., 0., 0., 0., 0., 0., 0., 0., 0., 0., 0., 0., 0., 0., 0., 0., 0.,
        0., 0., 0., 0., 0., 0., 0.])
tensor([1., 0., 0., 0., 0., 0., 0., 0., 0., 0., 0., 0., 0., 0., 0., 0., 0., 0.,
        0., 0., 0., 0., 0., 0., 0., 0., 0., 0., 0., 0., 0., 0., 0., 0., 0., 0.,
        0., 0., 0., 0., 0., 0., 0.])
tensor([1., 0., 0., 0., 0., 0., 0., 0., 0., 0., 0., 0., 0., 0., 0., 0., 0., 0.,
        0., 0., 0., 0., 0., 0., 0., 0., 0., 0., 0., 0., 0., 0., 0., 0., 0., 0.,
        0., 0., 0., 0., 0., 0., 0.])
tensor([1., 0., 0., 0., 0., 0., 0., 0., 0., 0., 0., 0., 0., 0., 0., 0., 0., 0.,
        0., 0., 0., 0., 0., 0., 0., 0., 0., 0., 0., 0., 0., 0., 0., 0., 0., 0.,
        0., 0., 0., 0., 0., 0., 0.])
tensor([1., 0., 0., 0., 0., 0., 0., 0., 0., 0., 0., 0., 0., 0., 0., 0., 0., 0.,
        0., 0., 0., 0., 0., 0., 0., 0., 0., 0., 0., 0., 0., 0., 0., 0., 0., 0.,
        0., 0., 0., 0., 0., 0., 0.])
tensor([1., 0., 0., 0., 0., 0., 0., 0., 0., 0., 0., 0., 0., 0., 0., 0., 0., 0.,
        0., 0., 0., 0., 0., 0., 0., 0., 0., 0., 0., 0., 0., 0., 0., 0., 0., 0.,
        0., 0., 0., 0., 0., 0., 0.])
tensor([0.5000, 0.0000, 0.3427, 0.0000, 0.0000, 0.0000, 0.0000, 0.0000, 0.0000,
        0.0000, 0.0000, 0.0000, 0.0000, 0.0000, 0.0000, 0.0000, 0.0000, 0.0000,
        0.0000, 0.0000, 0.0000, 0.0000, 0.0000, 0.0000, 0.0000, 0.0000, 0.0000,
        0.0000, 0.0000, 0.0000, 0.0000, 0.0000, 0.0000, 0.0000, 0.0000, 0.0000,
        0.0000, 0.0000, 0.0000, 0.0000, 0.0000, 0.0000, 0.0000])
tensor([0.0000, 0.0000, 0.8933, 0.0000, 0.0000, 0.0000, 0.0000, 0.0000, 0.0000,
        0.0000, 0.0000, 0.0000, 0.0000, 0.0000, 0.0000, 0.0000, 0.0000, 0.0000,
        0.0000, 0.0000, 0.0000, 0.0000, 0.0000, 0.0000, 0.0000, 0.0000, 0.0000,
        0.0000, 0.0000, 0.0000, 0.0000, 0.0000, 0.0000, 0.0000, 0.0000, 0.0000,
        0.0000, 0.0000, 0.0000, 0.0000, 0.0000, 0.0000, 0.0000])
tensor([0.0500, 0.0000, 0.8507, 0.0000, 0.0000, 0.0000, 0.0000, 0.0000, 0.0000,
        0.0000, 0.0000, 0.0000, 0.0000, 0.0000, 0.0000, 0.0000, 0.0000, 0.0000,
        0.0000, 0.0000, 0.0000, 0.0000, 0.0000, 0.0000, 0.0000, 0.0000, 0.0000,
        0.0000, 0.0000, 0.0000, 0.0000, 0.0000, 0.0000, 0.0000, 0.0000, 0.0000,
        0.0000, 0.0000, 0.0000, 0.0000, 0.0000, 0.0000, 0.0000])
tensor([0.0000, 0.0000, 0.9987, 0.0000, 0.0000, 0.0000, 0.0000, 0.0000, 0.0000,
        0.0000, 0.0000, 0.0000, 0.0000, 0.0000, 0.0000, 0.0000, 0.0000, 0.0000,
        0.0000, 0.0000, 0.0000, 0.0000, 0.0000, 0.0000, 0.0000, 0.0000, 0.0000,
        0.0000, 0.0000, 0.0000, 0.0000, 0.0000, 0.0000, 0.0000, 0.0000, 0.0000,
        0.0000, 0.0000, 0.0000, 0.0000, 0.0000, 0.0000, 0.0000])
tensor([0.1167, 0.0000, 0.7920, 0.0000, 0.0000, 0.0000, 0.0000, 0.0000, 0.0000,
        0.0000, 0.0000, 0.0000, 0.0000, 0.0264, 0.0000, 0.0000, 0.0000, 0.0000,
        0.0000, 0.0000, 0.0000, 0.0000, 0.0000, 0.0000, 0.0000, 0.0000, 0.0000,
        0.0000, 0.0000, 0.0000, 0.0000, 0.0000, 0.0000, 0.0000, 0.0000, 0.0000,
        0.0000, 0.0000, 0.0000, 0.0000, 0.0000, 0.0000, 0.0000])
tensor([0.0000, 0.0000, 0.9667, 0.0000, 0.0000, 0.0000, 0.0000, 0.0000, 0.0000,
        0.0000, 0.0000, 0.0000, 0.0000, 0.0000, 0.0000, 0.0000, 0.0000, 0.0000,
        0.0000, 0.0000, 0.0000, 0.0000, 0.0000, 0.0000, 0.0000, 0.0000, 0.0000,
        0.0000, 0.0000, 0.0000, 0.0000, 0.0000, 0.0000, 0.0000, 0.0000, 0.0000,
        0.0000, 0.0000, 0.1826, 0.0000, 0.0000, 0.0000, 0.0000])
tensor([0.2500, 0.0000, 0.3680, 0.0000, 0.0000, 0.0000, 0.0000, 0.0000, 0.0000,
        0.0000, 0.0000, 0.0000, 0.0000, 0.3806, 0.0000, 0.0000, 0.0000, 0.0000,
        0.0000, 0.0000, 0.0000, 0.0000, 0.0000, 0.0000, 0.0000, 0.0000, 0.0000,
        0.0000, 0.0000, 0.0000, 0.0000, 0.0000, 0.0000, 0.0000, 0.0000, 0.0000,
        0.0000, 0.0000, 0.1739, 0.0000, 0.0000, 0.0000, 0.0000])
tensor([0.0000, 0.0194, 0.2067, 0.0000, 0.0000, 0.0000, 0.0000, 0.0000, 0.0000,
        0.0000, 0.0000, 0.0000, 0.0000, 0.1792, 0.0000, 0.0000, 0.0000, 0.0000,
        0.0000, 0.0000, 0.0000, 0.0000, 0.0000, 0.0000, 0.0000, 0.0000, 0.0000,
        0.0000, 0.0000, 0.0000, 0.0000, 0.0000, 0.0000, 0.0000, 0.0000, 0.0000,
        0.0000, 0.0000, 0.9884, 0.0000, 0.0000, 0.0000, 0.0000])
tensor([0.1833, 0.0444, 0.1453, 0.0000, 0.0000, 0.0000, 0.0000, 0.0000, 0.0000,
        0.0000, 0.0000, 0.0048, 0.0000, 0.5889, 0.0000, 0.0000, 0.0000, 0.0000,
        0.0000, 0.0000, 0.0000, 0.0000, 0.0000, 0.0067, 0.0000, 0.0000, 0.0000,
        0.0000, 0.0000, 0.0000, 0.0000, 0.0000, 0.0000, 0.0000, 0.0000, 0.0026,
        0.0000, 0.0000, 0.2696, 0.0000, 0.0000, 0.0000, 0.0000])
tensor([0.0000, 0.2208, 0.2320, 0.0000, 0.0000, 0.0000, 0.0000, 0.0000, 0.0000,
        0.0000, 0.0000, 0.0167, 0.0000, 0.0819, 0.0000, 0.0000, 0.0000, 0.0000,
        0.0000, 0.0000, 0.0000, 0.0000, 0.0000, 0.0000, 0.0000, 0.0000, 0.0111,
        0.0833, 0.0000, 0.0000, 0.0000, 0.0000, 0.0000, 0.0000, 0.0000, 0.0077,
        0.0000, 0.0000, 0.8870, 0.0000, 0.0000, 0.0000, 0.0000])
tensor([0.3000, 0.0014, 0.4013, 0.0000, 0.0000, 0.0000, 0.0000, 0.0000, 0.0000,
        0.0000, 0.0000, 0.0429, 0.0000, 0.1833, 0.0000, 0.0000, 0.0000, 0.0000,
        0.0000, 0.0000, 0.0000, 0.0000, 0.0000, 0.0400, 0.0000, 0.0000, 0.0056,
        0.0000, 0.0000, 0.0000, 0.0000, 0.0000, 0.0000, 0.0000, 0.0000, 0.0000,
        0.0000, 0.0000, 0.2826, 0.0000, 0.0000, 0.0000, 0.0000])
tensor([0.0000, 0.2014, 0.5400, 0.0000, 0.0000, 0.0000, 0.0000, 0.0000, 0.0000,
        0.0000, 0.0000, 0.1667, 0.0000, 0.3500, 0.0000, 0.0000, 0.0000, 0.0000,
        0.0000, 0.0000, 0.0000, 0.0000, 0.0000, 0.0200, 0.0000, 0.0000, 0.0000,
        0.0000, 0.0000, 0.0000, 0.0000, 0.0000, 0.0000, 0.0000, 0.0000, 0.0385,
        0.0000, 0.0000, 0.8072, 0.0000, 0.0000, 0.0000, 0.0000])
tensor([0.0000, 0.0847, 0.6760, 0.0000, 0.0000, 0.0000, 0.0000, 0.0000, 0.0000,
        0.0000, 0.0000, 0.3476, 0.0000, 0.4153, 0.0000, 0.0000, 0.0000, 0.0000,
        0.0000, 0.0000, 0.0000, 0.0000, 0.0000, 0.0133, 0.0000, 0.0000, 0.0000,
        0.0000, 0.0000, 0.0000, 0.0000, 0.0000, 0.0000, 0.0000, 0.0000, 0.0051,
        0.0000, 0.0000, 0.7565, 0.0000, 0.0000, 0.0000, 0.0000])
tensor([0.0000, 0.1514, 0.4187, 0.0000, 0.0000, 0.0000, 0.0000, 0.0000, 0.0000,
        0.0000, 0.0000, 0.5976, 0.0000, 0.5028, 0.0000, 0.0000, 0.0000, 0.1167,
        0.0000, 0.0000, 0.0000, 0.0000, 0.0000, 0.0333, 0.0000, 0.0000, 0.0000,
        0.0000, 0.0000, 0.0000, 0.0000, 0.0000, 0.0000, 0.0000, 0.0000, 0.0231,
        0.0000, 0.0000, 0.8072, 0.0000, 0.0000, 0.0000, 0.0000])
tensor([0.0000, 0.1347, 0.4960, 0.0000, 0.0000, 0.0000, 0.0000, 0.0000, 0.0000,
        0.0000, 0.0712, 0.5690, 0.0000, 0.5319, 0.0000, 0.0000, 0.0000, 0.5167,
        0.0179, 0.0000, 0.0000, 0.0000, 0.0000, 0.0267, 0.0000, 0.0750, 0.0000,
        0.0000, 0.0000, 0.0000, 0.0000, 0.0000, 0.0000, 0.0000, 0.0000, 0.0872,
        0.0000, 0.0000, 0.6406, 0.0000, 0.0000, 0.0000, 0.0000])
tensor([0.0000, 0.4861, 0.4400, 0.0000, 0.0000, 0.0000, 0.0000, 0.0000, 0.0000,
        0.0000, 0.3879, 0.2929, 0.0145, 0.6597, 0.0000, 0.0000, 0.0000, 0.4306,
        0.1231, 0.0000, 0.0000, 0.0000, 0.0000, 0.0000, 0.0000, 0.3125, 0.0000,
        0.0000, 0.0000, 0.0000, 0.0000, 0.0000, 0.0000, 0.0000, 0.0000, 0.0949,
        0.0000, 0.0000, 0.5826, 0.0000, 0.0000, 0.0000, 0.0000])
tensor([0.0000, 0.0014, 0.3907, 0.0044, 0.0000, 0.0000, 0.0000, 0.0000, 0.0000,
        0.0000, 0.0303, 0.3405, 0.0000, 0.4681, 0.0000, 0.0000, 0.0000, 0.2028,
        0.1615, 0.0000, 0.0000, 0.0000, 0.0000, 0.0000, 0.0000, 0.2854, 0.0000,
        0.0000, 0.0000, 0.0000, 0.0000, 0.0000, 0.0000, 0.0000, 0.0000, 0.1154,
        0.0000, 0.0000, 0.5464, 0.0000, 0.0000, 0.0000, 0.0000])
tensor([0.0000, 0.0083, 0.5453, 0.0000, 0.0000, 0.0048, 0.0000, 0.0000, 0.0000,
        0.0000, 0.7545, 0.1476, 0.0000, 0.5819, 0.0000, 0.0000, 0.0000, 0.6944,
        0.0385, 0.0000, 0.0000, 0.0000, 0.0000, 0.0000, 0.0000, 0.8417, 0.0000,
        0.0000, 0.0000, 0.0000, 0.0000, 0.0000, 0.0000, 0.0000, 0.0000, 0.0128,
        0.0000, 0.0000, 0.3826, 0.0000, 0.0000, 0.0000, 0.0000])
tensor([0.0000, 0.7417, 0.0027, 0.0000, 0.0000, 0.0000, 0.0000, 0.0000, 0.0000,
        0.0000, 0.0030, 0.1667, 0.1246, 0.7514, 0.0000, 0.0000, 0.0000, 0.4500,
        0.4205, 0.0000, 0.0000, 0.0000, 0.0000, 0.0000, 0.0000, 0.0792, 0.0000,
        0.0000, 0.0000, 0.0000, 0.0000, 0.0000, 0.0000, 0.0000, 0.0000, 0.7410,
        0.0000, 0.0000, 0.4739, 0.0000, 0.0000, 0.0000, 0.0000])
tensor([0.0000, 0.0097, 0.8320, 0.0000, 0.0000, 0.0794, 0.0000, 0.0000, 0.0000,
        0.0000, 0.1318, 0.3405, 0.5507, 0.7361, 0.0000, 0.0000, 0.0000, 0.8667,
        0.2333, 0.0000, 0.0000, 0.0000, 0.0000, 0.0000, 0.0000, 0.3146, 0.0000,
        0.0000, 0.0000, 0.0000, 0.0000, 0.0000, 0.0000, 0.0000, 0.0000, 0.1026,
        0.0000, 0.0000, 0.8130, 0.0000, 0.0000, 0.0000, 0.0000])
tensor([0.0000, 0.0875, 0.5253, 0.0000, 0.0000, 0.1111, 0.0000, 0.0000, 0.0000,
        0.0000, 0.5773, 0.4905, 0.4899, 0.8986, 0.3556, 0.0000, 0.0000, 0.8611,
        0.0692, 0.0000, 0.0000, 0.0000, 0.0000, 0.0000, 0.0000, 0.3688, 0.0000,
        0.0000, 0.0000, 0.0000, 0.0000, 0.0000, 0.0000, 0.0000, 0.0000, 0.3769,
        0.0000, 0.0000, 0.5507, 0.0000, 0.0000, 0.0000, 0.0000])
tensor([0.0000, 0.5083, 0.4027, 0.0000, 0.0000, 0.0873, 0.0000, 0.0000, 0.0000,
        0.0000, 0.6182, 0.4048, 0.7029, 0.8472, 0.1222, 0.0000, 0.0000, 0.9083,
        0.2103, 0.0000, 0.0000, 0.0000, 0.0000, 0.0000, 0.0000, 0.2521, 0.0000,
        0.0000, 0.0000, 0.0000, 0.0000, 0.0000, 0.0000, 0.0000, 0.0000, 0.5385,
        0.0000, 0.0000, 0.3986, 0.0000, 0.0000, 0.0000, 0.0000])
tensor([0.0000, 0.3306, 0.4853, 0.0000, 0.0000, 0.1730, 0.0000, 0.0000, 0.0000,
        0.0000, 0.7227, 0.3238, 0.7203, 0.8958, 0.4704, 0.0000, 0.0000, 0.8972,
        0.0872, 0.0000, 0.0000, 0.0000, 0.0000, 0.0000, 0.0000, 0.6354, 0.0000,
        0.0000, 0.0000, 0.0000, 0.0000, 0.0000, 0.0000, 0.0000, 0.0000, 0.2564,
        0.0000, 0.0000, 0.6522, 0.0000, 0.0000, 0.0000, 0.0000])
tensor([0.0000, 0.4319, 0.5813, 0.0000, 0.0000, 0.0222, 0.0000, 0.0000, 0.0000,
        0.1167, 0.6848, 0.4214, 0.7188, 0.8972, 0.5889, 0.0000, 0.0000, 0.8556,
        0.2128, 0.0000, 0.0000, 0.0000, 0.0000, 0.0000, 0.0000, 0.2292, 0.0056,
        0.0000, 0.0000, 0.0000, 0.0000, 0.0000, 0.0000, 0.0000, 0.0000, 0.0615,
        0.0000, 0.0000, 0.8174, 0.0000, 0.0000, 0.0000, 0.0000])
tensor([0.0000, 0.5194, 0.3960, 0.0000, 0.0015, 0.1651, 0.0000, 0.0000, 0.0000,
        0.0083, 0.8803, 0.1452, 0.7768, 0.8292, 0.5630, 0.0000, 0.0000, 0.8972,
        0.0718, 0.0000, 0.0000, 0.0000, 0.0000, 0.0000, 0.0000, 0.8313, 0.1444,
        0.0000, 0.0000, 0.0000, 0.0000, 0.0000, 0.0000, 0.0000, 0.0000, 0.0256,
        0.0000, 0.0000, 0.8072, 0.0000, 0.0000, 0.0000, 0.0000])
tensor([0.0000, 0.4708, 0.5053, 0.0000, 0.0000, 0.0746, 0.0000, 0.0000, 0.0067,
        0.3604, 0.7803, 0.6619, 0.7797, 0.9083, 0.7407, 0.0476, 0.0000, 0.8528,
        0.1051, 0.0000, 0.0000, 0.0000, 0.0083, 0.0000, 0.0000, 0.1750, 0.0000,
        0.0000, 0.0000, 0.0000, 0.0000, 0.0000, 0.0000, 0.0000, 0.0000, 0.0359,
        0.0000, 0.0000, 0.8058, 0.0000, 0.0000, 0.0000, 0.0000])
tensor([0.0000, 0.5056, 0.3520, 0.0000, 0.0015, 0.2476, 0.0067, 0.0000, 0.0067,
        0.0646, 0.9439, 0.0333, 0.7536, 0.8361, 0.5593, 0.0000, 0.0000, 0.9000,
        0.1077, 0.0000, 0.0000, 0.0000, 0.0000, 0.0000, 0.0000, 0.7312, 0.1389,
        0.0000, 0.0000, 0.0000, 0.0000, 0.0000, 0.0000, 0.0000, 0.0000, 0.0282,
        0.0000, 0.0000, 0.8159, 0.0000, 0.0000, 0.0000, 0.0000])
tensor([0.0000, 0.5069, 0.2960, 0.0000, 0.0924, 0.1365, 0.0400, 0.0000, 0.1178,
        0.4646, 0.8515, 0.7524, 0.7609, 0.9194, 0.7481, 0.2238, 0.0000, 0.8500,
        0.0667, 0.0000, 0.0000, 0.0000, 0.1500, 0.0000, 0.0000, 0.1104, 0.0000,
        0.0000, 0.0000, 0.0000, 0.0000, 0.0000, 0.0000, 0.0048, 0.0000, 0.0513,
        0.0000, 0.0000, 0.8014, 0.0000, 0.0000, 0.0000, 0.0000])
tensor([0.0000, 0.4611, 0.4987, 0.0000, 0.0000, 0.2349, 0.0200, 0.0000, 0.0111,
        0.2521, 0.9455, 0.0476, 0.7652, 0.8944, 0.7444, 0.0000, 0.0000, 0.8750,
        0.2205, 0.0000, 0.0000, 0.0000, 0.1333, 0.0000, 0.0000, 0.3646, 0.0333,
        0.0000, 0.0000, 0.0000, 0.0000, 0.0000, 0.0000, 0.0048, 0.0000, 0.0410,
        0.0000, 0.0000, 0.7797, 0.0000, 0.0000, 0.0000, 0.0000])
tensor([0.0000, 0.4236, 0.0840, 0.0000, 0.2273, 0.1841, 0.2267, 0.0000, 0.1000,
        0.4458, 0.9318, 0.7738, 0.7652, 0.9069, 0.6296, 0.5524, 0.0000, 0.8833,
        0.0513, 0.0000, 0.0000, 0.0000, 0.1583, 0.0000, 0.0000, 0.1229, 0.0000,
        0.0000, 0.0000, 0.0000, 0.0000, 0.0000, 0.0000, 0.0095, 0.0000, 0.1103,
        0.0000, 0.0000, 0.7087, 0.0000, 0.0000, 0.0000, 0.0000])
tensor([0.0000, 0.4319, 0.5480, 0.0000, 0.0045, 0.1841, 0.0267, 0.0000, 0.0711,
        0.5417, 0.9091, 0.0238, 0.7899, 0.9278, 0.6963, 0.0000, 0.0000, 0.9083,
        0.4205, 0.0000, 0.0000, 0.0000, 0.1917, 0.0000, 0.0000, 0.2167, 0.0111,
        0.0000, 0.0000, 0.0000, 0.0000, 0.0000, 0.0000, 0.0238, 0.0000, 0.0513,
        0.0000, 0.0000, 0.7696, 0.0000, 0.0000, 0.0000, 0.0000])
tensor([0.0000, 0.2417, 0.0093, 0.0000, 0.4561, 0.1889, 0.1867, 0.0000, 0.0289,
        0.5042, 0.9439, 0.7619, 0.8000, 0.9111, 0.7000, 0.7286, 0.0000, 0.8972,
        0.0846, 0.0000, 0.0000, 0.0000, 0.3750, 0.0000, 0.0000, 0.2729, 0.0000,
        0.0000, 0.0000, 0.0000, 0.0000, 0.0000, 0.0000, 0.0143, 0.0000, 0.1410,
        0.0000, 0.0000, 0.6913, 0.0000, 0.0000, 0.0000, 0.0000])
tensor([0.0000, 0.3111, 0.6067, 0.0000, 0.0106, 0.1857, 0.1600, 0.0000, 0.0889,
        0.7042, 0.8727, 0.1452, 0.7841, 0.9153, 0.6741, 0.1190, 0.0000, 0.9111,
        0.4718, 0.0000, 0.0000, 0.0000, 0.4000, 0.0000, 0.0000, 0.1583, 0.0000,
        0.0000, 0.0000, 0.0000, 0.0000, 0.0000, 0.0167, 0.0238, 0.0000, 0.1051,
        0.0000, 0.0000, 0.7536, 0.0000, 0.0000, 0.0000, 0.0000])
tensor([0.0000, 0.2972, 0.0027, 0.0000, 0.5924, 0.1556, 0.3000, 0.0000, 0.0667,
        0.5521, 0.9106, 0.7786, 0.7971, 0.9375, 0.8185, 0.8429, 0.0000, 0.8611,
        0.1615, 0.0000, 0.0000, 0.0000, 0.2750, 0.0000, 0.0000, 0.3917, 0.0000,
        0.0000, 0.1000, 0.0000, 0.0000, 0.0296, 0.0000, 0.0190, 0.0000, 0.1641,
        0.0000, 0.0000, 0.6942, 0.0000, 0.0000, 0.0000, 0.0444])
tensor([0.0000, 0.3014, 0.6267, 0.0000, 0.0333, 0.1810, 0.3200, 0.0000, 0.0778,
        0.7917, 0.9136, 0.4000, 0.7913, 0.8847, 0.5741, 0.3952, 0.0000, 0.9139,
        0.4154, 0.0000, 0.0000, 0.0000, 0.6000, 0.0333, 0.0000, 0.1750, 0.0000,
        0.0000, 0.0000, 0.0000, 0.0000, 0.0000, 0.0500, 0.0048, 0.0000, 0.1333,
        0.0000, 0.0000, 0.7464, 0.0000, 0.0000, 0.0000, 0.0444])
tensor([0.0000, 0.3375, 0.0600, 0.0489, 0.6015, 0.1762, 0.3467, 0.0000, 0.1778,
        0.7000, 0.9258, 0.7643, 0.8101, 0.9347, 0.9074, 0.9143, 0.0000, 0.8028,
        0.1923, 0.0000, 0.0000, 0.0000, 0.4417, 0.0000, 0.0000, 0.4812, 0.0000,
        0.0000, 0.0600, 0.0000, 0.0000, 0.0444, 0.0000, 0.0048, 0.0000, 0.2359,
        0.0000, 0.0000, 0.6855, 0.0000, 0.0000, 0.0000, 0.1222])
tensor([0.0000, 0.3333, 0.5533, 0.0356, 0.0636, 0.1746, 0.1933, 0.0000, 0.1644,
        0.8375, 0.8833, 0.5571, 0.7812, 0.9139, 0.6000, 0.5857, 0.0000, 0.9139,
        0.4256, 0.0000, 0.0000, 0.0000, 0.6250, 0.0467, 0.0000, 0.2021, 0.0000,
        0.0000, 0.0400, 0.0000, 0.0000, 0.0000, 0.0000, 0.0000, 0.0000, 0.1538,
        0.0000, 0.0000, 0.8058, 0.0000, 0.0000, 0.0000, 0.0667])
tensor([0.0000, 0.3931, 0.1360, 0.1178, 0.6258, 0.1571, 0.3800, 0.0244, 0.1778,
        0.7375, 0.9348, 0.7762, 0.8116, 0.9389, 0.9481, 0.9333, 0.0000, 0.8111,
        0.2026, 0.0000, 0.0000, 0.0000, 0.7167, 0.0067, 0.0000, 0.4021, 0.0722,
        0.0000, 0.1133, 0.0000, 0.0000, 0.1556, 0.0000, 0.0048, 0.0000, 0.5026,
        0.0000, 0.0000, 0.6333, 0.0000, 0.0000, 0.0000, 0.2333])
tensor([0.0000, 0.3653, 0.5587, 0.0867, 0.1030, 0.1333, 0.1000, 0.0000, 0.3333,
        0.8542, 0.8500, 0.5619, 0.7522, 0.9167, 0.5259, 0.6667, 0.0000, 0.9167,
        0.5205, 0.0000, 0.0000, 0.0000, 0.7000, 0.1067, 0.0000, 0.1292, 0.0000,
        0.0000, 0.0600, 0.0000, 0.0000, 0.0037, 0.0000, 0.0000, 0.0000, 0.2769,
        0.0000, 0.0000, 0.8464, 0.0000, 0.0000, 0.0000, 0.1111])
tensor([0.0000, 0.4042, 0.1200, 0.1822, 0.6318, 0.2000, 0.3933, 0.0444, 0.2511,
        0.7396, 0.9455, 0.7548, 0.8087, 0.9333, 0.9593, 0.9333, 0.0000, 0.8306,
        0.1641, 0.0000, 0.0000, 0.0000, 0.5417, 0.0067, 0.0000, 0.5312, 0.2333,
        0.0000, 0.1267, 0.0000, 0.0000, 0.2852, 0.0000, 0.0000, 0.0000, 0.4923,
        0.0000, 0.0000, 0.7638, 0.0000, 0.0000, 0.0000, 0.3556])
tensor([0.0000, 0.5861, 0.4920, 0.1556, 0.1076, 0.1873, 0.3867, 0.0089, 0.0733,
        0.8583, 0.9333, 0.6833, 0.7696, 0.9250, 0.7148, 0.7238, 0.0133, 0.9167,
        0.4872, 0.0000, 0.0000, 0.0000, 0.8583, 0.0667, 0.0000, 0.2833, 0.0000,
        0.0000, 0.0867, 0.0000, 0.0000, 0.0296, 0.0000, 0.0000, 0.0000, 0.3872,
        0.0000, 0.0000, 0.8449, 0.0000, 0.0000, 0.0833, 0.1333])
tensor([0.0000, 0.3667, 0.2173, 0.0578, 0.7515, 0.0857, 0.3533, 0.0356, 0.2889,
        0.7750, 0.9152, 0.7452, 0.8087, 0.9194, 0.8704, 0.9333, 0.2933, 0.8833,
        0.1026, 0.0000, 0.0000, 0.0000, 0.8000, 0.0400, 0.0000, 0.6646, 0.2667,
        0.0000, 0.2600, 0.0000, 0.0000, 0.3963, 0.0000, 0.0000, 0.7083, 0.5949,
        0.0000, 0.0000, 0.8957, 0.0000, 0.0111, 0.0167, 0.4000])
tensor([0.0000, 0.8181, 0.2387, 0.1911, 0.2576, 0.1651, 0.4267, 0.0067, 0.0378,
        0.8583, 0.9152, 0.7095, 0.7159, 0.9111, 0.7111, 0.6381, 0.1600, 0.9167,
        0.6077, 0.0000, 0.0000, 0.0000, 0.9167, 0.0867, 0.0000, 0.1187, 0.0000,
        0.0000, 0.1133, 0.0000, 0.0000, 0.0481, 0.0000, 0.0000, 0.1333, 0.5846,
        0.0000, 0.0000, 0.8551, 0.0000, 0.5111, 0.2500, 0.1889])
tensor([0.0500, 0.4597, 0.1413, 0.0178, 0.7697, 0.0286, 0.3533, 0.0644, 0.1333,
        0.6792, 0.8879, 0.6786, 0.8000, 0.8861, 0.7963, 0.8905, 0.3333, 0.9167,
        0.0282, 0.0000, 0.0000, 0.0000, 0.7750, 0.0933, 0.0000, 0.6167, 0.4056,
        0.0000, 0.3200, 0.0000, 0.0000, 0.6333, 0.0000, 0.0000, 0.7583, 0.7538,
        0.0000, 0.0000, 0.8710, 0.2222, 0.0667, 0.0333, 0.3222])
tensor([0.0000, 0.8958, 0.0627, 0.0622, 0.4348, 0.1270, 0.4600, 0.0000, 0.0000,
        0.6917, 0.7470, 0.7571, 0.6942, 0.8083, 0.7111, 0.0905, 0.2400, 0.9111,
        0.5923, 0.0000, 0.0000, 0.0000, 0.8917, 0.1933, 0.0000, 0.3271, 0.0000,
        0.0000, 0.2867, 0.0000, 0.0000, 0.0519, 0.0000, 0.0000, 0.0083, 0.7667,
        0.0083, 0.0000, 0.6855, 0.0000, 0.4889, 0.0833, 0.2222])
tensor([0.1333, 0.2958, 0.3053, 0.0289, 0.7091, 0.1587, 0.3800, 0.2133, 0.1467,
        0.4667, 0.9106, 0.5786, 0.7391, 0.9042, 0.9037, 0.8381, 0.5133, 0.8833,
        0.0103, 0.0000, 0.0000, 0.0000, 0.6500, 0.1400, 0.0000, 0.6167, 0.1944,
        0.0000, 0.1200, 0.0000, 0.0000, 0.8630, 0.0000, 0.0000, 0.8417, 0.6872,
        0.0333, 0.0000, 0.8797, 0.4556, 0.1667, 0.0167, 0.5444])
tensor([0.0000, 0.8042, 0.1213, 0.5489, 0.0152, 0.0587, 0.3667, 0.0000, 0.3978,
        0.9833, 0.8621, 0.8238, 0.6768, 0.9583, 0.7296, 0.7952, 0.4733, 0.8750,
        0.4692, 0.0000, 0.0000, 0.0000, 0.9083, 0.0733, 0.0000, 0.5583, 0.0000,
        0.0000, 0.2600, 0.0000, 0.0000, 0.1259, 0.0000, 0.0000, 0.6000, 0.5487,
        0.0000, 0.0000, 0.8536, 0.4111, 0.5667, 0.4167, 0.3556])
tensor([0.0333, 0.1750, 0.6093, 0.1778, 0.6667, 0.0968, 0.3467, 0.0689, 0.4067,
        0.7188, 0.9409, 0.7048, 0.7942, 0.9222, 0.9741, 0.9619, 0.4733, 0.8694,
        0.1487, 0.0000, 0.0000, 0.0000, 0.8833, 0.2600, 0.0000, 0.5271, 0.3167,
        0.0000, 0.2867, 0.2333, 0.0000, 0.7259, 0.0000, 0.0476, 0.8500, 0.6487,
        0.2417, 0.0833, 0.9130, 0.4556, 0.0222, 0.4167, 0.4333])
tensor([0.0000, 0.7153, 0.1107, 0.2178, 0.7227, 0.2540, 0.5200, 0.1267, 0.2844,
        0.8646, 0.8803, 0.8238, 0.7609, 0.9264, 0.7444, 0.8238, 0.5133, 0.8972,
        0.2641, 0.0000, 0.0000, 0.0000, 0.9250, 0.2600, 0.0000, 0.8458, 0.0000,
        0.0000, 0.4733, 0.0000, 0.0000, 0.1259, 0.0000, 0.1000, 0.8417, 0.6282,
        0.4583, 0.0000, 0.8623, 0.5333, 0.3111, 0.2167, 0.3111])
tensor([0.0000, 0.5153, 0.5560, 0.1400, 0.6833, 0.0984, 0.4467, 0.0133, 0.3933,
        0.7583, 0.9500, 0.7524, 0.7986, 0.9333, 0.9519, 0.9524, 0.5800, 0.9056,
        0.3590, 0.0000, 0.0000, 0.0000, 0.8750, 0.2733, 0.0222, 0.4708, 0.4167,
        0.0000, 0.2467, 0.6556, 0.0000, 0.7889, 0.0000, 0.1952, 0.9083, 0.6821,
        0.7667, 0.3000, 0.8812, 0.4333, 0.0111, 0.4833, 0.4778])
tensor([0.0167, 0.7319, 0.2453, 0.2511, 0.7333, 0.1349, 0.3867, 0.1600, 0.4178,
        0.8583, 0.8076, 0.8262, 0.7232, 0.9333, 0.7889, 0.8571, 0.5467, 0.8917,
        0.3718, 0.0000, 0.0000, 0.0000, 0.9250, 0.3733, 0.0000, 0.8083, 0.0000,
        0.0000, 0.5467, 0.0000, 0.0000, 0.1000, 0.0000, 0.1381, 0.8417, 0.7282,
        0.7500, 0.2000, 0.9029, 0.5000, 0.1222, 0.5833, 0.3778])
tensor([0.0333, 0.4792, 0.6933, 0.3533, 0.7455, 0.0968, 0.4733, 0.0044, 0.4067,
        0.8000, 0.9394, 0.7786, 0.7957, 0.9333, 0.9111, 0.9190, 0.6000, 0.9083,
        0.3974, 0.0000, 0.0000, 0.1222, 0.9083, 0.4200, 0.0444, 0.4479, 0.4944,
        0.0000, 0.3133, 0.8778, 0.0000, 0.7963, 0.0333, 0.4333, 0.9167, 0.6077,
        0.7750, 0.3833, 0.8667, 0.4444, 0.1333, 0.3833, 0.5556])
tensor([0.0000, 0.8778, 0.0987, 0.1822, 0.6485, 0.2476, 0.5067, 0.2600, 0.3733,
        0.8625, 0.9015, 0.8548, 0.7710, 0.9417, 0.9111, 0.7667, 0.6200, 0.8639,
        0.4744, 0.0000, 0.0000, 0.0000, 0.9167, 0.4133, 0.0000, 0.8583, 0.0000,
        0.0000, 0.4933, 0.0000, 0.0000, 0.4889, 0.1000, 0.3333, 0.8333, 0.7077,
        0.7167, 0.1000, 0.8696, 0.5556, 0.5333, 0.4000, 0.5444])
tensor([0.0500, 0.5875, 0.6160, 0.3756, 0.6727, 0.1968, 0.5200, 0.0356, 0.4800,
        0.8125, 0.9273, 0.7976, 0.7884, 0.9389, 0.9296, 0.8857, 0.5467, 0.9083,
        0.4641, 0.0000, 0.0000, 0.4222, 0.8750, 0.3800, 0.0333, 0.6542, 0.5833,
        0.0000, 0.2733, 0.7222, 0.0000, 0.7667, 0.1833, 0.5952, 0.8833, 0.4949,
        0.8333, 0.3833, 0.8870, 0.4556, 0.1778, 0.3500, 0.4667])
tensor([0.0167, 0.8792, 0.1240, 0.3600, 0.6909, 0.1683, 0.5000, 0.3311, 0.5511,
        0.8708, 0.8848, 0.8667, 0.7522, 0.9472, 0.8926, 0.8381, 0.7133, 0.8667,
        0.6256, 0.0000, 0.0000, 0.0000, 0.9500, 0.4333, 0.0222, 0.7750, 0.0000,
        0.0500, 0.5667, 0.0000, 0.0267, 0.4593, 0.4000, 0.5238, 0.8583, 0.7359,
        0.8083, 0.1500, 0.8812, 0.5667, 0.4889, 0.4000, 0.5889])
tensor([0.1167, 0.6917, 0.7280, 0.3333, 0.6303, 0.1429, 0.5200, 0.1044, 0.3444,
        0.8396, 0.9364, 0.7667, 0.7884, 0.9375, 0.9593, 0.8000, 0.6000, 0.8778,
        0.2692, 0.0000, 0.0000, 0.3444, 0.8250, 0.4067, 0.0222, 0.6750, 0.7167,
        0.0000, 0.3133, 0.7000, 0.0333, 0.8111, 0.2833, 0.6143, 0.8917, 0.5846,
        0.7667, 0.7333, 0.8652, 0.3222, 0.2333, 0.4000, 0.5667])
tensor([0.1333, 0.9181, 0.2733, 0.2622, 0.7212, 0.0762, 0.4733, 0.3756, 0.5800,
        0.8729, 0.8485, 0.8524, 0.7058, 0.9444, 0.8519, 0.7762, 0.6933, 0.8778,
        0.7410, 0.0000, 0.0000, 0.0000, 0.9583, 0.3933, 0.0333, 0.7063, 0.0000,
        0.1000, 0.6333, 0.0000, 0.0333, 0.4074, 0.5000, 0.5524, 0.8667, 0.8154,
        0.7167, 0.3000, 0.8420, 0.5667, 0.4000, 0.3833, 0.6333])
tensor([0.2167, 0.7778, 0.6427, 0.3022, 0.5288, 0.1984, 0.5733, 0.2067, 0.2156,
        0.8042, 0.9167, 0.7333, 0.8072, 0.9361, 0.9556, 0.5952, 0.5867, 0.8778,
        0.0795, 0.0000, 0.0000, 0.4111, 0.4917, 0.4267, 0.0222, 0.7833, 0.7111,
        0.0000, 0.3400, 0.5778, 0.0733, 0.8444, 0.3667, 0.6857, 0.9417, 0.5846,
        0.7167, 0.6667, 0.8232, 0.4667, 0.4111, 0.3500, 0.5889])
tensor([0.0167, 0.8792, 0.0680, 0.4111, 0.7379, 0.4587, 0.6400, 0.2956, 0.6089,
        0.8271, 0.8727, 0.8595, 0.6928, 0.9472, 0.8481, 0.7857, 0.6867, 0.7917,
        0.7769, 0.0000, 0.0111, 0.0000, 0.9417, 0.4200, 0.0333, 0.7437, 0.0000,
        0.0000, 0.5533, 0.0000, 0.0333, 0.6148, 0.5000, 0.7143, 0.8583, 0.5949,
        0.8667, 0.0500, 0.8971, 0.5333, 0.6000, 0.3833, 0.6111])
tensor([0.0833, 0.7611, 0.6467, 0.6022, 0.5606, 0.2952, 0.6000, 0.0844, 0.5089,
        0.8313, 0.9530, 0.8167, 0.7710, 0.9403, 0.9704, 0.8905, 0.5733, 0.8722,
        0.0795, 0.0000, 0.0000, 0.4667, 0.3750, 0.2333, 0.0556, 0.8938, 0.7333,
        0.0000, 0.3200, 0.2444, 0.1000, 0.8741, 0.4333, 0.6762, 0.8917, 0.6154,
        0.8917, 0.4667, 0.8971, 0.4778, 0.3000, 0.4000, 0.6111])
tensor([0.0667, 0.8375, 0.3320, 0.3933, 0.7712, 0.4889, 0.5667, 0.4267, 0.6533,
        0.8458, 0.8879, 0.8381, 0.7667, 0.9431, 0.8926, 0.8952, 0.7067, 0.8056,
        0.7615, 0.0000, 0.0000, 0.0000, 0.9333, 0.5333, 0.0333, 0.7479, 0.0000,
        0.0167, 0.6933, 0.0556, 0.0400, 0.6704, 0.5000, 0.7048, 0.8250, 0.5821,
        0.8250, 0.1833, 0.8870, 0.5556, 0.5556, 0.4500, 0.5444])
tensor([0.1667, 0.7639, 0.7267, 0.4689, 0.8439, 0.1492, 0.5400, 0.0711, 0.6978,
        0.8417, 0.9045, 0.8286, 0.7594, 0.9306, 0.9593, 0.8905, 0.6267, 0.8750,
        0.1205, 0.0167, 0.0000, 0.5444, 0.9250, 0.3867, 0.0889, 0.8792, 0.7333,
        0.0000, 0.5133, 0.3444, 0.0733, 0.7370, 0.2667, 0.7048, 0.8917, 0.8256,
        0.9000, 0.8167, 0.9072, 0.3222, 0.1667, 0.5167, 0.6778])
tensor([0.0667, 0.8042, 0.5960, 0.3911, 0.8455, 0.3921, 0.6200, 0.5533, 0.7733,
        0.8479, 0.8939, 0.7905, 0.7594, 0.9417, 0.9037, 0.7619, 0.7400, 0.8250,
        0.7974, 0.0000, 0.0000, 0.0222, 0.9250, 0.5333, 0.0444, 0.7792, 0.0000,
        0.1333, 0.7333, 0.0556, 0.2200, 0.6481, 0.4667, 0.7000, 0.8750, 0.8436,
        0.8500, 0.6833, 0.8899, 0.5556, 0.4889, 0.5833, 0.4778])
tensor([0.3167, 0.8514, 0.6280, 0.6444, 0.7879, 0.2556, 0.5200, 0.1156, 0.7489,
        0.9271, 0.9197, 0.8548, 0.7826, 0.9361, 0.9556, 0.8857, 0.7133, 0.8722,
        0.2641, 0.0167, 0.0000, 0.5556, 0.9500, 0.4200, 0.1444, 0.8896, 0.7000,
        0.0000, 0.6067, 0.3222, 0.0867, 0.8296, 0.5000, 0.7905, 0.8750, 0.6795,
        0.9083, 0.8333, 0.8928, 0.5000, 0.0889, 0.5167, 0.6667])
tensor([0.1167, 0.8347, 0.6360, 0.2956, 0.8288, 0.3762, 0.6067, 0.6289, 0.6311,
        0.8417, 0.8985, 0.7857, 0.7754, 0.9347, 0.9111, 0.7286, 0.7933, 0.8056,
        0.7667, 0.0000, 0.0000, 0.0333, 0.8833, 0.5467, 0.0889, 0.8083, 0.0111,
        0.1500, 0.7333, 0.0889, 0.3600, 0.6667, 0.4500, 0.7095, 0.8417, 0.8436,
        0.8667, 0.5833, 0.8884, 0.5778, 0.5444, 0.5667, 0.5222])
tensor([0.3167, 0.8472, 0.6907, 0.6089, 0.8227, 0.3032, 0.5333, 0.1222, 0.7978,
        0.9208, 0.8970, 0.8476, 0.7783, 0.9431, 0.9407, 0.8667, 0.7267, 0.8861,
        0.3282, 0.0167, 0.0000, 0.5444, 0.9500, 0.5000, 0.1667, 0.8896, 0.7056,
        0.0000, 0.6467, 0.2889, 0.0800, 0.8037, 0.5000, 0.8048, 0.8750, 0.7897,
        0.9167, 0.8500, 0.8913, 0.6556, 0.2111, 0.3667, 0.7222])
tensor([0.1333, 0.8556, 0.7027, 0.3000, 0.8606, 0.2508, 0.6000, 0.7311, 0.7022,
        0.8188, 0.8864, 0.8167, 0.7826, 0.9306, 0.9296, 0.8238, 0.8667, 0.7917,
        0.7949, 0.0000, 0.0111, 0.1333, 0.9167, 0.5733, 0.0889, 0.8042, 0.0222,
        0.1333, 0.7333, 0.2333, 0.3800, 0.7481, 0.4667, 0.7571, 0.8750, 0.8872,
        0.8833, 0.8333, 0.8841, 0.6111, 0.5111, 0.5667, 0.5000])
tensor([0.3833, 0.8597, 0.7613, 0.7022, 0.7758, 0.2317, 0.5067, 0.2533, 0.8600,
        0.9396, 0.8879, 0.8429, 0.7725, 0.9417, 0.9630, 0.7333, 0.7267, 0.8889,
        0.3077, 0.0333, 0.0000, 0.5556, 0.9583, 0.5133, 0.3111, 0.8958, 0.7222,
        0.0167, 0.6267, 0.4556, 0.0867, 0.8074, 0.5000, 0.7905, 0.8750, 0.8359,
        0.9250, 0.8833, 0.8884, 0.6333, 0.2333, 0.4333, 0.7556])
tensor([0.1333, 0.8472, 0.6253, 0.4000, 0.8470, 0.4635, 0.6267, 0.7733, 0.7511,
        0.8813, 0.8955, 0.8167, 0.7551, 0.9347, 0.8889, 0.8810, 0.8800, 0.7833,
        0.7769, 0.0167, 0.0000, 0.0778, 0.8667, 0.5867, 0.0222, 0.8208, 0.0278,
        0.1333, 0.7800, 0.0667, 0.4133, 0.7481, 0.5000, 0.8000, 0.8750, 0.8256,
        0.8750, 0.6333, 0.8957, 0.6000, 0.7222, 0.5333, 0.5444])
tensor([0.5000, 0.8486, 0.7493, 0.7556, 0.7864, 0.3270, 0.5933, 0.3956, 0.8689,
        0.9479, 0.8909, 0.8429, 0.7841, 0.9500, 0.9556, 0.7000, 0.7600, 0.8889,
        0.2897, 0.0667, 0.0000, 0.5333, 0.9500, 0.5000, 0.3556, 0.9125, 0.7111,
        0.0167, 0.5867, 0.6556, 0.0933, 0.8148, 0.5000, 0.8190, 0.8750, 0.8231,
        0.9167, 0.8667, 0.8928, 0.6667, 0.2556, 0.4500, 0.7111])
tensor([0.2000, 0.8736, 0.7000, 0.4467, 0.8576, 0.4524, 0.6400, 0.7867, 0.6333,
        0.8604, 0.9000, 0.8333, 0.7754, 0.9389, 0.9037, 0.8190, 0.9200, 0.7861,
        0.8128, 0.1833, 0.0222, 0.1222, 0.8917, 0.5600, 0.0222, 0.8354, 0.0278,
        0.1500, 0.7733, 0.1444, 0.3467, 0.7296, 0.5000, 0.8143, 0.8750, 0.9026,
        0.8917, 0.8500, 0.8957, 0.7222, 0.5889, 0.5167, 0.6222])
tensor([0.4333, 0.8486, 0.7653, 0.7689, 0.7712, 0.4095, 0.6133, 0.4756, 0.9044,
        0.9479, 0.9106, 0.7952, 0.7855, 0.9472, 0.9667, 0.7429, 0.7467, 0.8972,
        0.2154, 0.0167, 0.0000, 0.4889, 0.9417, 0.5533, 0.4111, 0.9333, 0.7889,
        0.0333, 0.6200, 0.6222, 0.1533, 0.8815, 0.5000, 0.8095, 0.8750, 0.7974,
        0.9167, 0.9000, 0.8957, 0.6222, 0.3222, 0.5333, 0.6778])
tensor([0.3333, 0.8861, 0.7360, 0.5911, 0.8727, 0.4587, 0.6333, 0.7844, 0.7089,
        0.9187, 0.8848, 0.8500, 0.7435, 0.9417, 0.9185, 0.8190, 0.9133, 0.8167,
        0.8282, 0.2167, 0.0444, 0.1333, 0.9083, 0.5533, 0.0444, 0.8438, 0.0056,
        0.2167, 0.8200, 0.1000, 0.2267, 0.6815, 0.5000, 0.8619, 0.8750, 0.9077,
        0.9083, 0.7833, 0.8986, 0.7667, 0.6667, 0.4833, 0.6778])
tensor([0.4167, 0.8125, 0.7867, 0.8111, 0.7712, 0.4746, 0.6933, 0.5978, 0.8978,
        0.9688, 0.9348, 0.7976, 0.7913, 0.9500, 0.9741, 0.7476, 0.7667, 0.8944,
        0.2179, 0.0500, 0.0000, 0.5556, 0.8917, 0.5400, 0.4222, 0.9375, 0.7611,
        0.0167, 0.5533, 0.7778, 0.2200, 0.8815, 0.4667, 0.8381, 0.8833, 0.8179,
        0.9083, 0.9667, 0.8928, 0.6667, 0.3222, 0.5167, 0.6667])
tensor([0.4500, 0.8875, 0.7547, 0.6600, 0.8409, 0.4571, 0.6600, 0.7711, 0.7289,
        0.9104, 0.8727, 0.8238, 0.7362, 0.9556, 0.8778, 0.8381, 0.9133, 0.8167,
        0.8385, 0.1000, 0.0111, 0.1333, 0.9167, 0.6133, 0.2000, 0.8521, 0.0056,
        0.3333, 0.8667, 0.1000, 0.2333, 0.6667, 0.5000, 0.8429, 0.8500, 0.9000,
        0.8917, 0.8500, 0.9029, 0.7667, 0.7000, 0.4500, 0.6778])
tensor([0.4333, 0.8542, 0.8133, 0.7844, 0.7606, 0.4111, 0.6000, 0.6444, 0.8800,
        0.9521, 0.9424, 0.8071, 0.7884, 0.9444, 0.9556, 0.7429, 0.7867, 0.8972,
        0.2103, 0.0500, 0.0000, 0.5111, 0.8667, 0.5933, 0.5000, 0.9333, 0.7944,
        0.0167, 0.6800, 0.7444, 0.2800, 0.8963, 0.3333, 0.8286, 0.8917, 0.8487,
        0.9167, 0.9667, 0.8710, 0.7444, 0.4222, 0.4833, 0.7222])
