tensor([0., 0., 1., 0., 0., 0., 0., 0., 0., 0., 0., 0., 0., 0., 0., 0., 0., 0.,
        0., 0., 0., 0., 0., 0., 0., 0., 0., 0., 0., 0., 0., 0., 0., 0., 0., 0.,
        0., 0., 0., 0., 0., 0., 0.])
tensor([0., 0., 0., 0., 1., 0., 0., 0., 0., 0., 0., 0., 0., 0., 0., 0., 0., 0.,
        0., 0., 0., 0., 0., 0., 0., 0., 0., 0., 0., 0., 0., 0., 0., 0., 0., 0.,
        0., 0., 0., 0., 0., 0., 0.])
tensor([0., 0., 1., 0., 0., 0., 0., 0., 0., 0., 0., 0., 0., 0., 0., 0., 0., 0.,
        0., 0., 0., 0., 0., 0., 0., 0., 0., 0., 0., 0., 0., 0., 0., 0., 0., 0.,
        0., 0., 0., 0., 0., 0., 0.])
tensor([0., 0., 1., 0., 0., 0., 0., 0., 0., 0., 0., 0., 0., 0., 0., 0., 0., 0.,
        0., 0., 0., 0., 0., 0., 0., 0., 0., 0., 0., 0., 0., 0., 0., 0., 0., 0.,
        0., 0., 0., 0., 0., 0., 0.])
tensor([0.0000, 0.0000, 0.0040, 0.0000, 0.0000, 0.0000, 0.0000, 0.0000, 0.0000,
        0.0000, 0.0000, 0.0000, 0.0000, 1.0000, 0.0000, 0.0000, 0.0000, 0.0000,
        0.0000, 0.0000, 0.0000, 0.0000, 0.0000, 0.0000, 0.0000, 0.0000, 0.0000,
        0.0000, 0.0000, 0.0000, 0.0000, 0.0000, 0.0000, 0.0000, 0.0000, 0.0000,
        0.0000, 0.0000, 0.0000, 0.0000, 0.0000, 0.0000, 0.0000])
tensor([0.0000, 0.0000, 1.0000, 0.0000, 0.0000, 0.0000, 0.0000, 0.0000, 0.0000,
        0.0000, 0.0000, 0.0000, 0.0000, 0.0000, 0.0000, 0.0000, 0.0000, 0.0000,
        0.0000, 0.0000, 0.0000, 0.0000, 0.0000, 0.0000, 0.0000, 0.0000, 0.0000,
        0.0000, 0.0000, 0.0000, 0.0000, 0.0000, 0.0000, 0.0000, 0.0000, 0.0000,
        0.0000, 0.0000, 0.0391, 0.0000, 0.0000, 0.0000, 0.0000])
tensor([0.0000, 0.0000, 0.9827, 0.0000, 0.0000, 0.0000, 0.0000, 0.0000, 0.0000,
        0.0000, 0.0000, 0.0000, 0.8246, 0.0000, 0.0000, 0.0000, 0.0000, 0.0000,
        0.0000, 0.0000, 0.0000, 0.0000, 0.0000, 0.0000, 0.0000, 0.0000, 0.0000,
        0.0000, 0.0000, 0.0000, 0.0000, 0.0000, 0.0000, 0.0000, 0.0000, 0.0154,
        0.0000, 0.8333, 0.0217, 0.0000, 0.0000, 0.0000, 0.0000])
tensor([0.0000, 0.0000, 0.6560, 0.0000, 0.0000, 0.0000, 0.0000, 0.0000, 0.0000,
        0.0000, 0.0000, 0.0000, 0.9522, 0.0000, 0.0000, 0.0000, 0.0000, 0.3917,
        0.0000, 0.0000, 0.0000, 0.0000, 0.0000, 0.0000, 0.0000, 0.0000, 0.0000,
        0.0000, 0.0000, 0.0000, 0.0000, 0.0000, 0.0000, 0.0000, 0.0000, 0.8897,
        0.0000, 0.0000, 0.0638, 0.0000, 0.0000, 0.0000, 0.0000])
tensor([0.0000, 0.0000, 0.4453, 0.0000, 0.0576, 0.0016, 0.0000, 0.0000, 0.0000,
        0.0000, 0.3470, 0.0738, 0.8580, 0.1153, 0.0000, 0.0000, 0.0000, 0.9028,
        0.0000, 0.0000, 0.0000, 0.0000, 0.0000, 0.0000, 0.0000, 0.0000, 0.0000,
        0.0000, 0.0000, 0.0000, 0.0000, 0.0000, 0.0000, 0.0000, 0.0000, 0.3692,
        0.0000, 0.0000, 0.5841, 0.0000, 0.0000, 0.0000, 0.0000])
tensor([0.0000, 0.2778, 0.3320, 0.0000, 0.1030, 0.0000, 0.0000, 0.0000, 0.0000,
        0.0208, 0.2197, 0.1190, 0.7029, 0.5764, 0.3667, 0.0048, 0.0000, 0.6139,
        0.1795, 0.0000, 0.0000, 0.0000, 0.0000, 0.0000, 0.0000, 0.0000, 0.0000,
        0.0000, 0.0000, 0.0000, 0.0000, 0.0000, 0.0000, 0.0000, 0.0000, 0.0000,
        0.0000, 0.0000, 0.8493, 0.0000, 0.0000, 0.0000, 0.0000])
tensor([0.0000, 0.2486, 0.3053, 0.0067, 0.3333, 0.0746, 0.0000, 0.0000, 0.1156,
        0.0479, 0.2061, 0.4690, 0.8478, 0.7819, 0.4037, 0.0000, 0.0000, 0.7583,
        0.5385, 0.0000, 0.0000, 0.0000, 0.0000, 0.0000, 0.0000, 0.0083, 0.0000,
        0.0000, 0.0000, 0.0000, 0.0000, 0.0000, 0.0000, 0.0000, 0.0000, 0.0615,
        0.0000, 0.0000, 0.9638, 0.0000, 0.0000, 0.0000, 0.0000])
tensor([0.0000, 0.4375, 0.2067, 0.0000, 0.2227, 0.0143, 0.0000, 0.0000, 0.0000,
        0.0938, 0.6833, 0.6571, 0.7797, 0.8778, 0.6407, 0.0000, 0.0000, 0.3778,
        0.4769, 0.0000, 0.0000, 0.0000, 0.0000, 0.0000, 0.0000, 0.0875, 0.0000,
        0.0000, 0.0000, 0.0000, 0.0000, 0.0000, 0.0000, 0.0000, 0.0000, 0.2179,
        0.0000, 0.0000, 0.7203, 0.0000, 0.0000, 0.0000, 0.0000])
tensor([0.0000, 0.3958, 0.2613, 0.0000, 0.1545, 0.0714, 0.0133, 0.0067, 0.1444,
        0.1521, 0.8136, 0.6881, 0.7493, 0.9042, 0.7556, 0.0000, 0.0000, 0.1194,
        0.5513, 0.0000, 0.0000, 0.0000, 0.0000, 0.0000, 0.0000, 0.0667, 0.0000,
        0.0000, 0.0000, 0.0000, 0.0000, 0.0000, 0.0000, 0.0000, 0.0000, 0.3359,
        0.0000, 0.0000, 0.7203, 0.0000, 0.0000, 0.0000, 0.0000])
tensor([0.0000, 0.6431, 0.1507, 0.0000, 0.0106, 0.0127, 0.0000, 0.1289, 0.0067,
        0.1208, 0.6727, 0.6643, 0.7667, 0.8778, 0.3926, 0.0000, 0.0000, 0.1694,
        0.6179, 0.0000, 0.0000, 0.0000, 0.0000, 0.0000, 0.0000, 0.0063, 0.0000,
        0.0000, 0.0000, 0.0000, 0.0000, 0.0000, 0.0000, 0.0000, 0.0000, 0.4128,
        0.0000, 0.0000, 0.7580, 0.0000, 0.0000, 0.0500, 0.0000])
tensor([0.0000, 0.6292, 0.1453, 0.0000, 0.0167, 0.1270, 0.0000, 0.0800, 0.0933,
        0.3229, 0.7652, 0.6929, 0.8116, 0.9069, 0.5185, 0.0048, 0.0000, 0.8306,
        0.6692, 0.0000, 0.0000, 0.0000, 0.0000, 0.0000, 0.0000, 0.0604, 0.0000,
        0.0000, 0.0000, 0.0000, 0.0000, 0.0000, 0.0000, 0.0000, 0.0000, 0.2410,
        0.0000, 0.0000, 0.8551, 0.0000, 0.0000, 0.1667, 0.0000])
tensor([0.0667, 0.7042, 0.0747, 0.0000, 0.1106, 0.0492, 0.0000, 0.0000, 0.0000,
        0.5354, 0.7909, 0.8000, 0.8319, 0.8986, 0.3667, 0.0762, 0.0000, 0.8889,
        0.4564, 0.0000, 0.0000, 0.0000, 0.0417, 0.0000, 0.0000, 0.3646, 0.0000,
        0.0000, 0.0600, 0.0000, 0.0000, 0.0000, 0.0000, 0.0000, 0.0000, 0.5282,
        0.0000, 0.0000, 0.7348, 0.0000, 0.0000, 0.0000, 0.0000])
tensor([0.0000, 0.5042, 0.2427, 0.0000, 0.2667, 0.0476, 0.0000, 0.0000, 0.0000,
        0.6458, 0.8273, 0.7405, 0.8246, 0.9306, 0.5037, 0.0857, 0.1000, 0.8861,
        0.3667, 0.0000, 0.0000, 0.0000, 0.1583, 0.0000, 0.0000, 0.6417, 0.0056,
        0.0000, 0.1200, 0.0000, 0.0000, 0.0778, 0.0000, 0.0000, 0.0000, 0.5821,
        0.0000, 0.0000, 0.8029, 0.0000, 0.0000, 0.1333, 0.0000])
tensor([0.1833, 0.5028, 0.3067, 0.0000, 0.2167, 0.0000, 0.0000, 0.0000, 0.0000,
        0.5729, 0.7394, 0.7452, 0.8275, 0.8861, 0.5222, 0.0429, 0.0000, 0.8750,
        0.3026, 0.0000, 0.0000, 0.0000, 0.1833, 0.0000, 0.0000, 0.5479, 0.0389,
        0.0000, 0.4133, 0.0000, 0.0000, 0.0926, 0.0000, 0.0000, 0.0000, 0.5462,
        0.0000, 0.0000, 0.8638, 0.0000, 0.0000, 0.0333, 0.0000])
tensor([0.0833, 0.5403, 0.3387, 0.0000, 0.3258, 0.0048, 0.0867, 0.0200, 0.0644,
        0.6687, 0.6879, 0.8048, 0.8275, 0.9306, 0.6630, 0.1095, 0.4600, 0.8222,
        0.5051, 0.0000, 0.0000, 0.0111, 0.2417, 0.0000, 0.0000, 0.5146, 0.1722,
        0.0000, 0.6200, 0.0000, 0.0000, 0.2852, 0.0000, 0.0000, 0.0000, 0.8590,
        0.0000, 0.0000, 0.8986, 0.0000, 0.0889, 0.3667, 0.0000])
tensor([0.1667, 0.6958, 0.2093, 0.0267, 0.2076, 0.0111, 0.2067, 0.0600, 0.0978,
        0.5146, 0.6879, 0.8286, 0.8072, 0.9306, 0.7037, 0.0667, 0.4333, 0.8389,
        0.4821, 0.0000, 0.0000, 0.1000, 0.5083, 0.0333, 0.0000, 0.3521, 0.2611,
        0.0000, 0.7000, 0.0000, 0.0000, 0.3778, 0.0000, 0.0000, 0.6000, 0.9513,
        0.0000, 0.1833, 0.9159, 0.1556, 0.1222, 0.0667, 0.0000])
tensor([0.0000, 0.7694, 0.1840, 0.1200, 0.1727, 0.0571, 0.0467, 0.0667, 0.2933,
        0.7312, 0.7818, 0.7786, 0.8014, 0.9403, 0.8111, 0.3571, 0.6467, 0.8611,
        0.5821, 0.0000, 0.0000, 0.0556, 0.7750, 0.1333, 0.0000, 0.5063, 0.4278,
        0.0000, 0.6600, 0.0333, 0.0067, 0.5963, 0.0000, 0.0000, 0.6583, 0.9513,
        0.0250, 0.2833, 0.9362, 0.3000, 0.1889, 0.5000, 0.0111])
tensor([0.1667, 0.7528, 0.1027, 0.4356, 0.2030, 0.1619, 0.3667, 0.0267, 0.1089,
        0.6896, 0.8152, 0.6500, 0.8043, 0.9389, 0.8333, 0.5952, 0.6000, 0.8806,
        0.4308, 0.0000, 0.0000, 0.1889, 0.7167, 0.3667, 0.0000, 0.7375, 0.4889,
        0.0000, 0.6400, 0.0000, 0.0133, 0.5667, 0.0000, 0.1190, 0.7667, 0.8692,
        0.2833, 0.3500, 0.9261, 0.5333, 0.3000, 0.3333, 0.0444])
tensor([0.0000, 0.7194, 0.1693, 0.5133, 0.3045, 0.1460, 0.3933, 0.0822, 0.2467,
        0.8292, 0.8545, 0.6857, 0.8246, 0.9431, 0.9111, 0.6762, 0.7800, 0.8778,
        0.4538, 0.0000, 0.0000, 0.2333, 0.7833, 0.3933, 0.0000, 0.8458, 0.5389,
        0.0000, 0.6733, 0.0222, 0.0467, 0.7296, 0.0000, 0.0619, 0.7750, 0.8846,
        0.4750, 0.3667, 0.9478, 0.6333, 0.4111, 0.7167, 0.1778])
tensor([0.3333, 0.7167, 0.1747, 0.5511, 0.3561, 0.2032, 0.3400, 0.1111, 0.0222,
        0.7271, 0.8591, 0.6452, 0.8261, 0.9333, 0.8481, 0.6381, 0.7267, 0.8778,
        0.3949, 0.0000, 0.0000, 0.1889, 0.6917, 0.4800, 0.0000, 0.8521, 0.5556,
        0.0000, 0.6533, 0.0222, 0.0333, 0.5111, 0.0000, 0.3857, 0.8000, 0.7564,
        0.4583, 0.3667, 0.9319, 0.6333, 0.4111, 0.4500, 0.2111])
tensor([0.0000, 0.7569, 0.3760, 0.5889, 0.4409, 0.1667, 0.4000, 0.0844, 0.1556,
        0.8458, 0.8561, 0.7405, 0.8435, 0.9222, 0.8667, 0.8762, 0.8200, 0.8722,
        0.5385, 0.0000, 0.0000, 0.2111, 0.8667, 0.4933, 0.0000, 0.8625, 0.4500,
        0.0000, 0.7267, 0.0222, 0.1600, 0.7963, 0.0000, 0.4667, 0.8167, 0.8744,
        0.5583, 0.7500, 0.9768, 0.6667, 0.3667, 0.7500, 0.3333])
tensor([0.5000, 0.7014, 0.3467, 0.4844, 0.4652, 0.2032, 0.1600, 0.1156, 0.0222,
        0.7354, 0.8742, 0.7167, 0.8478, 0.9292, 0.8333, 0.7381, 0.7467, 0.8722,
        0.4846, 0.0000, 0.0111, 0.2000, 0.7333, 0.5133, 0.0000, 0.8521, 0.4667,
        0.0000, 0.6333, 0.0556, 0.1933, 0.5333, 0.0167, 0.4286, 0.8583, 0.8308,
        0.6000, 0.6167, 0.9420, 0.6333, 0.4111, 0.5000, 0.3444])
tensor([0.0000, 0.7319, 0.6427, 0.5622, 0.6682, 0.1921, 0.4133, 0.1067, 0.2733,
        0.8458, 0.8833, 0.7929, 0.8493, 0.9208, 0.8667, 0.9381, 0.8333, 0.8778,
        0.5359, 0.0000, 0.0333, 0.2889, 0.8833, 0.5200, 0.0111, 0.8875, 0.4278,
        0.0500, 0.6867, 0.0778, 0.1933, 0.8519, 0.0000, 0.6857, 0.8583, 0.9103,
        0.7167, 0.8167, 0.9725, 0.6556, 0.4333, 0.6167, 0.5889])
tensor([0.4833, 0.7292, 0.4907, 0.3356, 0.5424, 0.1317, 0.0067, 0.1311, 0.0444,
        0.7542, 0.9197, 0.6833, 0.8493, 0.9542, 0.7778, 0.8714, 0.7467, 0.8694,
        0.3897, 0.0000, 0.0111, 0.2889, 0.6833, 0.5333, 0.0000, 0.8833, 0.5556,
        0.0000, 0.5867, 0.0556, 0.2000, 0.5148, 0.2000, 0.6524, 0.8583, 0.7692,
        0.5500, 0.6333, 0.9072, 0.6556, 0.3556, 0.4500, 0.1778])
tensor([0.0000, 0.7375, 0.7107, 0.5511, 0.6955, 0.2603, 0.3867, 0.1467, 0.3556,
        0.8562, 0.9318, 0.7929, 0.8594, 0.9403, 0.8852, 0.9381, 0.8133, 0.8750,
        0.4410, 0.0000, 0.0889, 0.3333, 0.8083, 0.5733, 0.0111, 0.9083, 0.5500,
        0.0500, 0.6600, 0.1667, 0.2267, 0.8815, 0.1167, 0.8000, 0.8833, 0.8897,
        0.6917, 0.7833, 0.9638, 0.6111, 0.5556, 0.5333, 0.4556])
tensor([0.4667, 0.7278, 0.6053, 0.1933, 0.7091, 0.1413, 0.0000, 0.1644, 0.0933,
        0.8083, 0.9530, 0.6476, 0.8449, 0.9736, 0.8407, 0.8429, 0.7533, 0.8611,
        0.3692, 0.0167, 0.0000, 0.4222, 0.6667, 0.6067, 0.0000, 0.8813, 0.6389,
        0.0000, 0.6000, 0.1556, 0.1733, 0.5296, 0.4500, 0.6810, 0.8500, 0.7385,
        0.5167, 0.6000, 0.9043, 0.6667, 0.3667, 0.3500, 0.1778])
tensor([0.0167, 0.6319, 0.8400, 0.4200, 0.7621, 0.2587, 0.4867, 0.3444, 0.3511,
        0.9417, 0.9470, 0.7952, 0.8768, 0.9500, 0.8519, 0.9048, 0.8467, 0.8667,
        0.4667, 0.0500, 0.1000, 0.6556, 0.8083, 0.6133, 0.0111, 0.8958, 0.6500,
        0.0333, 0.6667, 0.1667, 0.2400, 0.8519, 0.1833, 0.8286, 0.8917, 0.9128,
        0.6250, 0.7500, 0.9696, 0.6778, 0.8556, 0.5333, 0.6111])
tensor([0.7333, 0.6069, 0.6707, 0.0800, 0.7606, 0.1746, 0.3800, 0.4600, 0.1067,
        0.8562, 0.9318, 0.7357, 0.8681, 0.9444, 0.8074, 0.8238, 0.8467, 0.8444,
        0.4308, 0.1333, 0.0111, 0.5333, 0.7917, 0.5800, 0.0000, 0.8708, 0.6722,
        0.0167, 0.6333, 0.2111, 0.1667, 0.5815, 0.5167, 0.6571, 0.8667, 0.8795,
        0.5750, 0.6667, 0.9507, 0.6778, 0.5111, 0.5333, 0.6444])
tensor([0.0167, 0.6375, 0.8640, 0.4311, 0.7591, 0.3254, 0.5733, 0.7156, 0.2244,
        0.9604, 0.9409, 0.8357, 0.8797, 0.9403, 0.8481, 0.8952, 0.8600, 0.8667,
        0.4769, 0.2000, 0.0778, 0.7556, 0.8750, 0.6267, 0.0111, 0.9021, 0.7111,
        0.0500, 0.6933, 0.1667, 0.2200, 0.8370, 0.3500, 0.8048, 0.9083, 0.9231,
        0.6083, 0.8333, 0.9812, 0.8778, 0.8889, 0.5667, 0.7556])
tensor([0.2667, 0.8194, 0.6280, 0.2911, 0.8136, 0.3413, 0.4333, 0.5489, 0.1867,
        0.8875, 0.9500, 0.7548, 0.8449, 0.9639, 0.8852, 0.9000, 0.8400, 0.8694,
        0.4641, 0.3833, 0.0111, 0.4444, 0.8583, 0.6067, 0.0000, 0.9229, 0.6556,
        0.0333, 0.6400, 0.3000, 0.1667, 0.7259, 0.6667, 0.7190, 0.8667, 0.9103,
        0.6750, 0.7500, 0.9406, 0.7000, 0.4889, 0.4833, 0.6222])
tensor([0.0000, 0.9153, 0.6733, 0.6400, 0.7909, 0.5000, 0.5667, 0.7356, 0.2133,
        0.9708, 0.9530, 0.8381, 0.8652, 0.9542, 0.9259, 0.9524, 0.8467, 0.8833,
        0.4923, 0.3333, 0.0889, 0.6889, 0.9000, 0.6200, 0.0333, 0.9250, 0.6833,
        0.0333, 0.6733, 0.3778, 0.2200, 0.8407, 0.4667, 0.7810, 0.9167, 0.9538,
        0.7083, 0.8667, 0.9812, 0.8556, 0.8333, 0.5667, 0.7111])
tensor([0.0667, 0.9389, 0.4213, 0.3778, 0.7152, 0.3063, 0.1267, 0.5333, 0.2178,
        0.8813, 0.9242, 0.7214, 0.7899, 0.9792, 0.9259, 0.9524, 0.8133, 0.8861,
        0.5000, 0.2167, 0.0000, 0.5778, 0.8917, 0.6267, 0.0444, 0.9542, 0.5389,
        0.1000, 0.6200, 0.4111, 0.1733, 0.6667, 0.7333, 0.7857, 0.9000, 0.8974,
        0.7083, 0.7167, 0.8986, 0.6556, 0.6889, 0.4667, 0.5667])
tensor([0.0000, 0.9639, 0.5920, 0.4844, 0.6848, 0.4397, 0.5333, 0.7133, 0.2200,
        0.9625, 0.9576, 0.8310, 0.8507, 0.9681, 0.9222, 0.9619, 0.8400, 0.8944,
        0.5846, 0.0833, 0.0222, 0.7889, 0.9000, 0.6533, 0.1444, 0.9417, 0.5389,
        0.1333, 0.6600, 0.4222, 0.1800, 0.7111, 0.5000, 0.6857, 0.9250, 0.9487,
        0.7667, 0.8000, 0.9739, 0.8222, 0.8333, 0.5333, 0.7333])
tensor([0.0667, 0.9236, 0.4987, 0.3489, 0.7970, 0.3349, 0.2133, 0.5956, 0.2000,
        0.9104, 0.9136, 0.7357, 0.8000, 0.9736, 0.9148, 0.9524, 0.8067, 0.8861,
        0.6154, 0.0000, 0.0000, 0.5778, 0.9083, 0.6533, 0.0667, 0.9542, 0.3944,
        0.1167, 0.6000, 0.4667, 0.1333, 0.6037, 0.5500, 0.8095, 0.9000, 0.9256,
        0.7333, 0.8167, 0.9217, 0.6667, 0.7000, 0.5333, 0.6333])
tensor([0.0000, 0.9375, 0.6880, 0.5867, 0.8652, 0.4349, 0.6267, 0.6733, 0.2822,
        0.9583, 0.9515, 0.8190, 0.8565, 0.9681, 0.9000, 0.9571, 0.8200, 0.8972,
        0.6769, 0.2500, 0.0222, 0.7556, 0.9083, 0.6733, 0.1111, 0.9521, 0.4000,
        0.1500, 0.7400, 0.4000, 0.1733, 0.8000, 0.5833, 0.8571, 0.9083, 0.9513,
        0.7833, 0.8500, 0.9783, 0.9000, 0.8444, 0.5833, 0.7778])
tensor([0.0167, 0.8917, 0.7307, 0.6244, 0.8970, 0.4444, 0.6733, 0.5022, 0.3911,
        0.9187, 0.9394, 0.7190, 0.8333, 0.9694, 0.9111, 0.9667, 0.8133, 0.9000,
        0.6487, 0.1667, 0.0222, 0.4222, 0.9167, 0.7067, 0.0333, 0.9521, 0.3778,
        0.1833, 0.6733, 0.3778, 0.1400, 0.8000, 0.6833, 0.9048, 0.8750, 0.9179,
        0.7750, 0.9333, 0.9797, 0.7444, 0.7778, 0.5500, 0.7556])
tensor([0.0000, 0.8903, 0.8080, 0.6889, 0.9167, 0.5127, 0.6933, 0.3533, 0.3600,
        0.9458, 0.9455, 0.7500, 0.8580, 0.9625, 0.9111, 0.9714, 0.8067, 0.9111,
        0.6692, 0.5333, 0.0556, 0.4000, 0.9667, 0.7067, 0.0556, 0.9583, 0.4333,
        0.1333, 0.7733, 0.2889, 0.2267, 0.8778, 0.6833, 0.9095, 0.8333, 0.9308,
        0.7833, 0.9000, 0.9913, 0.9667, 0.8333, 0.5833, 0.8333])
tensor([0.0667, 0.8722, 0.7733, 0.6111, 0.9091, 0.4048, 0.6867, 0.2133, 0.2844,
        0.9042, 0.8955, 0.6429, 0.8377, 0.9681, 0.9111, 0.9714, 0.7933, 0.9083,
        0.6359, 0.4500, 0.0111, 0.3111, 0.9833, 0.6467, 0.0444, 0.9583, 0.3667,
        0.1167, 0.7000, 0.3889, 0.1800, 0.8519, 0.5833, 0.9333, 0.7833, 0.9051,
        0.7500, 0.9333, 0.9913, 0.8778, 0.7000, 0.5500, 0.7889])
tensor([0.0000, 0.9042, 0.8493, 0.6333, 0.9121, 0.5175, 0.6867, 0.1978, 0.4111,
        0.9354, 0.9333, 0.7262, 0.8478, 0.9694, 0.9111, 0.9762, 0.7933, 0.9139,
        0.6487, 0.4333, 0.0111, 0.3222, 0.9833, 0.6667, 0.0889, 0.9646, 0.3667,
        0.1000, 0.7133, 0.4333, 0.1800, 0.9222, 0.5833, 0.9048, 0.7500, 0.9359,
        0.7750, 0.9167, 0.9855, 0.9667, 0.7778, 0.5500, 0.7889])
tensor([0.0667, 0.9014, 0.8573, 0.5422, 0.8742, 0.4635, 0.5867, 0.3778, 0.5844,
        0.9000, 0.9030, 0.6381, 0.8029, 0.9889, 0.9519, 0.9762, 0.6800, 0.9333,
        0.5949, 0.2667, 0.0111, 0.3556, 0.9750, 0.6933, 0.0444, 0.9708, 0.3333,
        0.1333, 0.7133, 0.4889, 0.1800, 0.8741, 0.7333, 0.9524, 0.8667, 0.8641,
        0.8000, 0.8167, 0.9449, 0.6667, 0.4778, 0.4500, 0.3889])
tensor([0.0000, 0.9056, 0.9067, 0.8333, 0.8970, 0.6413, 0.6600, 0.6044, 0.7756,
        0.9688, 0.9439, 0.7643, 0.8290, 0.9903, 0.9630, 0.9905, 0.7400, 0.9111,
        0.6769, 0.0833, 0.2111, 0.6333, 0.9750, 0.7467, 0.1111, 0.9625, 0.3833,
        0.2333, 0.8067, 0.3778, 0.2733, 0.9111, 0.7500, 0.9667, 0.8917, 0.9026,
        0.8083, 0.8833, 0.9638, 0.9333, 0.7778, 0.5333, 0.7111])
tensor([0.2000, 0.8694, 0.9360, 0.8600, 0.8667, 0.6587, 0.6400, 0.8133, 0.7489,
        0.9583, 0.9121, 0.7381, 0.8435, 0.9708, 0.9741, 0.9857, 0.8400, 0.9056,
        0.7487, 0.1667, 0.2556, 0.4667, 0.9500, 0.8000, 0.3222, 0.9250, 0.2389,
        0.3667, 0.8600, 0.2556, 0.3533, 0.8852, 0.8167, 0.9667, 0.9250, 0.8872,
        0.7833, 0.8833, 0.9754, 0.9000, 0.7000, 0.5667, 0.7889])
tensor([0.0500, 0.8653, 0.9587, 0.8911, 0.8636, 0.7222, 0.5533, 0.8378, 0.7222,
        0.9354, 0.9379, 0.8333, 0.8449, 0.9583, 0.9778, 0.9905, 0.8600, 0.9000,
        0.7487, 0.1500, 0.3222, 0.7000, 0.9583, 0.7933, 0.4000, 0.9292, 0.3667,
        0.3667, 0.8400, 0.2667, 0.3933, 0.8667, 0.8000, 0.9619, 0.9500, 0.8897,
        0.8000, 0.9167, 0.9884, 0.9222, 0.8333, 0.6167, 0.8444])
tensor([0.2167, 0.8917, 0.9267, 0.8978, 0.8500, 0.6429, 0.6667, 0.8711, 0.7244,
        0.9583, 0.9318, 0.7762, 0.8478, 0.9708, 0.9704, 0.9905, 0.8533, 0.9083,
        0.7077, 0.2500, 0.2222, 0.5222, 0.9500, 0.8333, 0.3222, 0.9125, 0.4222,
        0.3333, 0.8600, 0.3000, 0.4267, 0.8630, 0.9000, 0.9619, 0.9583, 0.9051,
        0.8250, 0.9000, 0.9768, 0.8889, 0.7778, 0.6500, 0.8444])
tensor([0.1000, 0.9111, 0.9640, 0.8889, 0.8470, 0.6365, 0.6200, 0.8556, 0.7756,
        0.9667, 0.9561, 0.8190, 0.8522, 0.9694, 0.9852, 0.9952, 0.8467, 0.8972,
        0.7026, 0.4833, 0.2333, 0.5556, 0.9667, 0.8133, 0.3667, 0.9375, 0.5722,
        0.3000, 0.8467, 0.3667, 0.4467, 0.8963, 0.8667, 0.9619, 0.9417, 0.9000,
        0.7833, 0.9167, 0.9855, 0.9111, 0.7889, 0.6000, 0.8444])
tensor([0.2500, 0.9153, 0.9240, 0.8622, 0.7924, 0.5603, 0.6600, 0.8378, 0.7956,
        0.9604, 0.9545, 0.7857, 0.8609, 0.9792, 0.9778, 0.9952, 0.8533, 0.9139,
        0.6308, 0.3500, 0.2222, 0.5333, 0.9583, 0.9133, 0.1778, 0.9104, 0.6000,
        0.2333, 0.8533, 0.3889, 0.3733, 0.8667, 0.9167, 0.9619, 0.9750, 0.9179,
        0.7750, 0.9167, 0.9594, 0.9000, 0.7778, 0.6333, 0.8889])
tensor([0.1500, 0.9306, 0.9347, 0.8244, 0.7136, 0.4571, 0.6933, 0.8244, 0.8156,
        0.9708, 0.9591, 0.7976, 0.8609, 0.9833, 0.9852, 0.9952, 0.7800, 0.9083,
        0.6000, 0.5000, 0.2333, 0.6222, 0.9583, 0.8933, 0.2778, 0.9396, 0.6722,
        0.2333, 0.8667, 0.4556, 0.4333, 0.9037, 0.8167, 0.9619, 0.9667, 0.9231,
        0.7500, 0.9667, 0.9710, 0.9333, 0.7667, 0.5667, 0.8778])
tensor([0.4333, 0.9139, 0.8973, 0.5889, 0.4273, 0.2810, 0.6133, 0.7378, 0.7667,
        0.9542, 0.9515, 0.7643, 0.8638, 0.9903, 0.9815, 0.9952, 0.6600, 0.9222,
        0.5000, 0.2667, 0.1222, 0.5333, 0.9583, 0.8333, 0.1222, 0.9083, 0.6778,
        0.2167, 0.8267, 0.5778, 0.2333, 0.8000, 0.8667, 0.9619, 0.9583, 0.8718,
        0.7583, 0.9167, 0.9116, 0.6667, 0.6556, 0.5833, 0.8000])
tensor([0.2833, 0.9236, 0.9093, 0.5356, 0.2682, 0.1190, 0.5267, 0.7044, 0.7644,
        0.9563, 0.9576, 0.7500, 0.8768, 0.9917, 0.9630, 0.9952, 0.6400, 0.9472,
        0.4513, 0.2000, 0.0778, 0.6000, 0.9583, 0.8267, 0.1556, 0.9021, 0.7111,
        0.1833, 0.8333, 0.5889, 0.1867, 0.7407, 0.7333, 0.9619, 0.9667, 0.8103,
        0.7500, 0.7833, 0.9290, 0.6667, 0.4444, 0.5500, 0.7667])
tensor([0.6167, 0.8986, 0.9693, 0.6800, 0.6394, 0.1905, 0.6333, 0.7867, 0.8311,
        0.9458, 0.9379, 0.7238, 0.8899, 0.9778, 0.9259, 0.9952, 0.8200, 0.8806,
        0.6538, 0.4667, 0.1444, 0.5333, 0.9583, 0.9400, 0.2111, 0.8833, 0.6722,
        0.2167, 0.8733, 0.4444, 0.2000, 0.8037, 0.6667, 0.9667, 0.9667, 0.9179,
        0.7333, 0.9833, 0.9710, 0.9333, 0.7556, 0.6333, 0.8667])
tensor([0.3833, 0.9167, 0.9440, 0.7867, 0.6333, 0.3841, 0.7400, 0.8422, 0.8644,
        0.9729, 0.9652, 0.8095, 0.8826, 0.9875, 0.9704, 0.9952, 0.7200, 0.9083,
        0.5487, 0.4500, 0.2444, 0.6000, 0.9500, 0.9200, 0.2333, 0.9354, 0.7722,
        0.1833, 0.8867, 0.5222, 0.3400, 0.9074, 0.9500, 0.9667, 0.9667, 0.9026,
        0.7583, 0.9833, 0.9826, 0.9111, 0.8000, 0.6333, 0.8778])
tensor([0.4000, 0.9014, 0.9253, 0.9333, 0.8970, 0.7952, 0.7467, 0.7733, 0.9222,
        0.9708, 0.9667, 0.8286, 0.9014, 0.9694, 0.9778, 0.9857, 0.8800, 0.9139,
        0.6128, 0.5333, 0.7333, 0.4333, 0.9250, 0.8600, 0.1778, 0.9312, 0.8056,
        0.1333, 0.8800, 0.4333, 0.4400, 0.9037, 0.9500, 0.9619, 0.9750, 0.9410,
        0.8417, 0.9500, 0.9739, 0.8889, 0.7444, 0.6333, 0.8889])
tensor([0.3500, 0.8806, 0.8867, 0.9267, 0.9152, 0.8540, 0.7467, 0.7867, 0.9089,
        0.9771, 0.9636, 0.8524, 0.8783, 0.9625, 0.9815, 0.9857, 0.9067, 0.8778,
        0.6769, 0.2667, 0.7778, 0.3889, 0.8833, 0.9133, 0.2333, 0.9396, 0.7889,
        0.2667, 0.9067, 0.3222, 0.4600, 0.9259, 0.9500, 0.9619, 0.9750, 0.9462,
        0.8667, 0.9833, 0.9826, 0.8889, 0.8111, 0.6500, 0.9000])
tensor([0.4667, 0.8792, 0.8760, 0.9289, 0.9152, 0.8587, 0.7800, 0.8044, 0.8844,
        0.9750, 0.9621, 0.8595, 0.9000, 0.9681, 0.9852, 0.9857, 0.9067, 0.9417,
        0.7154, 0.1833, 0.7889, 0.3556, 0.9333, 0.9400, 0.3111, 0.9458, 0.7389,
        0.3000, 0.8600, 0.5556, 0.4600, 0.9296, 0.9500, 0.9619, 0.9750, 0.9359,
        0.8500, 0.9167, 0.9739, 0.8889, 0.7333, 0.6167, 0.8778])
tensor([0.4167, 0.9028, 0.8987, 0.9222, 0.9061, 0.8698, 0.7867, 0.7867, 0.9222,
        0.9833, 0.9667, 0.8619, 0.9029, 0.9653, 0.9852, 0.9857, 0.9067, 0.9306,
        0.7385, 0.2333, 0.7667, 0.3556, 0.9167, 0.8467, 0.2444, 0.9417, 0.7611,
        0.2333, 0.8933, 0.4444, 0.4400, 0.9259, 0.9500, 0.9619, 0.9750, 0.9513,
        0.8417, 0.9667, 0.9826, 0.8889, 0.7889, 0.6167, 0.8667])
tensor([0.4500, 0.9028, 0.9080, 0.9267, 0.9091, 0.8587, 0.7867, 0.8133, 0.9156,
        0.9750, 0.9682, 0.8524, 0.9072, 0.9667, 0.9815, 0.9905, 0.9267, 0.9556,
        0.7410, 0.1500, 0.7667, 0.4222, 0.9250, 0.8667, 0.2667, 0.9396, 0.7611,
        0.1833, 0.8933, 0.5111, 0.4067, 0.9111, 0.9500, 0.9619, 0.9750, 0.9564,
        0.8000, 0.9167, 0.9841, 0.8889, 0.7889, 0.6333, 0.9111])
tensor([0.4333, 0.9111, 0.9253, 0.9244, 0.9045, 0.8524, 0.7667, 0.8489, 0.9089,
        0.9792, 0.9742, 0.8571, 0.9058, 0.9611, 0.9852, 0.9952, 0.9267, 0.9417,
        0.7538, 0.1833, 0.7667, 0.3889, 0.9417, 0.8600, 0.3000, 0.9396, 0.7667,
        0.2333, 0.8933, 0.5333, 0.4067, 0.9074, 0.9500, 0.9667, 0.9750, 0.9462,
        0.8250, 0.9833, 0.9870, 0.8667, 0.8111, 0.6167, 0.9111])
tensor([0.4833, 0.9181, 0.9427, 0.9244, 0.9061, 0.8508, 0.7600, 0.8467, 0.9111,
        0.9729, 0.9742, 0.8619, 0.9029, 0.9611, 0.9852, 0.9952, 0.9267, 0.9556,
        0.7462, 0.2500, 0.8000, 0.4889, 0.9083, 0.8867, 0.3778, 0.9375, 0.7611,
        0.3833, 0.9067, 0.5889, 0.4000, 0.9000, 0.9500, 0.9667, 0.9750, 0.9436,
        0.8083, 0.9667, 0.9870, 0.8778, 0.7889, 0.6167, 0.9111])
tensor([0.4333, 0.9222, 0.9560, 0.9222, 0.9076, 0.8476, 0.7467, 0.8667, 0.9022,
        0.9667, 0.9727, 0.8595, 0.9087, 0.9597, 0.9778, 0.9952, 0.9333, 0.9333,
        0.7641, 0.3000, 0.7889, 0.5222, 0.9167, 0.9067, 0.4333, 0.9354, 0.7556,
        0.3833, 0.9000, 0.6222, 0.3933, 0.8889, 0.9500, 0.9667, 0.9750, 0.9205,
        0.8083, 0.9833, 0.9884, 0.8778, 0.8111, 0.6167, 0.9222])
tensor([0.4833, 0.9167, 0.9360, 0.9222, 0.9091, 0.8492, 0.7067, 0.8311, 0.8622,
        0.9187, 0.9621, 0.8619, 0.8855, 0.9597, 0.9370, 0.9905, 0.9333, 0.9361,
        0.7718, 0.2500, 0.8111, 0.5111, 0.9333, 0.7933, 0.2889, 0.9375, 0.7278,
        0.4333, 0.9133, 0.5889, 0.2267, 0.8148, 0.9500, 0.9667, 0.9750, 0.8949,
        0.8083, 0.9833, 0.9884, 0.6778, 0.8000, 0.6667, 0.9222])
tensor([0.5333, 0.9181, 0.9533, 0.9222, 0.9121, 0.8571, 0.7733, 0.8644, 0.8889,
        0.9542, 0.9636, 0.8571, 0.8826, 0.9583, 0.9519, 0.9857, 0.9333, 0.9222,
        0.7769, 0.2500, 0.8333, 0.4667, 0.9000, 0.8667, 0.3222, 0.9271, 0.7000,
        0.4333, 0.9200, 0.5889, 0.2267, 0.8407, 0.9500, 0.9667, 0.9750, 0.9103,
        0.8333, 0.9833, 0.9913, 0.8444, 0.8111, 0.6833, 0.9222])
tensor([0.4167, 0.9306, 0.9307, 0.9378, 0.9121, 0.8556, 0.7733, 0.8911, 0.8711,
        0.9563, 0.9621, 0.8595, 0.8826, 0.9819, 0.9889, 0.9905, 0.8600, 0.9389,
        0.7103, 0.5000, 0.8333, 0.4889, 0.9250, 0.9267, 0.5333, 0.9479, 0.7556,
        0.4167, 0.9000, 0.7111, 0.4867, 0.9370, 0.9500, 0.9667, 0.9667, 0.9051,
        0.8583, 0.9667, 0.9710, 0.8444, 0.7889, 0.6833, 0.9222])
tensor([0.5000, 0.9347, 0.9240, 0.9311, 0.9091, 0.8524, 0.7667, 0.8800, 0.9000,
        0.9542, 0.9667, 0.8357, 0.8884, 0.9819, 0.9889, 0.9952, 0.8800, 0.9889,
        0.7487, 0.5167, 0.7556, 0.4778, 0.9500, 0.9467, 0.5556, 0.9563, 0.7667,
        0.4167, 0.8933, 0.8111, 0.5467, 0.9370, 0.9333, 0.9667, 0.9667, 0.9282,
        0.8667, 0.9333, 0.9754, 0.9000, 0.5556, 0.6167, 0.9111])
tensor([0.4833, 0.9292, 0.9560, 0.9244, 0.9167, 0.8603, 0.7733, 0.8378, 0.9244,
        0.9563, 0.9682, 0.8571, 0.8986, 0.9708, 0.9963, 0.9905, 0.9133, 0.9806,
        0.7769, 0.4167, 0.8333, 0.4778, 0.9417, 0.9467, 0.5778, 0.9479, 0.7611,
        0.4000, 0.9067, 0.8333, 0.4467, 0.9333, 0.9333, 0.9667, 0.9750, 0.9410,
        0.8667, 0.9833, 0.9841, 0.9000, 0.7444, 0.6167, 0.9111])
tensor([0.5333, 0.9292, 0.9573, 0.9222, 0.9167, 0.8635, 0.7867, 0.8711, 0.9111,
        0.9500, 0.9667, 0.8500, 0.8971, 0.9625, 0.9778, 0.9857, 0.9333, 0.9583,
        0.7949, 0.2833, 0.8444, 0.4333, 0.9250, 0.9333, 0.4778, 0.9438, 0.7333,
        0.4500, 0.9267, 0.8444, 0.3667, 0.8963, 0.9500, 0.9667, 0.9667, 0.9333,
        0.8417, 0.9833, 0.9884, 0.8000, 0.8111, 0.6833, 0.9333])
tensor([0.5333, 0.9264, 0.9547, 0.9222, 0.9152, 0.8667, 0.7933, 0.8667, 0.8844,
        0.9438, 0.9652, 0.8524, 0.8928, 0.9611, 0.9593, 0.9857, 0.9267, 0.9417,
        0.7923, 0.1500, 0.8778, 0.4556, 0.9250, 0.9000, 0.4000, 0.9396, 0.7278,
        0.5000, 0.9400, 0.7444, 0.2467, 0.8630, 0.9500, 0.9810, 0.9667, 0.9128,
        0.8417, 0.9833, 0.9913, 0.7778, 0.8333, 0.6833, 0.9333])
tensor([0.5000, 0.9236, 0.9480, 0.9289, 0.9182, 0.8540, 0.7533, 0.8600, 0.8756,
        0.9292, 0.9636, 0.8548, 0.8841, 0.9611, 0.9259, 0.9857, 0.9467, 0.9472,
        0.8000, 0.1833, 0.8778, 0.4667, 0.9167, 0.8600, 0.3889, 0.9396, 0.7167,
        0.4833, 0.9467, 0.8000, 0.2067, 0.8185, 0.9500, 0.9857, 0.9750, 0.9256,
        0.8167, 0.9833, 0.9913, 0.7444, 0.8444, 0.7167, 0.9333])
tensor([0.5500, 0.9306, 0.9520, 0.9311, 0.9242, 0.8603, 0.7600, 0.9156, 0.9044,
        0.9500, 0.9652, 0.8524, 0.8710, 0.9778, 0.9889, 0.9905, 0.9000, 0.9528,
        0.7744, 0.3500, 0.8778, 0.4556, 0.9333, 0.9600, 0.7333, 0.9396, 0.7611,
        0.4833, 0.9333, 0.8222, 0.5000, 0.9333, 0.9500, 0.9810, 0.9750, 0.9205,
        0.8750, 0.9833, 0.9797, 0.9333, 0.7111, 0.7000, 0.9222])
tensor([0.5667, 0.9375, 0.9413, 0.9356, 0.9167, 0.8429, 0.7733, 0.9067, 0.8956,
        0.9542, 0.9667, 0.8452, 0.8783, 0.9819, 0.9963, 0.9905, 0.8733, 0.9861,
        0.7359, 0.6000, 0.8333, 0.5222, 0.9417, 0.9400, 0.7556, 0.9500, 0.8111,
        0.4333, 0.8867, 0.9556, 0.5867, 0.9407, 0.9333, 0.9762, 0.9667, 0.9128,
        0.8417, 0.9333, 0.9768, 0.8778, 0.5889, 0.6500, 0.9222])
tensor([0.6000, 0.9375, 0.9493, 0.9311, 0.8985, 0.8540, 0.7333, 0.8933, 0.8844,
        0.9458, 0.9667, 0.8310, 0.8812, 0.9819, 1.0000, 0.9905, 0.8867, 0.9889,
        0.7128, 0.5000, 0.7889, 0.4111, 0.9417, 0.9400, 0.7556, 0.9521, 0.8222,
        0.4333, 0.8800, 0.9889, 0.6067, 0.9519, 0.9333, 0.9762, 0.9750, 0.9205,
        0.8583, 0.9333, 0.9696, 0.8778, 0.5333, 0.6333, 0.9222])
tensor([0.5667, 0.9417, 0.9640, 0.9311, 0.9061, 0.8476, 0.7533, 0.9111, 0.8956,
        0.9521, 0.9636, 0.8381, 0.8855, 0.9819, 1.0000, 0.9905, 0.8867, 0.9861,
        0.7744, 0.4500, 0.8111, 0.4667, 0.9417, 0.9533, 0.7556, 0.9521, 0.7889,
        0.4333, 0.9133, 0.9556, 0.5733, 0.9444, 0.9333, 0.9762, 0.9667, 0.9128,
        0.8750, 0.9667, 0.9754, 0.9333, 0.6000, 0.6333, 0.9222])
tensor([0.5500, 0.9361, 0.9733, 0.9311, 0.9227, 0.8444, 0.7867, 0.9222, 0.9178,
        0.9521, 0.9667, 0.8429, 0.8928, 0.9722, 0.9889, 0.9905, 0.9133, 0.9833,
        0.7872, 0.3500, 0.8556, 0.5222, 0.9333, 0.9733, 0.7333, 0.9396, 0.7889,
        0.4833, 0.9467, 0.9333, 0.4733, 0.9370, 0.9500, 0.9857, 0.9750, 0.9359,
        0.8583, 0.9833, 0.9870, 0.9333, 0.7778, 0.6667, 0.9333])
tensor([0.5500, 0.9306, 0.9693, 0.9222, 0.9227, 0.8556, 0.7733, 0.8822, 0.9022,
        0.9438, 0.9591, 0.8429, 0.8812, 0.9611, 0.9852, 0.9857, 0.9200, 0.9444,
        0.7974, 0.3333, 0.8889, 0.5111, 0.9333, 0.9733, 0.4889, 0.9417, 0.7722,
        0.4833, 0.9533, 0.9333, 0.3400, 0.9074, 0.9500, 0.9905, 0.9667, 0.9231,
        0.9000, 0.9833, 0.9884, 0.9000, 0.8000, 0.6833, 0.9333])
tensor([0.6000, 0.9333, 0.9613, 0.9178, 0.9106, 0.8460, 0.7600, 0.8467, 0.8756,
        0.8667, 0.9576, 0.8548, 0.8710, 0.9639, 0.8926, 0.9810, 0.9333, 0.9611,
        0.8103, 0.3333, 0.9000, 0.4889, 0.9167, 0.8067, 0.4000, 0.9458, 0.7722,
        0.4833, 0.9467, 0.9444, 0.1933, 0.8111, 0.9500, 0.9905, 0.9667, 0.9436,
        0.8333, 0.9833, 0.9913, 0.7000, 0.8000, 0.7167, 0.9444])
tensor([0.5667, 0.9444, 0.9573, 0.9156, 0.9212, 0.8667, 0.7800, 0.8867, 0.8800,
        0.9375, 0.9606, 0.8571, 0.8928, 0.9722, 0.9370, 0.9905, 0.9333, 0.9583,
        0.7949, 0.3167, 0.8889, 0.5444, 0.9250, 0.9600, 0.5222, 0.9438, 0.7778,
        0.4833, 0.9467, 0.9333, 0.3400, 0.8852, 0.9500, 0.9952, 0.9667, 0.9513,
        0.8417, 0.9833, 0.9928, 0.8111, 0.8333, 0.7167, 0.9444])
tensor([0.4833, 0.9514, 0.9533, 0.9267, 0.8545, 0.8238, 0.7600, 0.8600, 0.8600,
        0.9417, 0.9682, 0.8381, 0.8812, 0.9903, 0.9926, 0.9810, 0.8733, 0.9861,
        0.7308, 0.7667, 0.8111, 0.5667, 0.9250, 0.8733, 0.8111, 0.9479, 0.7833,
        0.6333, 0.9067, 0.9556, 0.5800, 0.8963, 0.9500, 0.9857, 0.9583, 0.8590,
        0.8250, 0.9667, 0.9725, 0.6667, 0.6333, 0.7000, 0.9222])
tensor([0.6000, 0.9472, 0.9720, 0.9244, 0.9227, 0.8175, 0.7467, 0.9044, 0.8978,
        0.9417, 0.9591, 0.8524, 0.9203, 0.9806, 0.9815, 0.9905, 0.9333, 0.9861,
        0.7949, 0.6167, 0.8222, 0.5222, 0.9417, 0.9733, 0.8000, 0.9479, 0.8444,
        0.4167, 0.9267, 0.9778, 0.5200, 0.9630, 0.9500, 0.9952, 0.9750, 0.9538,
        0.8750, 0.9833, 0.9899, 0.9667, 0.6556, 0.6667, 0.9333])
tensor([0.6000, 0.9500, 0.9707, 0.9222, 0.9121, 0.8333, 0.7600, 0.8844, 0.8978,
        0.9417, 0.9591, 0.8357, 0.8899, 0.9833, 0.9963, 0.9857, 0.9200, 0.9861,
        0.7513, 0.6500, 0.8444, 0.5111, 0.9333, 0.9133, 0.8222, 0.9479, 0.8278,
        0.4833, 0.9333, 0.9333, 0.5600, 0.9481, 0.9500, 0.9952, 0.9583, 0.9103,
        0.8750, 0.9833, 0.9797, 0.8889, 0.7111, 0.6667, 0.9222])
tensor([0.5667, 0.9458, 0.9787, 0.9178, 0.9333, 0.8365, 0.7667, 0.9244, 0.9044,
        0.9438, 0.9561, 0.8262, 0.8986, 0.9750, 0.9889, 0.9905, 0.9267, 0.9861,
        0.7949, 0.6167, 0.8556, 0.5556, 0.9417, 0.9733, 0.7667, 0.9458, 0.8222,
        0.4833, 0.9533, 0.9556, 0.5467, 0.9593, 0.9333, 0.9952, 0.9667, 0.9385,
        0.9000, 0.9833, 0.9710, 0.9667, 0.7889, 0.6667, 0.9333])
tensor([0.5667, 0.9417, 0.9800, 0.9089, 0.9333, 0.8508, 0.7800, 0.9111, 0.9067,
        0.9438, 0.9545, 0.8310, 0.8913, 0.9736, 0.9926, 0.9905, 0.9333, 0.9750,
        0.8000, 0.6333, 0.8444, 0.5222, 0.9417, 0.9733, 0.7778, 0.9438, 0.8167,
        0.4833, 0.9533, 0.9778, 0.5400, 0.9593, 0.9500, 0.9952, 0.9583, 0.9487,
        0.8750, 0.9833, 0.9841, 0.9667, 0.7556, 0.6667, 0.9333])
tensor([0.5167, 0.9403, 0.9733, 0.9133, 0.9424, 0.8667, 0.7867, 0.8978, 0.9067,
        0.9479, 0.9545, 0.8476, 0.8913, 0.9722, 0.9926, 0.9857, 0.9533, 0.9722,
        0.8000, 0.5167, 0.9111, 0.5222, 0.9250, 0.9800, 0.8222, 0.9458, 0.8222,
        0.5000, 0.9533, 0.9778, 0.4600, 0.9556, 0.9667, 0.9952, 0.9667, 0.9615,
        0.9000, 0.9833, 0.9870, 0.9667, 0.7556, 0.6833, 0.9333])
tensor([0.5000, 0.9375, 0.9813, 0.9133, 0.9470, 0.8857, 0.7467, 0.9133, 0.9022,
        0.9438, 0.9515, 0.8452, 0.8841, 0.9708, 0.9926, 0.9857, 0.9533, 0.9750,
        0.8051, 0.6667, 0.8556, 0.5333, 0.9250, 0.9733, 0.8556, 0.9458, 0.8167,
        0.5000, 0.9533, 0.9778, 0.4733, 0.9593, 0.9500, 0.9952, 0.9667, 0.9462,
        0.9083, 0.9833, 0.9783, 0.9667, 0.6111, 0.6667, 0.9333])
tensor([0.4833, 0.9431, 0.9787, 0.9111, 0.9485, 0.8873, 0.7533, 0.9089, 0.9000,
        0.9438, 0.9576, 0.8333, 0.8957, 0.9750, 0.9926, 0.9857, 0.9533, 0.9667,
        0.8103, 0.5167, 0.8889, 0.5333, 0.9167, 0.9800, 0.8667, 0.9458, 0.8167,
        0.4833, 0.9533, 0.9889, 0.4667, 0.9630, 0.9667, 0.9952, 0.9583, 0.9513,
        0.8917, 0.9833, 0.9841, 0.9667, 0.6889, 0.6833, 0.9333])
tensor([0.6000, 0.9375, 0.9760, 0.9133, 0.9455, 0.8873, 0.7533, 0.9133, 0.9022,
        0.9479, 0.9561, 0.8381, 0.9043, 0.9736, 0.9963, 0.9810, 0.9533, 0.9833,
        0.7974, 0.5167, 0.9000, 0.5444, 0.9333, 0.9733, 0.8667, 0.9479, 0.8222,
        0.5000, 0.9533, 0.9111, 0.5267, 0.9704, 0.9667, 0.9952, 0.9583, 0.9359,
        0.9167, 0.9833, 0.9855, 0.9667, 0.6111, 0.6833, 0.9222])
tensor([0.6167, 0.9319, 0.9787, 0.9200, 0.9500, 0.8841, 0.7533, 0.8822, 0.9133,
        0.9500, 0.9591, 0.8310, 0.9145, 0.9750, 0.9926, 0.9905, 0.9333, 0.9778,
        0.8026, 0.6000, 0.8778, 0.5556, 0.9167, 0.9733, 0.8333, 0.9458, 0.8056,
        0.5000, 0.9333, 0.9889, 0.5333, 0.9630, 0.9667, 0.9952, 0.9583, 0.9487,
        0.9000, 0.9667, 0.9812, 0.9667, 0.7000, 0.6667, 0.9222])
tensor([0.5500, 0.9403, 0.9760, 0.9222, 0.9470, 0.8841, 0.7800, 0.9111, 0.9067,
        0.9521, 0.9636, 0.8476, 0.9159, 0.9819, 0.9926, 0.9857, 0.9267, 0.9778,
        0.8000, 0.5667, 0.9222, 0.5889, 0.9167, 0.9733, 0.8667, 0.9479, 0.8222,
        0.4833, 0.9467, 0.9889, 0.5267, 0.9593, 0.9667, 0.9952, 0.9583, 0.9359,
        0.9000, 0.9833, 0.9826, 0.9667, 0.6333, 0.6667, 0.9222])
tensor([0.6333, 0.9542, 0.9667, 0.9244, 0.9333, 0.8683, 0.7733, 0.9022, 0.8778,
        0.9583, 0.9712, 0.8500, 0.9362, 0.9875, 0.9926, 0.9857, 0.9267, 0.9889,
        0.7513, 0.7333, 0.8778, 0.5889, 0.9167, 0.9000, 0.8444, 0.9458, 0.8056,
        0.5000, 0.9267, 0.9889, 0.5800, 0.9519, 0.9667, 0.9905, 0.9750, 0.8923,
        0.8917, 0.9167, 0.9696, 0.7444, 0.7333, 0.7000, 0.9222])
tensor([0.5833, 0.9472, 0.9680, 0.9178, 0.9394, 0.8508, 0.7667, 0.8733, 0.8800,
        0.9521, 0.9697, 0.8500, 0.9580, 0.9875, 0.9926, 0.9857, 0.9400, 0.9917,
        0.7179, 0.7500, 0.8667, 0.5889, 0.9250, 0.8667, 0.8444, 0.9479, 0.8167,
        0.4333, 0.8933, 0.9889, 0.6200, 0.9370, 0.9667, 0.9905, 0.9750, 0.8949,
        0.9167, 0.9500, 0.9667, 0.7000, 0.6556, 0.6667, 0.9222])
tensor([0.7000, 0.9514, 0.9253, 0.9133, 0.9121, 0.8508, 0.7533, 0.7844, 0.8600,
        0.9604, 0.9697, 0.8310, 0.9435, 0.9931, 1.0000, 0.9857, 0.8933, 0.9944,
        0.6641, 0.7000, 0.8222, 0.6333, 0.9167, 0.8533, 0.7778, 0.9542, 0.8056,
        0.4000, 0.8400, 1.0000, 0.6333, 0.8889, 0.9667, 0.9857, 0.9750, 0.7795,
        0.9250, 0.8500, 0.9435, 0.6667, 0.7111, 0.6167, 0.9000])
tensor([0.6667, 0.9597, 0.9120, 0.9133, 0.8848, 0.8222, 0.7400, 0.7222, 0.8422,
        0.9479, 0.9727, 0.8452, 0.9449, 0.9944, 0.9963, 0.9810, 0.8400, 0.9944,
        0.6846, 0.6167, 0.7444, 0.6333, 0.9167, 0.8467, 0.7333, 0.9563, 0.8056,
        0.4167, 0.7600, 1.0000, 0.5600, 0.8741, 0.9667, 0.9905, 0.9750, 0.7564,
        0.9167, 0.7833, 0.9333, 0.6667, 0.7333, 0.6333, 0.8444])
tensor([0.7167, 0.9528, 0.9587, 0.8933, 0.9242, 0.7794, 0.7467, 0.8844, 0.9000,
        0.9458, 0.9712, 0.8214, 0.9667, 0.9917, 0.9889, 0.9857, 0.9267, 0.9889,
        0.7590, 0.7667, 0.6667, 0.6111, 0.9333, 0.8867, 0.7889, 0.9479, 0.8111,
        0.4167, 0.9000, 1.0000, 0.5467, 0.9444, 0.9500, 0.9952, 0.9750, 0.8897,
        0.9250, 0.8500, 0.9536, 0.6667, 0.7889, 0.6833, 0.9222])
tensor([0.7167, 0.9514, 0.9333, 0.8978, 0.9106, 0.7698, 0.7733, 0.7956, 0.8956,
        0.9458, 0.9682, 0.8238, 0.9551, 0.9931, 0.9889, 0.9810, 0.9133, 0.9972,
        0.7436, 0.7333, 0.7111, 0.6000, 0.9333, 0.8533, 0.7000, 0.9479, 0.8056,
        0.3833, 0.8333, 1.0000, 0.6000, 0.9000, 0.9500, 0.9905, 0.9750, 0.8282,
        0.8417, 0.8667, 0.9551, 0.6667, 0.7556, 0.6667, 0.9000])
tensor([0.7500, 0.9389, 0.9547, 0.8711, 0.9303, 0.7556, 0.7533, 0.8267, 0.9044,
        0.9438, 0.9697, 0.8238, 0.9623, 0.9917, 0.9852, 0.9857, 0.8933, 0.9917,
        0.7410, 0.8500, 0.6111, 0.6111, 0.9417, 0.8400, 0.7111, 0.9417, 0.8278,
        0.4167, 0.9267, 0.9444, 0.5800, 0.9074, 0.9500, 0.9905, 0.9750, 0.8821,
        0.8917, 0.9167, 0.9464, 0.6667, 0.7889, 0.6833, 0.9222])
tensor([0.7500, 0.9333, 0.9627, 0.8978, 0.9303, 0.7810, 0.7867, 0.8711, 0.9022,
        0.9417, 0.9621, 0.8643, 0.9594, 0.9917, 0.9926, 0.9810, 0.9600, 0.9889,
        0.7385, 0.9167, 0.6444, 0.6444, 0.9250, 0.8533, 0.7444, 0.9438, 0.8222,
        0.4500, 0.9267, 0.9778, 0.5667, 0.8963, 0.9333, 1.0000, 0.9750, 0.8564,
        0.9000, 0.9333, 0.9420, 0.6667, 0.7667, 0.7000, 0.9222])
tensor([0.6500, 0.9542, 0.9787, 0.9178, 0.9258, 0.8619, 0.7867, 0.9644, 0.9133,
        0.9500, 0.9742, 0.8857, 0.9565, 0.9889, 0.9815, 0.9857, 0.9467, 0.9861,
        0.7769, 0.9000, 0.8333, 0.6333, 0.9250, 0.9600, 0.8000, 0.9375, 0.8278,
        0.5000, 0.9600, 0.9889, 0.6600, 0.9556, 0.9667, 0.9952, 0.9750, 0.9103,
        0.9083, 0.9500, 0.9493, 0.8778, 0.8222, 0.7333, 0.9333])
tensor([0.7167, 0.9486, 0.9747, 0.9022, 0.9242, 0.9286, 0.7400, 0.9689, 0.9022,
        0.9583, 0.9697, 0.9024, 0.9435, 0.9806, 0.9889, 0.9905, 0.9533, 0.9833,
        0.8000, 0.5833, 0.9111, 0.6222, 0.9083, 0.9667, 0.8222, 0.9438, 0.8111,
        0.4667, 0.9533, 1.0000, 0.6333, 0.9444, 0.9833, 0.9952, 0.9750, 0.9667,
        0.9250, 0.9167, 0.9435, 0.9778, 0.8667, 0.7500, 0.9222])
