tensor([0., 0., 0., 0., 0., 0., 0., 0., 0., 0., 0., 0., 0., 0., 0., 0., 0., 1.,
        0., 0., 0., 0., 0., 0., 0., 0., 0., 0., 0., 0., 0., 0., 0., 0., 0., 0.,
        0., 0., 0., 0., 0., 0., 0.])
tensor([0., 0., 0., 0., 0., 0., 0., 0., 0., 0., 0., 0., 1., 0., 0., 0., 0., 0.,
        0., 0., 0., 0., 0., 0., 0., 0., 0., 0., 0., 0., 0., 0., 0., 0., 0., 0.,
        0., 0., 0., 0., 0., 0., 0.])
tensor([0., 0., 1., 0., 0., 0., 0., 0., 0., 0., 0., 0., 0., 0., 0., 0., 0., 0.,
        0., 0., 0., 0., 0., 0., 0., 0., 0., 0., 0., 0., 0., 0., 0., 0., 0., 0.,
        0., 0., 0., 0., 0., 0., 0.])
tensor([0.0000, 0.0000, 0.0000, 0.0000, 0.0000, 0.0000, 0.0000, 0.0000, 0.0000,
        0.0000, 0.9106, 0.0000, 0.0000, 0.0000, 0.0000, 0.0000, 0.0000, 0.0000,
        0.0000, 0.0000, 0.0000, 0.0000, 0.0000, 0.0000, 0.0000, 0.0000, 0.0000,
        0.0000, 0.0000, 0.0000, 0.0000, 0.0000, 0.0000, 0.0000, 0.0000, 0.0000,
        0.0000, 0.0000, 0.0580, 0.0000, 0.0000, 0.0000, 0.0000])
tensor([0., 0., 0., 0., 0., 0., 0., 0., 0., 0., 1., 0., 0., 0., 0., 0., 0., 0.,
        0., 0., 0., 0., 0., 0., 0., 0., 0., 0., 0., 0., 0., 0., 0., 0., 0., 0.,
        0., 0., 0., 0., 0., 0., 0.])
tensor([0., 0., 1., 0., 0., 0., 0., 0., 0., 0., 0., 0., 0., 0., 0., 0., 0., 0.,
        0., 0., 0., 0., 0., 0., 0., 0., 0., 0., 0., 0., 0., 0., 0., 0., 0., 0.,
        0., 0., 0., 0., 0., 0., 0.])
tensor([0., 0., 0., 0., 0., 0., 0., 0., 0., 0., 1., 0., 0., 0., 0., 0., 0., 0.,
        0., 0., 0., 0., 0., 0., 0., 0., 0., 0., 0., 0., 0., 0., 0., 0., 0., 0.,
        0., 0., 0., 0., 0., 0., 0.])
tensor([0., 0., 0., 0., 0., 0., 0., 0., 0., 0., 1., 0., 0., 0., 0., 0., 0., 0.,
        0., 0., 0., 0., 0., 0., 0., 0., 0., 0., 0., 0., 0., 0., 0., 0., 0., 0.,
        0., 0., 0., 0., 0., 0., 0.])
tensor([0., 0., 0., 0., 0., 0., 0., 0., 0., 0., 1., 0., 0., 0., 0., 0., 0., 0.,
        0., 0., 0., 0., 0., 0., 0., 0., 0., 0., 0., 0., 0., 0., 0., 0., 0., 0.,
        0., 0., 0., 0., 0., 0., 0.])
tensor([0., 0., 0., 0., 0., 0., 0., 0., 0., 0., 1., 0., 0., 0., 0., 0., 0., 0.,
        0., 0., 0., 0., 0., 0., 0., 0., 0., 0., 0., 0., 0., 0., 0., 0., 0., 0.,
        0., 0., 0., 0., 0., 0., 0.])
tensor([0., 0., 0., 0., 0., 0., 0., 0., 0., 0., 1., 0., 0., 0., 0., 0., 0., 0.,
        0., 0., 0., 0., 0., 0., 0., 0., 0., 0., 0., 0., 0., 0., 0., 0., 0., 0.,
        0., 0., 0., 0., 0., 0., 0.])
tensor([0., 0., 0., 0., 0., 0., 0., 0., 0., 0., 1., 0., 0., 0., 0., 0., 0., 0.,
        0., 0., 0., 0., 0., 0., 0., 0., 0., 0., 0., 0., 0., 0., 0., 0., 0., 0.,
        0., 0., 0., 0., 0., 0., 0.])
tensor([0., 0., 0., 0., 0., 0., 0., 0., 0., 0., 1., 0., 0., 0., 0., 0., 0., 0.,
        0., 0., 0., 0., 0., 0., 0., 0., 0., 0., 0., 0., 0., 0., 0., 0., 0., 0.,
        0., 0., 0., 0., 0., 0., 0.])
tensor([0., 0., 0., 0., 0., 0., 0., 0., 0., 0., 1., 0., 0., 0., 0., 0., 0., 0.,
        0., 0., 0., 0., 0., 0., 0., 0., 0., 0., 0., 0., 0., 0., 0., 0., 0., 0.,
        0., 0., 0., 0., 0., 0., 0.])
tensor([0.0000, 0.0000, 0.0000, 0.0000, 0.0030, 0.0000, 0.0000, 0.0000, 0.0000,
        0.0000, 0.9985, 0.0000, 0.0000, 0.0000, 0.0000, 0.0000, 0.0000, 0.0000,
        0.0000, 0.0000, 0.0000, 0.0000, 0.0000, 0.0000, 0.0000, 0.0000, 0.0000,
        0.0000, 0.0000, 0.0000, 0.0000, 0.0000, 0.0000, 0.0000, 0.0000, 0.0000,
        0.0000, 0.0000, 0.0000, 0.0000, 0.0000, 0.0000, 0.0000])
tensor([0.0000, 0.0000, 0.0960, 0.0000, 0.0682, 0.0000, 0.0000, 0.0000, 0.0000,
        0.0000, 0.9727, 0.0000, 0.0000, 0.0000, 0.0000, 0.0000, 0.0000, 0.0000,
        0.0000, 0.0000, 0.0000, 0.0000, 0.0000, 0.0000, 0.0000, 0.0000, 0.0000,
        0.0000, 0.0000, 0.0000, 0.0000, 0.0000, 0.0000, 0.0000, 0.0000, 0.0000,
        0.0000, 0.0000, 0.0000, 0.0000, 0.0000, 0.0000, 0.0000])
tensor([0.0000, 0.0000, 0.3853, 0.0000, 0.0424, 0.0000, 0.0000, 0.0000, 0.0000,
        0.0000, 0.8803, 0.0000, 0.0000, 0.0000, 0.0000, 0.0000, 0.0000, 0.0000,
        0.0000, 0.0000, 0.0000, 0.0000, 0.0000, 0.0000, 0.0000, 0.0000, 0.0000,
        0.0000, 0.0000, 0.0000, 0.0000, 0.0852, 0.0000, 0.0000, 0.0000, 0.0000,
        0.0000, 0.0000, 0.0000, 0.0000, 0.0000, 0.0000, 0.0000])
tensor([0.0000, 0.0000, 0.4587, 0.0000, 0.0803, 0.0000, 0.0000, 0.0000, 0.0000,
        0.0000, 0.8288, 0.0000, 0.0000, 0.0278, 0.0000, 0.0000, 0.0000, 0.0000,
        0.0000, 0.0000, 0.0000, 0.0000, 0.0000, 0.0000, 0.0000, 0.0000, 0.0000,
        0.0000, 0.0000, 0.0000, 0.0000, 0.3481, 0.0000, 0.0000, 0.0000, 0.0000,
        0.0000, 0.0000, 0.0000, 0.0000, 0.0000, 0.0000, 0.0000])
tensor([0.0000, 0.0000, 0.2280, 0.0000, 0.0894, 0.0032, 0.0000, 0.0000, 0.0000,
        0.0000, 0.8030, 0.0000, 0.0000, 0.7611, 0.0000, 0.0000, 0.0000, 0.0000,
        0.0000, 0.0000, 0.0000, 0.0000, 0.0000, 0.0000, 0.0000, 0.0021, 0.0000,
        0.0000, 0.0000, 0.0000, 0.0000, 0.4370, 0.0000, 0.0000, 0.0000, 0.0000,
        0.0000, 0.0000, 0.0000, 0.0000, 0.0000, 0.0000, 0.0000])
tensor([0.0000, 0.0000, 0.1093, 0.0000, 0.0667, 0.0095, 0.0000, 0.0000, 0.0000,
        0.0000, 0.7773, 0.0095, 0.0014, 0.7861, 0.0000, 0.0000, 0.0000, 0.0000,
        0.0000, 0.0000, 0.0000, 0.0000, 0.0000, 0.0000, 0.0000, 0.0312, 0.0000,
        0.0000, 0.0000, 0.0000, 0.0000, 0.4704, 0.0000, 0.0000, 0.0000, 0.0000,
        0.0000, 0.0000, 0.0000, 0.0000, 0.0000, 0.0000, 0.0000])
tensor([0.0000, 0.0000, 0.1093, 0.0000, 0.0682, 0.0206, 0.0000, 0.0000, 0.0000,
        0.0000, 0.7848, 0.0524, 0.0043, 0.8528, 0.0000, 0.0000, 0.0000, 0.0000,
        0.0000, 0.0000, 0.0000, 0.0000, 0.0000, 0.0000, 0.0000, 0.0938, 0.0000,
        0.0000, 0.0000, 0.0000, 0.0000, 0.4704, 0.0000, 0.0000, 0.0000, 0.0000,
        0.0000, 0.0000, 0.0000, 0.0000, 0.0000, 0.0000, 0.0000])
tensor([0.0000, 0.0000, 0.2213, 0.0000, 0.0500, 0.0460, 0.0000, 0.0000, 0.0000,
        0.0000, 0.8227, 0.1214, 0.2000, 0.8819, 0.0000, 0.0000, 0.0000, 0.0000,
        0.1256, 0.0000, 0.0000, 0.0000, 0.0000, 0.0000, 0.0000, 0.1562, 0.0000,
        0.0000, 0.0000, 0.0000, 0.0000, 0.3185, 0.0000, 0.0000, 0.0000, 0.0000,
        0.0000, 0.0000, 0.0000, 0.0000, 0.0000, 0.0000, 0.0000])
tensor([0.0000, 0.0000, 0.4000, 0.0000, 0.0379, 0.0698, 0.0000, 0.0000, 0.0000,
        0.0000, 0.8136, 0.1119, 0.5261, 0.9042, 0.0000, 0.0000, 0.0000, 0.0000,
        0.5282, 0.0000, 0.0000, 0.0000, 0.0000, 0.0000, 0.0000, 0.2354, 0.0000,
        0.0000, 0.0000, 0.0000, 0.0000, 0.0000, 0.0000, 0.0000, 0.0000, 0.0000,
        0.0000, 0.0000, 0.0000, 0.0000, 0.0000, 0.0000, 0.0000])
tensor([0.0000, 0.0000, 0.4800, 0.0000, 0.0500, 0.0810, 0.0000, 0.0000, 0.0000,
        0.0000, 0.6606, 0.1214, 0.7435, 0.9069, 0.0000, 0.0000, 0.0000, 0.3083,
        0.4410, 0.0000, 0.0000, 0.0000, 0.0000, 0.0000, 0.0000, 0.3083, 0.0000,
        0.0000, 0.0000, 0.0000, 0.0000, 0.0000, 0.0000, 0.0000, 0.0000, 0.0000,
        0.0000, 0.0000, 0.0000, 0.0000, 0.0000, 0.0000, 0.0000])
tensor([0.0000, 0.0153, 0.5213, 0.0000, 0.0515, 0.1111, 0.0000, 0.0000, 0.0000,
        0.0000, 0.8348, 0.2381, 0.7406, 0.9139, 0.2593, 0.0000, 0.0000, 0.6111,
        0.3667, 0.0000, 0.0000, 0.0000, 0.0000, 0.0000, 0.0000, 0.5021, 0.0000,
        0.0000, 0.0000, 0.0000, 0.0000, 0.0000, 0.0000, 0.0000, 0.0000, 0.0000,
        0.0000, 0.0000, 0.0000, 0.0000, 0.0000, 0.0000, 0.0000])
tensor([0.0000, 0.0681, 0.5267, 0.0067, 0.0697, 0.1492, 0.0000, 0.0000, 0.0000,
        0.0000, 0.8606, 0.4000, 0.7159, 0.9167, 0.4000, 0.1095, 0.0000, 0.6333,
        0.3000, 0.0000, 0.0000, 0.0000, 0.0000, 0.0000, 0.0000, 0.6250, 0.0000,
        0.0000, 0.0000, 0.0000, 0.0000, 0.0000, 0.0000, 0.0000, 0.0000, 0.0000,
        0.0000, 0.0000, 0.0014, 0.0000, 0.0000, 0.0000, 0.0000])
tensor([0.0000, 0.0889, 0.4920, 0.0067, 0.0833, 0.1857, 0.0000, 0.0000, 0.0000,
        0.0000, 0.8470, 0.4548, 0.7522, 0.9250, 0.4741, 0.2238, 0.0000, 0.7000,
        0.3359, 0.0000, 0.0000, 0.0000, 0.0000, 0.0000, 0.0000, 0.6583, 0.0000,
        0.0000, 0.0467, 0.0000, 0.0000, 0.0000, 0.0000, 0.0000, 0.0000, 0.0000,
        0.0000, 0.0000, 0.0029, 0.0000, 0.0000, 0.0000, 0.0000])
tensor([0.0000, 0.0653, 0.5000, 0.0067, 0.0924, 0.2286, 0.0000, 0.0000, 0.0000,
        0.0104, 0.8439, 0.4190, 0.7435, 0.9347, 0.5111, 0.2190, 0.0000, 0.7500,
        0.3667, 0.0000, 0.0000, 0.0000, 0.0000, 0.0000, 0.0000, 0.6583, 0.0000,
        0.0000, 0.1333, 0.0000, 0.0000, 0.0000, 0.0000, 0.0000, 0.0000, 0.0000,
        0.0000, 0.0000, 0.0087, 0.0000, 0.0000, 0.0000, 0.0000])
tensor([0.0000, 0.1042, 0.4693, 0.0156, 0.1000, 0.2365, 0.0000, 0.0000, 0.0000,
        0.1042, 0.8364, 0.4429, 0.7609, 0.9417, 0.5074, 0.2619, 0.0000, 0.7833,
        0.4513, 0.0000, 0.0000, 0.0000, 0.0917, 0.0000, 0.0000, 0.5854, 0.0000,
        0.0000, 0.1133, 0.0000, 0.0000, 0.0667, 0.0000, 0.0000, 0.0000, 0.0000,
        0.0000, 0.0000, 0.0261, 0.0000, 0.0000, 0.0000, 0.0000])
tensor([0.0000, 0.2667, 0.3507, 0.0578, 0.1303, 0.2270, 0.0000, 0.0000, 0.0022,
        0.2188, 0.8515, 0.4381, 0.7638, 0.9486, 0.5296, 0.3476, 0.0000, 0.7972,
        0.4846, 0.0000, 0.0000, 0.0000, 0.0750, 0.0000, 0.0000, 0.5854, 0.0000,
        0.0000, 0.1133, 0.0000, 0.0000, 0.1556, 0.0000, 0.0000, 0.0000, 0.0000,
        0.0000, 0.0000, 0.0812, 0.0000, 0.0000, 0.0000, 0.0000])
tensor([0.0000, 0.5806, 0.1253, 0.2689, 0.1258, 0.1571, 0.0000, 0.0000, 0.0111,
        0.3208, 0.8470, 0.4643, 0.7870, 0.9500, 0.5333, 0.4143, 0.0133, 0.8000,
        0.5333, 0.0000, 0.0000, 0.0000, 0.1000, 0.0067, 0.0000, 0.5625, 0.0056,
        0.0000, 0.1000, 0.0000, 0.0000, 0.1815, 0.0000, 0.0000, 0.0000, 0.0000,
        0.0000, 0.0000, 0.2072, 0.0000, 0.0000, 0.0000, 0.0000])
tensor([0.0000, 0.6181, 0.1093, 0.4067, 0.1000, 0.0984, 0.0000, 0.0000, 0.0400,
        0.3417, 0.8288, 0.5452, 0.7884, 0.9569, 0.4778, 0.5143, 0.0200, 0.8306,
        0.5154, 0.0000, 0.0000, 0.0000, 0.1667, 0.0133, 0.0000, 0.6083, 0.0278,
        0.0000, 0.1000, 0.0000, 0.0000, 0.1926, 0.0000, 0.0000, 0.0000, 0.0000,
        0.0000, 0.0000, 0.2551, 0.0000, 0.0000, 0.0000, 0.0000])
tensor([0.0000, 0.5069, 0.1960, 0.4311, 0.0970, 0.0857, 0.0000, 0.0000, 0.0356,
        0.3604, 0.8227, 0.5619, 0.7913, 0.9583, 0.5259, 0.6143, 0.0933, 0.8139,
        0.5308, 0.0000, 0.0000, 0.0000, 0.1583, 0.0267, 0.0000, 0.6104, 0.0167,
        0.0000, 0.1133, 0.0000, 0.0000, 0.2593, 0.0000, 0.0000, 0.0000, 0.0000,
        0.0000, 0.0000, 0.2986, 0.0000, 0.0000, 0.0000, 0.0000])
tensor([0.0000, 0.5417, 0.1760, 0.4022, 0.0985, 0.0746, 0.0000, 0.0356, 0.0689,
        0.3979, 0.8091, 0.5833, 0.7986, 0.9569, 0.5185, 0.7190, 0.1467, 0.8139,
        0.5667, 0.0000, 0.0000, 0.0000, 0.2417, 0.0400, 0.0000, 0.5958, 0.0167,
        0.0000, 0.1133, 0.0000, 0.0000, 0.3222, 0.0000, 0.0000, 0.0000, 0.0000,
        0.0000, 0.0000, 0.3348, 0.0000, 0.0000, 0.0000, 0.0000])
tensor([0.0000, 0.5111, 0.2027, 0.4089, 0.1076, 0.0683, 0.0067, 0.0489, 0.1889,
        0.4625, 0.7985, 0.5905, 0.8014, 0.9569, 0.5037, 0.8000, 0.3000, 0.8194,
        0.5718, 0.0000, 0.0000, 0.0000, 0.2917, 0.0800, 0.0000, 0.6229, 0.0944,
        0.0000, 0.1200, 0.0000, 0.0000, 0.2926, 0.0000, 0.0000, 0.0000, 0.0000,
        0.0000, 0.0000, 0.3638, 0.0000, 0.0111, 0.0000, 0.0000])
tensor([0.0000, 0.4792, 0.2307, 0.4711, 0.0955, 0.0762, 0.0667, 0.0867, 0.1400,
        0.5292, 0.8091, 0.6024, 0.8000, 0.9528, 0.5407, 0.8286, 0.5533, 0.8167,
        0.5641, 0.0000, 0.0000, 0.0000, 0.2750, 0.1200, 0.0000, 0.5938, 0.1333,
        0.0000, 0.2267, 0.0000, 0.0000, 0.2889, 0.0000, 0.0048, 0.0000, 0.0205,
        0.0000, 0.0000, 0.4116, 0.0000, 0.0444, 0.0000, 0.0000])
tensor([0.0000, 0.4472, 0.3307, 0.5822, 0.1182, 0.0730, 0.1533, 0.0933, 0.0578,
        0.5667, 0.8212, 0.6095, 0.7971, 0.9556, 0.5741, 0.8619, 0.6200, 0.8278,
        0.5641, 0.0000, 0.0000, 0.0000, 0.2917, 0.1267, 0.0000, 0.5979, 0.1167,
        0.0000, 0.3067, 0.0000, 0.0000, 0.1222, 0.0500, 0.0143, 0.0000, 0.1026,
        0.0000, 0.0000, 0.4870, 0.0222, 0.0889, 0.0000, 0.0111])
tensor([0.0000, 0.4833, 0.3333, 0.6467, 0.1727, 0.0571, 0.1867, 0.1378, 0.0711,
        0.5750, 0.8379, 0.6238, 0.8000, 0.9542, 0.5037, 0.8571, 0.6667, 0.8472,
        0.6128, 0.0000, 0.0000, 0.0000, 0.3333, 0.1267, 0.0000, 0.5437, 0.1111,
        0.0000, 0.3067, 0.0000, 0.0000, 0.1333, 0.1833, 0.1714, 0.0000, 0.3077,
        0.0000, 0.0000, 0.6565, 0.3333, 0.4444, 0.2333, 0.1889])
tensor([0.0000, 0.5528, 0.2867, 0.7467, 0.2258, 0.0413, 0.2333, 0.1467, 0.1111,
        0.6000, 0.8561, 0.6214, 0.7942, 0.9486, 0.6407, 0.9190, 0.7267, 0.8389,
        0.6205, 0.0000, 0.0000, 0.0000, 0.4667, 0.1333, 0.0000, 0.5437, 0.1056,
        0.0000, 0.3067, 0.0000, 0.0000, 0.0556, 0.2667, 0.5143, 0.0000, 0.4103,
        0.0000, 0.0000, 0.7957, 0.6667, 0.5889, 0.4833, 0.3444])
tensor([0.0000, 0.5167, 0.3827, 0.7467, 0.3682, 0.0730, 0.3067, 0.1489, 0.1600,
        0.6354, 0.8606, 0.6262, 0.7725, 0.9458, 0.6074, 0.9143, 0.7267, 0.8528,
        0.6410, 0.0000, 0.0000, 0.0000, 0.4917, 0.1533, 0.0000, 0.5750, 0.1222,
        0.0000, 0.3800, 0.0000, 0.0000, 0.0667, 0.2833, 0.7238, 0.0083, 0.5564,
        0.0000, 0.0667, 0.8609, 0.6667, 0.6000, 0.6000, 0.3667])
tensor([0.0000, 0.5028, 0.4240, 0.7378, 0.3439, 0.1254, 0.3600, 0.1978, 0.2289,
        0.6646, 0.8697, 0.6000, 0.7638, 0.9458, 0.6741, 0.9286, 0.7400, 0.8611,
        0.6744, 0.0000, 0.0000, 0.0000, 0.5083, 0.1600, 0.0000, 0.5813, 0.1389,
        0.0000, 0.4400, 0.0111, 0.0000, 0.0407, 0.2167, 0.7857, 0.1583, 0.6923,
        0.0000, 0.2333, 0.9000, 0.6667, 0.5889, 0.6000, 0.3444])
tensor([0.0000, 0.4569, 0.4867, 0.7911, 0.3606, 0.1603, 0.3600, 0.2311, 0.2689,
        0.6917, 0.8803, 0.6214, 0.7522, 0.9444, 0.6778, 0.9190, 0.7333, 0.8722,
        0.6615, 0.0000, 0.0000, 0.0000, 0.5333, 0.1800, 0.0000, 0.6521, 0.1556,
        0.0000, 0.4667, 0.0111, 0.0067, 0.0667, 0.2333, 0.8571, 0.3250, 0.7897,
        0.1083, 0.4667, 0.9116, 0.6667, 0.6000, 0.6167, 0.2889])
tensor([0.0000, 0.4806, 0.4973, 0.7533, 0.5121, 0.1460, 0.3600, 0.2578, 0.4556,
        0.7083, 0.8712, 0.6167, 0.7725, 0.9444, 0.7407, 0.9381, 0.7600, 0.8806,
        0.7128, 0.0000, 0.0000, 0.0000, 0.5500, 0.1867, 0.0000, 0.6875, 0.0778,
        0.0000, 0.5067, 0.0111, 0.0133, 0.0667, 0.2333, 0.9190, 0.3917, 0.8128,
        0.1750, 0.7000, 0.9130, 0.6667, 0.6000, 0.5833, 0.2889])
tensor([0.0000, 0.5153, 0.5720, 0.7667, 0.4833, 0.1254, 0.3267, 0.3333, 0.5089,
        0.7625, 0.8742, 0.6333, 0.7899, 0.9444, 0.7481, 0.9476, 0.7600, 0.9167,
        0.7077, 0.0000, 0.0000, 0.0333, 0.5833, 0.1867, 0.0000, 0.6854, 0.0778,
        0.0000, 0.5333, 0.0333, 0.0133, 0.0407, 0.3000, 0.9667, 0.5250, 0.8641,
        0.2250, 0.7333, 0.8884, 0.6667, 0.6000, 0.5500, 0.3111])
tensor([0.0000, 0.5097, 0.5613, 0.7778, 0.5394, 0.1921, 0.3400, 0.3244, 0.5422,
        0.7792, 0.8848, 0.6429, 0.7928, 0.9472, 0.7556, 0.9429, 0.7667, 0.9389,
        0.6641, 0.0000, 0.0000, 0.0444, 0.6250, 0.1867, 0.0000, 0.7083, 0.1278,
        0.0000, 0.6000, 0.0333, 0.0333, 0.1704, 0.4333, 0.9810, 0.5333, 0.8744,
        0.2583, 0.7500, 0.9043, 0.6667, 0.6000, 0.5167, 0.3222])
tensor([0.0000, 0.5069, 0.6213, 0.7889, 0.5379, 0.2190, 0.3267, 0.3600, 0.5533,
        0.7875, 0.8833, 0.6643, 0.8014, 0.9528, 0.7815, 0.9476, 0.7733, 0.9500,
        0.6718, 0.0000, 0.0000, 0.0444, 0.6083, 0.2200, 0.0000, 0.7208, 0.1500,
        0.0000, 0.6133, 0.0444, 0.0400, 0.2074, 0.4833, 0.9762, 0.5667, 0.8795,
        0.3167, 0.7667, 0.9130, 0.6667, 0.5889, 0.5000, 0.3111])
tensor([0.0000, 0.5819, 0.6107, 0.8333, 0.5091, 0.2127, 0.3200, 0.4044, 0.5711,
        0.7875, 0.8864, 0.6738, 0.8087, 0.9542, 0.7815, 0.9381, 0.7933, 0.9528,
        0.6410, 0.0000, 0.0000, 0.0778, 0.6417, 0.2333, 0.0000, 0.7437, 0.3000,
        0.0000, 0.6533, 0.0667, 0.0467, 0.3667, 0.5000, 0.9762, 0.6583, 0.9103,
        0.4000, 0.7833, 0.9159, 0.6667, 0.5889, 0.5167, 0.2889])
tensor([0.0000, 0.5181, 0.6453, 0.8089, 0.6091, 0.2270, 0.3533, 0.4311, 0.6089,
        0.7875, 0.8909, 0.6857, 0.8072, 0.9542, 0.7963, 0.9333, 0.8267, 0.9500,
        0.6821, 0.0000, 0.0000, 0.1444, 0.6750, 0.2267, 0.0111, 0.7542, 0.2278,
        0.0000, 0.6600, 0.0667, 0.0600, 0.4963, 0.5167, 0.9762, 0.6417, 0.9282,
        0.5167, 0.7833, 0.9377, 0.6667, 0.5889, 0.5000, 0.4111])
tensor([0.0000, 0.6472, 0.5853, 0.8156, 0.5818, 0.2381, 0.3533, 0.4400, 0.6511,
        0.7937, 0.8939, 0.6881, 0.8159, 0.9556, 0.8407, 0.9238, 0.8267, 0.9583,
        0.7103, 0.0000, 0.0000, 0.2111, 0.6917, 0.2600, 0.0111, 0.7688, 0.2222,
        0.0000, 0.6733, 0.0778, 0.0733, 0.5000, 0.5167, 0.9762, 0.7083, 0.9385,
        0.5750, 0.8000, 0.9232, 0.6778, 0.5889, 0.5333, 0.5222])
tensor([0.0000, 0.5722, 0.6360, 0.8133, 0.6258, 0.2635, 0.4000, 0.5178, 0.6733,
        0.8062, 0.8970, 0.7167, 0.8029, 0.9569, 0.8852, 0.9524, 0.8333, 0.9556,
        0.6718, 0.0000, 0.0222, 0.2222, 0.7000, 0.3067, 0.0333, 0.7750, 0.2444,
        0.0167, 0.7333, 0.1222, 0.1000, 0.5593, 0.5167, 0.9762, 0.7500, 0.9436,
        0.6500, 0.8000, 0.9217, 0.6778, 0.5889, 0.5167, 0.5556])
tensor([0.0000, 0.6167, 0.6480, 0.8222, 0.6455, 0.2746, 0.3733, 0.5000, 0.7133,
        0.8021, 0.8970, 0.7286, 0.8159, 0.9556, 0.8778, 0.9476, 0.8400, 0.9583,
        0.6821, 0.0000, 0.0111, 0.2444, 0.7250, 0.2533, 0.0333, 0.7937, 0.1889,
        0.0500, 0.7600, 0.1444, 0.0867, 0.5519, 0.5167, 0.9762, 0.7667, 0.9538,
        0.7083, 0.8000, 0.9304, 0.6556, 0.5889, 0.5500, 0.6000])
tensor([0.0167, 0.5778, 0.6840, 0.8444, 0.6682, 0.3095, 0.4200, 0.5267, 0.7111,
        0.8083, 0.9045, 0.7452, 0.8087, 0.9597, 0.8889, 0.9524, 0.8400, 0.9611,
        0.6744, 0.0000, 0.0444, 0.1889, 0.7750, 0.2933, 0.0778, 0.7854, 0.2222,
        0.1333, 0.7533, 0.2556, 0.0933, 0.6074, 0.5167, 0.9714, 0.7917, 0.9564,
        0.7083, 0.8000, 0.9377, 0.6778, 0.6000, 0.5500, 0.5556])
tensor([0.0167, 0.6125, 0.6880, 0.8578, 0.6500, 0.2825, 0.4600, 0.5333, 0.7289,
        0.8125, 0.9030, 0.7381, 0.8174, 0.9611, 0.9148, 0.9429, 0.8533, 0.9639,
        0.7051, 0.0000, 0.0778, 0.3667, 0.8000, 0.3333, 0.0889, 0.7937, 0.1889,
        0.1000, 0.7267, 0.2667, 0.1267, 0.6481, 0.5000, 0.9714, 0.8000, 0.9692,
        0.7083, 0.8000, 0.9406, 0.6778, 0.5889, 0.5500, 0.5889])
tensor([0.0167, 0.6056, 0.6960, 0.8578, 0.6818, 0.3127, 0.4667, 0.5822, 0.7356,
        0.8292, 0.9136, 0.7429, 0.8159, 0.9625, 0.9222, 0.9571, 0.8467, 0.9639,
        0.7077, 0.0000, 0.1111, 0.3222, 0.7667, 0.3800, 0.0667, 0.8083, 0.1833,
        0.1500, 0.7333, 0.2556, 0.1000, 0.6111, 0.4667, 0.9429, 0.7667, 0.9769,
        0.7083, 0.8000, 0.9507, 0.6778, 0.6889, 0.5333, 0.5778])
tensor([0.0333, 0.6764, 0.6840, 0.8667, 0.6515, 0.3159, 0.5200, 0.5733, 0.7644,
        0.8417, 0.9091, 0.7667, 0.8203, 0.9625, 0.9296, 0.9524, 0.8467, 0.9639,
        0.7103, 0.0000, 0.1222, 0.4667, 0.8250, 0.3800, 0.1222, 0.7979, 0.1944,
        0.2000, 0.7533, 0.3222, 0.1067, 0.6481, 0.5000, 0.9429, 0.7917, 0.9744,
        0.7583, 0.8167, 0.9377, 0.7444, 0.7000, 0.5667, 0.7111])
tensor([0.0167, 0.6181, 0.6973, 0.8556, 0.7515, 0.3476, 0.4800, 0.5622, 0.7511,
        0.8333, 0.9152, 0.7786, 0.8246, 0.9639, 0.9481, 0.9571, 0.8867, 0.9639,
        0.7051, 0.0000, 0.1222, 0.3667, 0.8083, 0.3733, 0.1111, 0.8083, 0.2000,
        0.1833, 0.7733, 0.3667, 0.1067, 0.6444, 0.4833, 0.9524, 0.8250, 0.9744,
        0.7667, 0.8167, 0.9420, 0.6778, 0.6778, 0.5500, 0.6667])
tensor([0.0500, 0.6431, 0.7120, 0.8733, 0.7136, 0.3603, 0.4800, 0.5800, 0.7756,
        0.8438, 0.9242, 0.7619, 0.8333, 0.9653, 0.9667, 0.9524, 0.8867, 0.9639,
        0.7000, 0.0000, 0.1778, 0.3222, 0.8167, 0.4000, 0.1222, 0.8083, 0.2167,
        0.1667, 0.7400, 0.4000, 0.1333, 0.6630, 0.4500, 0.9286, 0.8500, 0.9744,
        0.7500, 0.7833, 0.9377, 0.6778, 0.6556, 0.5333, 0.6556])
tensor([0.0167, 0.6264, 0.7307, 0.8578, 0.7424, 0.3730, 0.5267, 0.5711, 0.7867,
        0.8771, 0.9227, 0.7690, 0.8377, 0.9625, 0.9407, 0.9476, 0.8733, 0.9667,
        0.6615, 0.0000, 0.2222, 0.1778, 0.8000, 0.4333, 0.1556, 0.8146, 0.3056,
        0.2000, 0.7000, 0.3556, 0.1200, 0.7074, 0.5000, 0.9238, 0.7917, 0.9769,
        0.7333, 0.8000, 0.9478, 0.6778, 0.7333, 0.5500, 0.7222])
tensor([0.0500, 0.6722, 0.7280, 0.8756, 0.7273, 0.4079, 0.5333, 0.5556, 0.7911,
        0.8813, 0.9273, 0.7857, 0.8435, 0.9653, 0.9630, 0.9381, 0.8800, 0.9639,
        0.6923, 0.0000, 0.2222, 0.5556, 0.8000, 0.4667, 0.0778, 0.8271, 0.2389,
        0.1833, 0.7000, 0.3111, 0.1133, 0.6704, 0.5333, 0.9000, 0.8167, 0.9769,
        0.7917, 0.8167, 0.9406, 0.6778, 0.7333, 0.5333, 0.7000])
tensor([0.0667, 0.6569, 0.7293, 0.8622, 0.7500, 0.4333, 0.4933, 0.6089, 0.7867,
        0.8833, 0.9303, 0.7762, 0.8478, 0.9653, 0.9630, 0.9429, 0.8667, 0.9639,
        0.7154, 0.0000, 0.2444, 0.4111, 0.8000, 0.5000, 0.0778, 0.8313, 0.2444,
        0.1667, 0.7067, 0.3333, 0.1333, 0.6852, 0.7000, 0.9000, 0.8250, 0.9769,
        0.7333, 0.7833, 0.9449, 0.6667, 0.6667, 0.5667, 0.7000])
tensor([0.0667, 0.6236, 0.7467, 0.8756, 0.7636, 0.4651, 0.5200, 0.6222, 0.8156,
        0.8938, 0.9318, 0.7786, 0.8507, 0.9653, 0.9556, 0.9429, 0.9000, 0.9639,
        0.7000, 0.0000, 0.2222, 0.5000, 0.8333, 0.5267, 0.2000, 0.8313, 0.2333,
        0.1667, 0.7200, 0.3778, 0.1133, 0.6926, 0.5167, 0.9095, 0.8333, 0.9769,
        0.7917, 0.8000, 0.9406, 0.6778, 0.6778, 0.5500, 0.7222])
tensor([0.0500, 0.6722, 0.7507, 0.8933, 0.7652, 0.4524, 0.5133, 0.6222, 0.8311,
        0.8958, 0.9333, 0.7762, 0.8435, 0.9667, 0.9741, 0.9381, 0.8867, 0.9639,
        0.7051, 0.0000, 0.2667, 0.5444, 0.8417, 0.4933, 0.1667, 0.8438, 0.2111,
        0.1833, 0.7200, 0.3778, 0.1400, 0.6852, 0.6833, 0.9143, 0.8500, 0.9769,
        0.7750, 0.7833, 0.9377, 0.6778, 0.7333, 0.5667, 0.7222])
tensor([0.0500, 0.6861, 0.7547, 0.8956, 0.7470, 0.4825, 0.5267, 0.6200, 0.8444,
        0.8958, 0.9318, 0.7952, 0.8522, 0.9681, 0.9593, 0.9381, 0.8667, 0.9694,
        0.6590, 0.0000, 0.3111, 0.5667, 0.8750, 0.5000, 0.1333, 0.8542, 0.3278,
        0.1667, 0.6800, 0.3667, 0.1333, 0.6741, 0.7167, 0.9000, 0.8333, 0.9769,
        0.7833, 0.7833, 0.9377, 0.6778, 0.6667, 0.5500, 0.7000])
tensor([0.0500, 0.6278, 0.7840, 0.8933, 0.8015, 0.4651, 0.5667, 0.6156, 0.8533,
        0.9062, 0.9333, 0.7929, 0.8594, 0.9653, 0.9481, 0.9381, 0.9267, 0.9806,
        0.6769, 0.0000, 0.3000, 0.5889, 0.8833, 0.5467, 0.1667, 0.8458, 0.3444,
        0.2000, 0.6867, 0.3778, 0.1867, 0.7111, 0.6833, 0.9143, 0.8500, 0.9795,
        0.7917, 0.8167, 0.9406, 0.6778, 0.7111, 0.5833, 0.7667])
tensor([0.0667, 0.6625, 0.8013, 0.8778, 0.7591, 0.5286, 0.5333, 0.6400, 0.8422,
        0.9083, 0.9424, 0.7905, 0.8565, 0.9681, 0.9519, 0.9381, 0.9200, 0.9778,
        0.6410, 0.0167, 0.3778, 0.5667, 0.8833, 0.6133, 0.1556, 0.8562, 0.3722,
        0.1000, 0.6867, 0.3778, 0.2133, 0.6667, 0.8000, 0.9143, 0.8250, 0.9769,
        0.8417, 0.8167, 0.9391, 0.6667, 0.6778, 0.5833, 0.7000])
tensor([0.0833, 0.6889, 0.7667, 0.8933, 0.7833, 0.5413, 0.5667, 0.6489, 0.8378,
        0.9021, 0.9424, 0.7810, 0.8623, 0.9667, 0.9593, 0.9429, 0.9200, 0.9806,
        0.6385, 0.0167, 0.3333, 0.5222, 0.8917, 0.6533, 0.1444, 0.8625, 0.3833,
        0.1000, 0.6933, 0.3889, 0.2200, 0.6593, 0.8000, 0.9143, 0.8500, 0.9795,
        0.8333, 0.8167, 0.9464, 0.6778, 0.7444, 0.5833, 0.7556])
tensor([0.0833, 0.7194, 0.7707, 0.8978, 0.7621, 0.5429, 0.5800, 0.6600, 0.8333,
        0.9125, 0.9424, 0.7881, 0.8594, 0.9667, 0.9519, 0.9429, 0.9200, 0.9806,
        0.6436, 0.0333, 0.4111, 0.5222, 0.8833, 0.6533, 0.1444, 0.8708, 0.4167,
        0.1000, 0.6800, 0.4333, 0.2400, 0.6815, 0.8833, 0.9143, 0.8500, 0.9795,
        0.8500, 0.8500, 0.9377, 0.6778, 0.7444, 0.5833, 0.7556])
tensor([0.0667, 0.6819, 0.7987, 0.9044, 0.7939, 0.5111, 0.5933, 0.6711, 0.8333,
        0.9125, 0.9485, 0.7738, 0.8623, 0.9639, 0.9519, 0.9381, 0.9200, 0.9806,
        0.6436, 0.0167, 0.4444, 0.5333, 0.8833, 0.6267, 0.1333, 0.8729, 0.4333,
        0.1333, 0.6667, 0.4222, 0.2533, 0.7111, 0.8833, 0.9190, 0.8500, 0.9795,
        0.8000, 0.8500, 0.9478, 0.6667, 0.7222, 0.5833, 0.7556])
tensor([0.0833, 0.7236, 0.7840, 0.9111, 0.7894, 0.5460, 0.6000, 0.6844, 0.8356,
        0.9083, 0.9500, 0.8119, 0.8652, 0.9667, 0.9704, 0.9429, 0.9267, 0.9778,
        0.6615, 0.0333, 0.5000, 0.5667, 0.9000, 0.6200, 0.1333, 0.8792, 0.4167,
        0.1333, 0.6467, 0.4444, 0.2467, 0.7074, 0.8833, 0.9429, 0.8417, 0.9744,
        0.7917, 0.8333, 0.9580, 0.6778, 0.7556, 0.5833, 0.7556])
tensor([0.1000, 0.6958, 0.7880, 0.9111, 0.7864, 0.5794, 0.6067, 0.6822, 0.8578,
        0.9104, 0.9515, 0.8048, 0.8638, 0.9694, 0.9593, 0.9429, 0.9400, 0.9833,
        0.6641, 0.0333, 0.4111, 0.5333, 0.9000, 0.6067, 0.1333, 0.8750, 0.4056,
        0.2000, 0.6733, 0.4667, 0.2533, 0.7074, 0.8833, 0.9381, 0.8500, 0.9744,
        0.8333, 0.8667, 0.9478, 0.6778, 0.7667, 0.5833, 0.7556])
tensor([0.0667, 0.7083, 0.8027, 0.9200, 0.8061, 0.5603, 0.5933, 0.7222, 0.8311,
        0.9146, 0.9515, 0.8214, 0.8667, 0.9667, 0.9704, 0.9429, 0.9267, 0.9778,
        0.6974, 0.0333, 0.4444, 0.5222, 0.9000, 0.6600, 0.1667, 0.8875, 0.3667,
        0.1333, 0.6733, 0.4111, 0.2400, 0.7185, 0.8833, 0.9476, 0.8333, 0.9744,
        0.8333, 0.8667, 0.9580, 0.6778, 0.7667, 0.5833, 0.7667])
tensor([0.0833, 0.7458, 0.7920, 0.9222, 0.7970, 0.6016, 0.6067, 0.7267, 0.8311,
        0.9146, 0.9636, 0.7976, 0.8638, 0.9667, 0.9667, 0.9381, 0.9067, 0.9806,
        0.6769, 0.0333, 0.5000, 0.6111, 0.9167, 0.6933, 0.1778, 0.8833, 0.3944,
        0.2000, 0.6600, 0.4222, 0.2667, 0.7148, 0.9000, 0.9524, 0.8417, 0.9744,
        0.8250, 0.8667, 0.9507, 0.6889, 0.7333, 0.5667, 0.7667])
tensor([0.1000, 0.7181, 0.8093, 0.9244, 0.8015, 0.6270, 0.6067, 0.7022, 0.8489,
        0.9146, 0.9530, 0.8119, 0.8667, 0.9667, 0.9704, 0.9429, 0.9000, 0.9806,
        0.6872, 0.0333, 0.4889, 0.6222, 0.9000, 0.6800, 0.1556, 0.8854, 0.4056,
        0.2000, 0.6733, 0.5000, 0.2867, 0.7185, 0.8833, 0.9476, 0.8500, 0.9718,
        0.8750, 0.8833, 0.9478, 0.6778, 0.7667, 0.5833, 0.7889])
tensor([0.1167, 0.7375, 0.8067, 0.9222, 0.7970, 0.6381, 0.6133, 0.7200, 0.8444,
        0.9104, 0.9591, 0.8024, 0.8652, 0.9681, 0.9704, 0.9571, 0.9333, 0.9778,
        0.6897, 0.0167, 0.4889, 0.5333, 0.9000, 0.6800, 0.1444, 0.8917, 0.4111,
        0.1500, 0.6933, 0.4778, 0.2800, 0.7148, 0.9000, 0.9619, 0.8750, 0.9718,
        0.8583, 0.8667, 0.9507, 0.6667, 0.7778, 0.5833, 0.7556])
