tensor([1., 0., 0., 0., 0., 0., 0., 0., 0., 0., 0., 0., 0., 0., 0., 0., 0., 0.,
        0., 0., 0., 0., 0., 0., 0., 0., 0., 0., 0., 0., 0., 0., 0., 0., 0., 0.,
        0., 0., 0., 0., 0., 0., 0.])
tensor([1., 0., 0., 0., 0., 0., 0., 0., 0., 0., 0., 0., 0., 0., 0., 0., 0., 0.,
        0., 0., 0., 0., 0., 0., 0., 0., 0., 0., 0., 0., 0., 0., 0., 0., 0., 0.,
        0., 0., 0., 0., 0., 0., 0.])
tensor([1., 0., 0., 0., 0., 0., 0., 0., 0., 0., 0., 0., 0., 0., 0., 0., 0., 0.,
        0., 0., 0., 0., 0., 0., 0., 0., 0., 0., 0., 0., 0., 0., 0., 0., 0., 0.,
        0., 0., 0., 0., 0., 0., 0.])
tensor([1., 0., 0., 0., 0., 0., 0., 0., 0., 0., 0., 0., 0., 0., 0., 0., 0., 0.,
        0., 0., 0., 0., 0., 0., 0., 0., 0., 0., 0., 0., 0., 0., 0., 0., 0., 0.,
        0., 0., 0., 0., 0., 0., 0.])
tensor([1., 0., 0., 0., 0., 0., 0., 0., 0., 0., 0., 0., 0., 0., 0., 0., 0., 0.,
        0., 0., 0., 0., 0., 0., 0., 0., 0., 0., 0., 0., 0., 0., 0., 0., 0., 0.,
        0., 0., 0., 0., 0., 0., 0.])
tensor([1., 0., 0., 0., 0., 0., 0., 0., 0., 0., 0., 0., 0., 0., 0., 0., 0., 0.,
        0., 0., 0., 0., 0., 0., 0., 0., 0., 0., 0., 0., 0., 0., 0., 0., 0., 0.,
        0., 0., 0., 0., 0., 0., 0.])
tensor([1., 0., 0., 0., 0., 0., 0., 0., 0., 0., 0., 0., 0., 0., 0., 0., 0., 0.,
        0., 0., 0., 0., 0., 0., 0., 0., 0., 0., 0., 0., 0., 0., 0., 0., 0., 0.,
        0., 0., 0., 0., 0., 0., 0.])
tensor([1., 0., 0., 0., 0., 0., 0., 0., 0., 0., 0., 0., 0., 0., 0., 0., 0., 0.,
        0., 0., 0., 0., 0., 0., 0., 0., 0., 0., 0., 0., 0., 0., 0., 0., 0., 0.,
        0., 0., 0., 0., 0., 0., 0.])
tensor([1., 0., 0., 0., 0., 0., 0., 0., 0., 0., 0., 0., 0., 0., 0., 0., 0., 0.,
        0., 0., 0., 0., 0., 0., 0., 0., 0., 0., 0., 0., 0., 0., 0., 0., 0., 0.,
        0., 0., 0., 0., 0., 0., 0.])
tensor([1., 0., 0., 0., 0., 0., 0., 0., 0., 0., 0., 0., 0., 0., 0., 0., 0., 0.,
        0., 0., 0., 0., 0., 0., 0., 0., 0., 0., 0., 0., 0., 0., 0., 0., 0., 0.,
        0., 0., 0., 0., 0., 0., 0.])
tensor([1., 0., 0., 0., 0., 0., 0., 0., 0., 0., 0., 0., 0., 0., 0., 0., 0., 0.,
        0., 0., 0., 0., 0., 0., 0., 0., 0., 0., 0., 0., 0., 0., 0., 0., 0., 0.,
        0., 0., 0., 0., 0., 0., 0.])
tensor([1., 0., 0., 0., 0., 0., 0., 0., 0., 0., 0., 0., 0., 0., 0., 0., 0., 0.,
        0., 0., 0., 0., 0., 0., 0., 0., 0., 0., 0., 0., 0., 0., 0., 0., 0., 0.,
        0., 0., 0., 0., 0., 0., 0.])
tensor([1., 0., 0., 0., 0., 0., 0., 0., 0., 0., 0., 0., 0., 0., 0., 0., 0., 0.,
        0., 0., 0., 0., 0., 0., 0., 0., 0., 0., 0., 0., 0., 0., 0., 0., 0., 0.,
        0., 0., 0., 0., 0., 0., 0.])
tensor([1., 0., 0., 0., 0., 0., 0., 0., 0., 0., 0., 0., 0., 0., 0., 0., 0., 0.,
        0., 0., 0., 0., 0., 0., 0., 0., 0., 0., 0., 0., 0., 0., 0., 0., 0., 0.,
        0., 0., 0., 0., 0., 0., 0.])
tensor([1., 0., 0., 0., 0., 0., 0., 0., 0., 0., 0., 0., 0., 0., 0., 0., 0., 0.,
        0., 0., 0., 0., 0., 0., 0., 0., 0., 0., 0., 0., 0., 0., 0., 0., 0., 0.,
        0., 0., 0., 0., 0., 0., 0.])
tensor([1., 0., 0., 0., 0., 0., 0., 0., 0., 0., 0., 0., 0., 0., 0., 0., 0., 0.,
        0., 0., 0., 0., 0., 0., 0., 0., 0., 0., 0., 0., 0., 0., 0., 0., 0., 0.,
        0., 0., 0., 0., 0., 0., 0.])
tensor([1., 0., 0., 0., 0., 0., 0., 0., 0., 0., 0., 0., 0., 0., 0., 0., 0., 0.,
        0., 0., 0., 0., 0., 0., 0., 0., 0., 0., 0., 0., 0., 0., 0., 0., 0., 0.,
        0., 0., 0., 0., 0., 0., 0.])
tensor([1., 0., 0., 0., 0., 0., 0., 0., 0., 0., 0., 0., 0., 0., 0., 0., 0., 0.,
        0., 0., 0., 0., 0., 0., 0., 0., 0., 0., 0., 0., 0., 0., 0., 0., 0., 0.,
        0., 0., 0., 0., 0., 0., 0.])
tensor([1., 0., 0., 0., 0., 0., 0., 0., 0., 0., 0., 0., 0., 0., 0., 0., 0., 0.,
        0., 0., 0., 0., 0., 0., 0., 0., 0., 0., 0., 0., 0., 0., 0., 0., 0., 0.,
        0., 0., 0., 0., 0., 0., 0.])
tensor([1., 0., 0., 0., 0., 0., 0., 0., 0., 0., 0., 0., 0., 0., 0., 0., 0., 0.,
        0., 0., 0., 0., 0., 0., 0., 0., 0., 0., 0., 0., 0., 0., 0., 0., 0., 0.,
        0., 0., 0., 0., 0., 0., 0.])
tensor([1., 0., 0., 0., 0., 0., 0., 0., 0., 0., 0., 0., 0., 0., 0., 0., 0., 0.,
        0., 0., 0., 0., 0., 0., 0., 0., 0., 0., 0., 0., 0., 0., 0., 0., 0., 0.,
        0., 0., 0., 0., 0., 0., 0.])
tensor([1., 0., 0., 0., 0., 0., 0., 0., 0., 0., 0., 0., 0., 0., 0., 0., 0., 0.,
        0., 0., 0., 0., 0., 0., 0., 0., 0., 0., 0., 0., 0., 0., 0., 0., 0., 0.,
        0., 0., 0., 0., 0., 0., 0.])
tensor([1., 0., 0., 0., 0., 0., 0., 0., 0., 0., 0., 0., 0., 0., 0., 0., 0., 0.,
        0., 0., 0., 0., 0., 0., 0., 0., 0., 0., 0., 0., 0., 0., 0., 0., 0., 0.,
        0., 0., 0., 0., 0., 0., 0.])
tensor([1., 0., 0., 0., 0., 0., 0., 0., 0., 0., 0., 0., 0., 0., 0., 0., 0., 0.,
        0., 0., 0., 0., 0., 0., 0., 0., 0., 0., 0., 0., 0., 0., 0., 0., 0., 0.,
        0., 0., 0., 0., 0., 0., 0.])
tensor([1., 0., 0., 0., 0., 0., 0., 0., 0., 0., 0., 0., 0., 0., 0., 0., 0., 0.,
        0., 0., 0., 0., 0., 0., 0., 0., 0., 0., 0., 0., 0., 0., 0., 0., 0., 0.,
        0., 0., 0., 0., 0., 0., 0.])
tensor([1., 0., 0., 0., 0., 0., 0., 0., 0., 0., 0., 0., 0., 0., 0., 0., 0., 0.,
        0., 0., 0., 0., 0., 0., 0., 0., 0., 0., 0., 0., 0., 0., 0., 0., 0., 0.,
        0., 0., 0., 0., 0., 0., 0.])
tensor([1., 0., 0., 0., 0., 0., 0., 0., 0., 0., 0., 0., 0., 0., 0., 0., 0., 0.,
        0., 0., 0., 0., 0., 0., 0., 0., 0., 0., 0., 0., 0., 0., 0., 0., 0., 0.,
        0., 0., 0., 0., 0., 0., 0.])
tensor([1., 0., 0., 0., 0., 0., 0., 0., 0., 0., 0., 0., 0., 0., 0., 0., 0., 0.,
        0., 0., 0., 0., 0., 0., 0., 0., 0., 0., 0., 0., 0., 0., 0., 0., 0., 0.,
        0., 0., 0., 0., 0., 0., 0.])
tensor([1., 0., 0., 0., 0., 0., 0., 0., 0., 0., 0., 0., 0., 0., 0., 0., 0., 0.,
        0., 0., 0., 0., 0., 0., 0., 0., 0., 0., 0., 0., 0., 0., 0., 0., 0., 0.,
        0., 0., 0., 0., 0., 0., 0.])
tensor([1., 0., 0., 0., 0., 0., 0., 0., 0., 0., 0., 0., 0., 0., 0., 0., 0., 0.,
        0., 0., 0., 0., 0., 0., 0., 0., 0., 0., 0., 0., 0., 0., 0., 0., 0., 0.,
        0., 0., 0., 0., 0., 0., 0.])
tensor([1., 0., 0., 0., 0., 0., 0., 0., 0., 0., 0., 0., 0., 0., 0., 0., 0., 0.,
        0., 0., 0., 0., 0., 0., 0., 0., 0., 0., 0., 0., 0., 0., 0., 0., 0., 0.,
        0., 0., 0., 0., 0., 0., 0.])
tensor([1., 0., 0., 0., 0., 0., 0., 0., 0., 0., 0., 0., 0., 0., 0., 0., 0., 0.,
        0., 0., 0., 0., 0., 0., 0., 0., 0., 0., 0., 0., 0., 0., 0., 0., 0., 0.,
        0., 0., 0., 0., 0., 0., 0.])
tensor([1., 0., 0., 0., 0., 0., 0., 0., 0., 0., 0., 0., 0., 0., 0., 0., 0., 0.,
        0., 0., 0., 0., 0., 0., 0., 0., 0., 0., 0., 0., 0., 0., 0., 0., 0., 0.,
        0., 0., 0., 0., 0., 0., 0.])
tensor([1., 0., 0., 0., 0., 0., 0., 0., 0., 0., 0., 0., 0., 0., 0., 0., 0., 0.,
        0., 0., 0., 0., 0., 0., 0., 0., 0., 0., 0., 0., 0., 0., 0., 0., 0., 0.,
        0., 0., 0., 0., 0., 0., 0.])
tensor([1., 0., 0., 0., 0., 0., 0., 0., 0., 0., 0., 0., 0., 0., 0., 0., 0., 0.,
        0., 0., 0., 0., 0., 0., 0., 0., 0., 0., 0., 0., 0., 0., 0., 0., 0., 0.,
        0., 0., 0., 0., 0., 0., 0.])
tensor([1., 0., 0., 0., 0., 0., 0., 0., 0., 0., 0., 0., 0., 0., 0., 0., 0., 0.,
        0., 0., 0., 0., 0., 0., 0., 0., 0., 0., 0., 0., 0., 0., 0., 0., 0., 0.,
        0., 0., 0., 0., 0., 0., 0.])
tensor([1., 0., 0., 0., 0., 0., 0., 0., 0., 0., 0., 0., 0., 0., 0., 0., 0., 0.,
        0., 0., 0., 0., 0., 0., 0., 0., 0., 0., 0., 0., 0., 0., 0., 0., 0., 0.,
        0., 0., 0., 0., 0., 0., 0.])
tensor([1., 0., 0., 0., 0., 0., 0., 0., 0., 0., 0., 0., 0., 0., 0., 0., 0., 0.,
        0., 0., 0., 0., 0., 0., 0., 0., 0., 0., 0., 0., 0., 0., 0., 0., 0., 0.,
        0., 0., 0., 0., 0., 0., 0.])
tensor([1., 0., 0., 0., 0., 0., 0., 0., 0., 0., 0., 0., 0., 0., 0., 0., 0., 0.,
        0., 0., 0., 0., 0., 0., 0., 0., 0., 0., 0., 0., 0., 0., 0., 0., 0., 0.,
        0., 0., 0., 0., 0., 0., 0.])
tensor([1., 0., 0., 0., 0., 0., 0., 0., 0., 0., 0., 0., 0., 0., 0., 0., 0., 0.,
        0., 0., 0., 0., 0., 0., 0., 0., 0., 0., 0., 0., 0., 0., 0., 0., 0., 0.,
        0., 0., 0., 0., 0., 0., 0.])
tensor([1., 0., 0., 0., 0., 0., 0., 0., 0., 0., 0., 0., 0., 0., 0., 0., 0., 0.,
        0., 0., 0., 0., 0., 0., 0., 0., 0., 0., 0., 0., 0., 0., 0., 0., 0., 0.,
        0., 0., 0., 0., 0., 0., 0.])
tensor([1., 0., 0., 0., 0., 0., 0., 0., 0., 0., 0., 0., 0., 0., 0., 0., 0., 0.,
        0., 0., 0., 0., 0., 0., 0., 0., 0., 0., 0., 0., 0., 0., 0., 0., 0., 0.,
        0., 0., 0., 0., 0., 0., 0.])
tensor([1., 0., 0., 0., 0., 0., 0., 0., 0., 0., 0., 0., 0., 0., 0., 0., 0., 0.,
        0., 0., 0., 0., 0., 0., 0., 0., 0., 0., 0., 0., 0., 0., 0., 0., 0., 0.,
        0., 0., 0., 0., 0., 0., 0.])
tensor([1., 0., 0., 0., 0., 0., 0., 0., 0., 0., 0., 0., 0., 0., 0., 0., 0., 0.,
        0., 0., 0., 0., 0., 0., 0., 0., 0., 0., 0., 0., 0., 0., 0., 0., 0., 0.,
        0., 0., 0., 0., 0., 0., 0.])
tensor([1., 0., 0., 0., 0., 0., 0., 0., 0., 0., 0., 0., 0., 0., 0., 0., 0., 0.,
        0., 0., 0., 0., 0., 0., 0., 0., 0., 0., 0., 0., 0., 0., 0., 0., 0., 0.,
        0., 0., 0., 0., 0., 0., 0.])
tensor([1., 0., 0., 0., 0., 0., 0., 0., 0., 0., 0., 0., 0., 0., 0., 0., 0., 0.,
        0., 0., 0., 0., 0., 0., 0., 0., 0., 0., 0., 0., 0., 0., 0., 0., 0., 0.,
        0., 0., 0., 0., 0., 0., 0.])
tensor([1., 0., 0., 0., 0., 0., 0., 0., 0., 0., 0., 0., 0., 0., 0., 0., 0., 0.,
        0., 0., 0., 0., 0., 0., 0., 0., 0., 0., 0., 0., 0., 0., 0., 0., 0., 0.,
        0., 0., 0., 0., 0., 0., 0.])
tensor([1., 0., 0., 0., 0., 0., 0., 0., 0., 0., 0., 0., 0., 0., 0., 0., 0., 0.,
        0., 0., 0., 0., 0., 0., 0., 0., 0., 0., 0., 0., 0., 0., 0., 0., 0., 0.,
        0., 0., 0., 0., 0., 0., 0.])
tensor([1., 0., 0., 0., 0., 0., 0., 0., 0., 0., 0., 0., 0., 0., 0., 0., 0., 0.,
        0., 0., 0., 0., 0., 0., 0., 0., 0., 0., 0., 0., 0., 0., 0., 0., 0., 0.,
        0., 0., 0., 0., 0., 0., 0.])
tensor([1., 0., 0., 0., 0., 0., 0., 0., 0., 0., 0., 0., 0., 0., 0., 0., 0., 0.,
        0., 0., 0., 0., 0., 0., 0., 0., 0., 0., 0., 0., 0., 0., 0., 0., 0., 0.,
        0., 0., 0., 0., 0., 0., 0.])
tensor([1., 0., 0., 0., 0., 0., 0., 0., 0., 0., 0., 0., 0., 0., 0., 0., 0., 0.,
        0., 0., 0., 0., 0., 0., 0., 0., 0., 0., 0., 0., 0., 0., 0., 0., 0., 0.,
        0., 0., 0., 0., 0., 0., 0.])
tensor([1., 0., 0., 0., 0., 0., 0., 0., 0., 0., 0., 0., 0., 0., 0., 0., 0., 0.,
        0., 0., 0., 0., 0., 0., 0., 0., 0., 0., 0., 0., 0., 0., 0., 0., 0., 0.,
        0., 0., 0., 0., 0., 0., 0.])
tensor([1., 0., 0., 0., 0., 0., 0., 0., 0., 0., 0., 0., 0., 0., 0., 0., 0., 0.,
        0., 0., 0., 0., 0., 0., 0., 0., 0., 0., 0., 0., 0., 0., 0., 0., 0., 0.,
        0., 0., 0., 0., 0., 0., 0.])
tensor([1., 0., 0., 0., 0., 0., 0., 0., 0., 0., 0., 0., 0., 0., 0., 0., 0., 0.,
        0., 0., 0., 0., 0., 0., 0., 0., 0., 0., 0., 0., 0., 0., 0., 0., 0., 0.,
        0., 0., 0., 0., 0., 0., 0.])
tensor([1., 0., 0., 0., 0., 0., 0., 0., 0., 0., 0., 0., 0., 0., 0., 0., 0., 0.,
        0., 0., 0., 0., 0., 0., 0., 0., 0., 0., 0., 0., 0., 0., 0., 0., 0., 0.,
        0., 0., 0., 0., 0., 0., 0.])
tensor([1., 0., 0., 0., 0., 0., 0., 0., 0., 0., 0., 0., 0., 0., 0., 0., 0., 0.,
        0., 0., 0., 0., 0., 0., 0., 0., 0., 0., 0., 0., 0., 0., 0., 0., 0., 0.,
        0., 0., 0., 0., 0., 0., 0.])
tensor([0.8167, 0.0639, 0.0000, 0.0000, 0.0000, 0.0000, 0.0000, 0.0000, 0.0000,
        0.0000, 0.0000, 0.0000, 0.0000, 0.0000, 0.0000, 0.0000, 0.0000, 0.0000,
        0.0000, 0.0000, 0.0000, 0.0000, 0.0000, 0.0000, 0.0000, 0.0000, 0.0000,
        0.0000, 0.0000, 0.0000, 0.0000, 0.0000, 0.0000, 0.0000, 0.0000, 0.0000,
        0.0000, 0.0000, 0.0000, 0.0000, 0.0000, 0.0000, 0.0000])
tensor([1.0000, 0.0042, 0.0000, 0.0000, 0.0000, 0.0000, 0.0000, 0.0000, 0.0000,
        0.0000, 0.0000, 0.0000, 0.0000, 0.0000, 0.0000, 0.0000, 0.0000, 0.0000,
        0.0000, 0.0000, 0.0000, 0.0000, 0.0000, 0.0000, 0.0000, 0.0000, 0.0000,
        0.0000, 0.0000, 0.0000, 0.0000, 0.0000, 0.0000, 0.0000, 0.0000, 0.0000,
        0.0000, 0.0000, 0.0884, 0.0000, 0.0000, 0.0000, 0.0000])
tensor([0.9667, 0.0458, 0.0000, 0.0000, 0.0000, 0.0000, 0.0000, 0.0000, 0.0000,
        0.0000, 0.0000, 0.0000, 0.0000, 0.0000, 0.0000, 0.0000, 0.0000, 0.0000,
        0.0000, 0.0000, 0.0000, 0.0000, 0.0000, 0.0000, 0.0000, 0.0000, 0.0000,
        0.0000, 0.0000, 0.0000, 0.0000, 0.0000, 0.0000, 0.0000, 0.0000, 0.0000,
        0.0000, 0.0000, 0.6739, 0.0000, 0.0000, 0.0000, 0.0000])
tensor([0.5833, 0.1806, 0.0000, 0.0000, 0.0000, 0.0000, 0.0000, 0.0000, 0.0000,
        0.0000, 0.0000, 0.0000, 0.0000, 0.0000, 0.0037, 0.0000, 0.0000, 0.0000,
        0.0000, 0.0000, 0.0000, 0.0000, 0.0000, 0.0000, 0.0000, 0.0000, 0.0000,
        0.0000, 0.0000, 0.0000, 0.0000, 0.0000, 0.0000, 0.0000, 0.0000, 0.0000,
        0.0000, 0.0000, 0.8101, 0.0000, 0.0000, 0.0000, 0.0000])
tensor([0.5333, 0.2306, 0.0000, 0.0000, 0.0000, 0.0000, 0.0000, 0.0000, 0.0000,
        0.0000, 0.0000, 0.0000, 0.0000, 0.0000, 0.5259, 0.0000, 0.0000, 0.0000,
        0.0000, 0.0000, 0.0000, 0.0000, 0.0000, 0.0000, 0.0000, 0.0000, 0.0000,
        0.0000, 0.0000, 0.0000, 0.0000, 0.0000, 0.0000, 0.0000, 0.0000, 0.0000,
        0.0000, 0.0000, 0.8536, 0.0000, 0.0000, 0.0000, 0.0000])
tensor([0.3000, 0.4319, 0.0093, 0.0000, 0.0000, 0.0000, 0.0000, 0.0000, 0.0000,
        0.0000, 0.0000, 0.0000, 0.0000, 0.0014, 0.6889, 0.0000, 0.0000, 0.0083,
        0.0000, 0.0000, 0.0000, 0.0000, 0.0000, 0.0000, 0.0000, 0.0000, 0.0000,
        0.0000, 0.0000, 0.0000, 0.0000, 0.0000, 0.0000, 0.0000, 0.0000, 0.0000,
        0.0000, 0.0000, 0.8580, 0.0000, 0.0000, 0.0000, 0.0000])
tensor([0.0333, 0.6333, 0.0253, 0.0000, 0.0121, 0.0000, 0.0000, 0.0000, 0.0000,
        0.0000, 0.0015, 0.0000, 0.0000, 0.0014, 0.8741, 0.0000, 0.0000, 0.0472,
        0.0000, 0.0000, 0.0000, 0.0000, 0.0000, 0.0000, 0.0000, 0.0333, 0.0000,
        0.0000, 0.0000, 0.0000, 0.0000, 0.0000, 0.0000, 0.0000, 0.0000, 0.0000,
        0.0000, 0.0000, 0.8870, 0.0000, 0.0000, 0.0000, 0.0000])
tensor([0.0000, 0.6708, 0.0320, 0.0000, 0.0091, 0.0000, 0.0000, 0.0000, 0.0022,
        0.0271, 0.0364, 0.0000, 0.0014, 0.0000, 0.8815, 0.0000, 0.0000, 0.0917,
        0.0000, 0.0000, 0.0000, 0.0000, 0.0000, 0.0000, 0.0000, 0.0979, 0.0000,
        0.0000, 0.0000, 0.0000, 0.0000, 0.0000, 0.0000, 0.0000, 0.0000, 0.0000,
        0.0000, 0.0000, 0.8899, 0.0000, 0.0000, 0.0000, 0.0000])
tensor([0.0000, 0.6708, 0.0853, 0.0000, 0.0500, 0.0000, 0.0000, 0.0000, 0.0356,
        0.0958, 0.1242, 0.0000, 0.0522, 0.0000, 0.8741, 0.0000, 0.0000, 0.1083,
        0.0000, 0.0000, 0.0000, 0.0000, 0.0000, 0.0000, 0.0000, 0.2521, 0.0000,
        0.0000, 0.0000, 0.0000, 0.0000, 0.0000, 0.0000, 0.0000, 0.0000, 0.0000,
        0.0000, 0.0000, 0.8783, 0.0000, 0.0000, 0.0000, 0.0000])
tensor([0.0000, 0.6028, 0.1747, 0.0000, 0.1848, 0.0000, 0.0000, 0.0000, 0.0000,
        0.3021, 0.3818, 0.0000, 0.0507, 0.0000, 0.8148, 0.0000, 0.0000, 0.1667,
        0.0000, 0.0000, 0.0000, 0.0000, 0.0000, 0.0000, 0.0000, 0.4521, 0.0000,
        0.0000, 0.0000, 0.0000, 0.0000, 0.0000, 0.0000, 0.0000, 0.0000, 0.0000,
        0.0000, 0.0000, 0.8768, 0.0000, 0.0000, 0.0000, 0.0000])
tensor([0.0000, 0.5736, 0.1933, 0.0000, 0.0106, 0.0000, 0.0000, 0.0000, 0.0000,
        0.3125, 0.4788, 0.0143, 0.0609, 0.0000, 0.6593, 0.0000, 0.0000, 0.3167,
        0.0000, 0.0000, 0.0000, 0.0000, 0.0000, 0.0000, 0.0000, 0.6604, 0.0000,
        0.0000, 0.0000, 0.0000, 0.0000, 0.0000, 0.0000, 0.0000, 0.0000, 0.0000,
        0.0000, 0.0000, 0.8826, 0.0000, 0.0000, 0.0000, 0.0000])
tensor([0.0333, 0.5514, 0.1600, 0.0000, 0.0409, 0.0000, 0.0000, 0.0000, 0.0000,
        0.3500, 0.4591, 0.0405, 0.1957, 0.0000, 0.7556, 0.0000, 0.0000, 0.2750,
        0.0000, 0.0000, 0.0000, 0.0000, 0.0000, 0.0000, 0.0000, 0.7021, 0.0000,
        0.0000, 0.0000, 0.0000, 0.0000, 0.0000, 0.0000, 0.0000, 0.0000, 0.0000,
        0.0000, 0.0000, 0.8797, 0.0000, 0.0000, 0.0000, 0.0000])
tensor([0.0167, 0.6000, 0.1147, 0.0000, 0.0439, 0.0000, 0.0000, 0.0000, 0.0000,
        0.4750, 0.5136, 0.0238, 0.1928, 0.0000, 0.3778, 0.0000, 0.0000, 0.4139,
        0.0000, 0.0000, 0.0000, 0.0000, 0.0000, 0.0000, 0.0000, 0.7979, 0.0000,
        0.0000, 0.0000, 0.0000, 0.0000, 0.0000, 0.0000, 0.0000, 0.0000, 0.0000,
        0.0000, 0.0000, 0.8710, 0.0000, 0.0000, 0.0000, 0.0000])
tensor([0.2333, 0.6028, 0.1933, 0.0000, 0.0394, 0.0000, 0.0000, 0.0000, 0.0000,
        0.4604, 0.5409, 0.0119, 0.3406, 0.0000, 0.5926, 0.0000, 0.0000, 0.3194,
        0.0000, 0.0000, 0.0000, 0.0000, 0.0000, 0.0000, 0.0000, 0.8062, 0.0000,
        0.0000, 0.0000, 0.0000, 0.0000, 0.0000, 0.0000, 0.0000, 0.0000, 0.0000,
        0.0000, 0.0000, 0.8580, 0.0000, 0.0000, 0.0000, 0.0000])
tensor([0.0500, 0.5472, 0.2027, 0.0000, 0.0273, 0.0000, 0.0000, 0.0000, 0.0000,
        0.4542, 0.4576, 0.0310, 0.4435, 0.0014, 0.0741, 0.0000, 0.0000, 0.6083,
        0.0000, 0.0000, 0.0000, 0.0000, 0.0000, 0.0000, 0.0000, 0.8104, 0.0000,
        0.0000, 0.0000, 0.0000, 0.0000, 0.0000, 0.0000, 0.0000, 0.0000, 0.0000,
        0.0000, 0.0000, 0.8725, 0.0000, 0.0000, 0.0000, 0.0000])
tensor([0.2000, 0.5153, 0.2987, 0.0000, 0.0318, 0.0016, 0.0000, 0.0000, 0.0000,
        0.4792, 0.6970, 0.1881, 0.4855, 0.0014, 0.1000, 0.0000, 0.0000, 0.6167,
        0.0154, 0.0000, 0.0000, 0.0000, 0.0000, 0.0000, 0.0000, 0.7042, 0.0000,
        0.0000, 0.0000, 0.0000, 0.0000, 0.0000, 0.0000, 0.0000, 0.0000, 0.0000,
        0.0000, 0.0000, 0.8797, 0.0000, 0.0000, 0.0000, 0.0000])
tensor([0.3000, 0.3875, 0.2947, 0.0000, 0.0000, 0.0000, 0.0000, 0.0000, 0.0000,
        0.1375, 0.7439, 0.3024, 0.4623, 0.0000, 0.0593, 0.0000, 0.0000, 0.5639,
        0.0051, 0.0000, 0.0000, 0.0000, 0.0000, 0.0000, 0.0000, 0.6396, 0.0000,
        0.0000, 0.0000, 0.0000, 0.0000, 0.0000, 0.0000, 0.0000, 0.0000, 0.0000,
        0.0000, 0.0000, 0.8783, 0.0000, 0.0000, 0.0000, 0.0000])
tensor([0.0000, 0.5389, 0.2707, 0.0000, 0.1606, 0.0000, 0.0000, 0.0000, 0.0000,
        0.6458, 0.4727, 0.0405, 0.5478, 0.0972, 0.0148, 0.0000, 0.0000, 0.6278,
        0.0026, 0.0000, 0.0000, 0.0000, 0.0000, 0.0000, 0.0000, 0.8104, 0.0000,
        0.0000, 0.0000, 0.0000, 0.0000, 0.0000, 0.0000, 0.0000, 0.0000, 0.0000,
        0.0000, 0.0000, 0.8464, 0.0000, 0.0000, 0.0000, 0.0000])
tensor([0.0500, 0.5625, 0.1787, 0.0000, 0.0000, 0.0111, 0.0000, 0.0000, 0.0000,
        0.3917, 0.8879, 0.3119, 0.6014, 0.0083, 0.1852, 0.0000, 0.0000, 0.5389,
        0.1410, 0.0000, 0.0000, 0.0000, 0.0000, 0.0000, 0.0000, 0.5729, 0.0000,
        0.0000, 0.0000, 0.0000, 0.0000, 0.0000, 0.0000, 0.0000, 0.0000, 0.0410,
        0.0000, 0.0000, 0.8565, 0.0000, 0.0000, 0.0000, 0.0000])
tensor([0.2167, 0.5625, 0.1840, 0.0000, 0.0030, 0.0587, 0.0000, 0.0000, 0.0000,
        0.3042, 0.8879, 0.5310, 0.5043, 0.0861, 0.0185, 0.0000, 0.0000, 0.7000,
        0.1769, 0.0000, 0.0000, 0.0000, 0.0000, 0.0000, 0.0000, 0.4792, 0.0000,
        0.0000, 0.0000, 0.0000, 0.0000, 0.0000, 0.0000, 0.0000, 0.0000, 0.0000,
        0.0000, 0.0000, 0.8971, 0.0000, 0.0000, 0.0000, 0.0000])
tensor([0.0500, 0.6097, 0.0760, 0.0000, 0.0015, 0.0619, 0.0000, 0.0000, 0.0000,
        0.4250, 0.9500, 0.2167, 0.3768, 0.1056, 0.3704, 0.0000, 0.0000, 0.5917,
        0.2718, 0.0000, 0.0000, 0.0000, 0.0000, 0.0000, 0.0000, 0.6500, 0.0000,
        0.0000, 0.0000, 0.0000, 0.0000, 0.0000, 0.0000, 0.0000, 0.0000, 0.0308,
        0.0000, 0.0000, 0.8696, 0.0000, 0.0000, 0.0000, 0.0000])
tensor([0.1500, 0.5778, 0.1827, 0.0000, 0.0045, 0.1571, 0.0000, 0.0000, 0.0000,
        0.3146, 0.9333, 0.3310, 0.4232, 0.1306, 0.1407, 0.0000, 0.0000, 0.6722,
        0.1795, 0.0000, 0.0000, 0.0000, 0.0000, 0.0000, 0.0000, 0.6375, 0.0000,
        0.0000, 0.0067, 0.0000, 0.0000, 0.0000, 0.0000, 0.0000, 0.0000, 0.0051,
        0.0000, 0.0000, 0.9029, 0.0000, 0.0000, 0.0000, 0.0000])
tensor([0.0500, 0.6028, 0.0880, 0.0000, 0.0152, 0.0619, 0.0000, 0.0000, 0.0000,
        0.4021, 0.9758, 0.4095, 0.5203, 0.3708, 0.4889, 0.0000, 0.0000, 0.5556,
        0.2487, 0.0000, 0.0000, 0.0000, 0.0000, 0.0000, 0.0000, 0.5667, 0.0000,
        0.0000, 0.0067, 0.0000, 0.0000, 0.0000, 0.0000, 0.0000, 0.0000, 0.0128,
        0.0000, 0.0000, 0.8826, 0.0000, 0.0000, 0.0000, 0.0000])
tensor([0.0167, 0.6292, 0.1027, 0.0000, 0.0561, 0.1175, 0.0000, 0.0000, 0.0000,
        0.3750, 0.9682, 0.4310, 0.6435, 0.3611, 0.4259, 0.0000, 0.0000, 0.6528,
        0.3513, 0.0000, 0.0000, 0.0000, 0.0000, 0.0000, 0.0000, 0.5271, 0.0000,
        0.0000, 0.0000, 0.0000, 0.0000, 0.0000, 0.0000, 0.0000, 0.0000, 0.0692,
        0.0000, 0.0000, 0.8261, 0.0000, 0.0000, 0.0000, 0.0000])
tensor([0.0000, 0.6236, 0.0227, 0.0000, 0.0500, 0.1190, 0.0000, 0.0000, 0.0000,
        0.3729, 0.9727, 0.2738, 0.6725, 0.4764, 0.4556, 0.0000, 0.0000, 0.5611,
        0.3026, 0.0000, 0.0000, 0.0000, 0.0000, 0.0000, 0.0000, 0.6458, 0.0000,
        0.0000, 0.0000, 0.0000, 0.0000, 0.0000, 0.0000, 0.0000, 0.0000, 0.0051,
        0.0000, 0.0000, 0.8275, 0.0000, 0.0000, 0.0000, 0.0000])
tensor([0.0333, 0.5458, 0.0480, 0.0000, 0.0864, 0.2016, 0.0000, 0.0000, 0.0000,
        0.4062, 0.9394, 0.4310, 0.5855, 0.7347, 0.3074, 0.0000, 0.0000, 0.6611,
        0.2462, 0.0000, 0.0000, 0.0000, 0.0083, 0.0267, 0.0000, 0.5271, 0.0000,
        0.0000, 0.0067, 0.0000, 0.0000, 0.0037, 0.0000, 0.0000, 0.0000, 0.1103,
        0.0000, 0.0000, 0.8217, 0.0000, 0.0000, 0.0000, 0.0000])
tensor([0.0000, 0.3694, 0.1120, 0.0000, 0.1727, 0.3492, 0.0000, 0.0000, 0.0000,
        0.4208, 0.9636, 0.3548, 0.6739, 0.9222, 0.4185, 0.0000, 0.0000, 0.6694,
        0.4026, 0.0000, 0.0000, 0.0000, 0.0000, 0.0333, 0.0000, 0.5354, 0.0000,
        0.0000, 0.0133, 0.0000, 0.0000, 0.0000, 0.0000, 0.0000, 0.0000, 0.0615,
        0.0000, 0.0000, 0.8406, 0.0000, 0.0000, 0.0000, 0.0000])
tensor([0.0000, 0.4139, 0.0587, 0.0000, 0.3091, 0.3444, 0.0000, 0.0000, 0.0000,
        0.4271, 0.9667, 0.4548, 0.6435, 0.9625, 0.3296, 0.0000, 0.0000, 0.7639,
        0.2974, 0.0000, 0.0000, 0.0000, 0.0000, 0.0667, 0.0000, 0.4917, 0.0000,
        0.0000, 0.0133, 0.0000, 0.0000, 0.1259, 0.0000, 0.0000, 0.0000, 0.1282,
        0.0000, 0.0000, 0.8261, 0.0000, 0.0000, 0.0000, 0.0000])
tensor([0.0167, 0.0653, 0.2360, 0.0000, 0.2909, 0.3000, 0.0000, 0.0044, 0.0000,
        0.4083, 0.9621, 0.4690, 0.6130, 0.9667, 0.4556, 0.0000, 0.0000, 0.7056,
        0.3333, 0.0000, 0.0000, 0.0000, 0.0000, 0.0467, 0.0000, 0.4812, 0.0000,
        0.0000, 0.0067, 0.0000, 0.0000, 0.3889, 0.0000, 0.0000, 0.0000, 0.1000,
        0.0000, 0.0000, 0.8217, 0.0000, 0.0000, 0.0000, 0.0000])
tensor([0.0667, 0.1056, 0.2347, 0.0000, 0.3076, 0.3730, 0.0000, 0.0422, 0.0000,
        0.4688, 0.9697, 0.5333, 0.6333, 0.9736, 0.4074, 0.0000, 0.0000, 0.7639,
        0.2051, 0.0000, 0.0000, 0.0000, 0.0000, 0.1533, 0.0000, 0.4542, 0.0000,
        0.0000, 0.0000, 0.0000, 0.0000, 0.5407, 0.0000, 0.0000, 0.0000, 0.1513,
        0.0000, 0.0000, 0.8188, 0.0000, 0.0000, 0.0000, 0.0000])
tensor([0.0333, 0.0292, 0.3013, 0.0000, 0.3864, 0.2857, 0.0000, 0.0444, 0.0000,
        0.4354, 0.9576, 0.4619, 0.6261, 0.9736, 0.4852, 0.0000, 0.0000, 0.7472,
        0.3513, 0.0000, 0.0000, 0.0000, 0.0000, 0.1000, 0.0000, 0.5125, 0.0000,
        0.0000, 0.0000, 0.0000, 0.0000, 0.5111, 0.0000, 0.0000, 0.0000, 0.1462,
        0.0000, 0.0000, 0.8232, 0.0000, 0.0000, 0.0000, 0.0000])
tensor([0.0167, 0.1000, 0.3160, 0.0000, 0.4833, 0.2889, 0.0000, 0.0533, 0.0000,
        0.5083, 0.9727, 0.5048, 0.6246, 0.9764, 0.4593, 0.0000, 0.0000, 0.7917,
        0.2667, 0.0000, 0.0000, 0.0000, 0.0000, 0.2133, 0.0000, 0.4812, 0.0000,
        0.0000, 0.0000, 0.0000, 0.0000, 0.7370, 0.0000, 0.0000, 0.0000, 0.1667,
        0.0000, 0.0000, 0.8319, 0.0000, 0.0000, 0.0000, 0.0000])
tensor([0.0167, 0.1306, 0.3453, 0.0000, 0.5106, 0.2270, 0.0000, 0.0867, 0.0000,
        0.5167, 0.9561, 0.4167, 0.6507, 0.9806, 0.4444, 0.0000, 0.0000, 0.7722,
        0.3051, 0.0000, 0.0000, 0.0000, 0.0000, 0.2533, 0.0000, 0.5729, 0.0000,
        0.0000, 0.0000, 0.0000, 0.0000, 0.5444, 0.0000, 0.0000, 0.0000, 0.1872,
        0.0000, 0.0000, 0.8304, 0.0000, 0.0000, 0.0000, 0.0000])
tensor([0.0333, 0.1028, 0.3333, 0.0022, 0.5924, 0.2143, 0.0000, 0.0800, 0.0000,
        0.5354, 0.9606, 0.5214, 0.6652, 0.9833, 0.5037, 0.0048, 0.0000, 0.7750,
        0.2974, 0.0000, 0.0000, 0.0000, 0.0000, 0.2800, 0.0000, 0.4521, 0.0000,
        0.0000, 0.0000, 0.0000, 0.0000, 0.8852, 0.0000, 0.0000, 0.0000, 0.2179,
        0.0000, 0.0000, 0.8290, 0.0000, 0.0000, 0.0000, 0.0000])
tensor([0.0333, 0.0931, 0.3560, 0.0000, 0.5909, 0.2048, 0.0000, 0.1222, 0.0000,
        0.5479, 0.9561, 0.4571, 0.6478, 0.9806, 0.4852, 0.0190, 0.0000, 0.7722,
        0.2795, 0.0000, 0.0000, 0.0000, 0.0000, 0.4133, 0.0000, 0.5458, 0.0000,
        0.0000, 0.0000, 0.0000, 0.0000, 0.7519, 0.0000, 0.0000, 0.0000, 0.2282,
        0.0000, 0.0000, 0.8290, 0.0000, 0.0000, 0.0000, 0.0000])
tensor([0.0833, 0.0611, 0.3360, 0.0000, 0.6485, 0.2016, 0.0000, 0.1511, 0.0000,
        0.5354, 0.9606, 0.5905, 0.6710, 0.9806, 0.4815, 0.0810, 0.0000, 0.7861,
        0.2462, 0.0000, 0.0000, 0.0000, 0.0000, 0.3333, 0.0000, 0.4083, 0.0000,
        0.0000, 0.0000, 0.0000, 0.0000, 0.8778, 0.0000, 0.0000, 0.0000, 0.2410,
        0.0000, 0.0000, 0.8420, 0.0000, 0.0000, 0.0000, 0.0000])
tensor([0.0667, 0.0653, 0.3880, 0.0000, 0.6030, 0.1619, 0.0000, 0.1867, 0.0000,
        0.6125, 0.9394, 0.5143, 0.6913, 0.9847, 0.5556, 0.2429, 0.0000, 0.7472,
        0.3000, 0.0000, 0.0000, 0.0000, 0.0000, 0.4600, 0.0000, 0.5083, 0.0000,
        0.0000, 0.0000, 0.0000, 0.0000, 0.8444, 0.0000, 0.0000, 0.0000, 0.2821,
        0.0000, 0.0000, 0.8464, 0.0000, 0.0000, 0.0000, 0.0000])
tensor([0.0167, 0.0639, 0.4653, 0.0000, 0.6121, 0.1635, 0.0000, 0.1889, 0.0311,
        0.6250, 0.9545, 0.4714, 0.6638, 0.9889, 0.4778, 0.2524, 0.0000, 0.7833,
        0.2846, 0.0000, 0.0000, 0.0000, 0.0083, 0.4533, 0.0000, 0.4833, 0.0000,
        0.0000, 0.0000, 0.0000, 0.0000, 0.9037, 0.0000, 0.0000, 0.0000, 0.3051,
        0.0000, 0.0000, 0.8507, 0.0000, 0.0000, 0.0000, 0.0000])
tensor([0.0000, 0.0431, 0.5053, 0.0000, 0.5394, 0.1651, 0.0000, 0.2200, 0.0511,
        0.5979, 0.9591, 0.2905, 0.6087, 0.9889, 0.4852, 0.3524, 0.0000, 0.7639,
        0.3103, 0.0000, 0.0000, 0.0000, 0.0083, 0.4667, 0.0000, 0.6250, 0.0000,
        0.0000, 0.0000, 0.0000, 0.0000, 0.9296, 0.0000, 0.0000, 0.0000, 0.3179,
        0.0000, 0.0000, 0.8304, 0.0000, 0.0000, 0.0000, 0.0000])
tensor([0.0333, 0.0167, 0.5160, 0.0000, 0.2970, 0.1365, 0.0000, 0.3556, 0.0467,
        0.6438, 0.9439, 0.2595, 0.6058, 0.9819, 0.3852, 0.4619, 0.0000, 0.7944,
        0.2872, 0.0000, 0.0000, 0.0000, 0.0000, 0.5000, 0.0000, 0.6583, 0.0000,
        0.0000, 0.0000, 0.0000, 0.0000, 0.9296, 0.0000, 0.0000, 0.0000, 0.3077,
        0.0000, 0.0000, 0.8188, 0.0000, 0.0000, 0.0000, 0.0000])
tensor([0.0167, 0.0139, 0.5653, 0.0067, 0.4182, 0.0778, 0.0000, 0.5422, 0.1622,
        0.6417, 0.9470, 0.2786, 0.5884, 0.9861, 0.3667, 0.4857, 0.0000, 0.7583,
        0.3000, 0.0000, 0.0000, 0.0000, 0.0083, 0.5333, 0.0000, 0.6625, 0.0000,
        0.0000, 0.0000, 0.0000, 0.0000, 0.8778, 0.0000, 0.0000, 0.0000, 0.3282,
        0.0000, 0.0000, 0.8478, 0.0000, 0.0000, 0.0000, 0.0000])
tensor([0.0500, 0.1181, 0.5200, 0.0000, 0.4742, 0.0889, 0.0000, 0.5533, 0.1333,
        0.6313, 0.9591, 0.2000, 0.5536, 0.9833, 0.4519, 0.5286, 0.0000, 0.7750,
        0.3077, 0.0000, 0.0000, 0.0000, 0.0000, 0.5400, 0.0000, 0.6979, 0.0000,
        0.0000, 0.0000, 0.0000, 0.0000, 0.7556, 0.0000, 0.0000, 0.0000, 0.3128,
        0.0000, 0.0000, 0.8739, 0.0000, 0.0000, 0.0000, 0.0000])
tensor([0.1000, 0.1625, 0.5320, 0.0000, 0.4939, 0.1540, 0.0000, 0.5644, 0.1956,
        0.6833, 0.9545, 0.4405, 0.6493, 0.9819, 0.5481, 0.5571, 0.0000, 0.7333,
        0.2795, 0.0000, 0.0000, 0.0000, 0.0083, 0.5467, 0.0000, 0.5437, 0.0000,
        0.0000, 0.0000, 0.0000, 0.0000, 0.8519, 0.0000, 0.0000, 0.0000, 0.3487,
        0.0000, 0.0000, 0.8783, 0.0000, 0.0000, 0.0000, 0.0000])
tensor([0.0333, 0.1903, 0.4040, 0.0000, 0.4212, 0.2873, 0.0000, 0.5956, 0.0978,
        0.6604, 0.9515, 0.3976, 0.6261, 0.9819, 0.5556, 0.6619, 0.0000, 0.7694,
        0.2923, 0.0000, 0.0000, 0.0000, 0.0000, 0.6333, 0.0000, 0.6167, 0.0000,
        0.0000, 0.0133, 0.0000, 0.0000, 0.7852, 0.0000, 0.0000, 0.0000, 0.3436,
        0.0000, 0.0000, 0.8957, 0.0000, 0.0000, 0.0000, 0.0000])
