tensor([0.0000, 0.0014, 0.0000, 0.0000, 0.0000, 0.0000, 0.0000, 0.0000, 0.0000,
        0.0000, 0.0000, 0.0000, 0.0000, 1.0000, 0.0000, 0.0000, 0.0000, 0.0000,
        0.0000, 0.0000, 0.0000, 0.0000, 0.0000, 0.0000, 0.0000, 0.0000, 0.0000,
        0.0000, 0.0000, 0.0000, 0.0000, 0.0000, 0.0000, 0.0000, 0.0000, 0.0000,
        0.0000, 0.0000, 0.0000, 0.0000, 0.0000, 0.0000, 0.0000])
tensor([0.0000, 0.0000, 0.0000, 0.0000, 0.0000, 0.9889, 0.0000, 0.0000, 0.0000,
        0.0000, 0.0000, 0.0000, 0.0000, 0.1611, 0.0000, 0.0000, 0.0000, 0.0000,
        0.0000, 0.0000, 0.0000, 0.0000, 0.0000, 0.0000, 0.0000, 0.0000, 0.0000,
        0.0000, 0.0000, 0.0000, 0.0000, 0.0000, 0.0000, 0.0000, 0.0000, 0.0000,
        0.0000, 0.0000, 0.0000, 0.0000, 0.0000, 0.0000, 0.0000])
tensor([0.0000, 0.0000, 0.0000, 0.0000, 0.0000, 0.7921, 0.0000, 0.0000, 0.0000,
        0.0000, 0.0000, 0.0000, 0.0000, 0.5944, 0.0000, 0.0000, 0.0000, 0.0000,
        0.0000, 0.0000, 0.0000, 0.0000, 0.0000, 0.0000, 0.0000, 0.0000, 0.0000,
        0.0000, 0.0000, 0.0000, 0.0000, 0.0000, 0.0000, 0.0000, 0.0000, 0.0000,
        0.0000, 0.0000, 0.0000, 0.0000, 0.0000, 0.0000, 0.0000])
tensor([0.0000, 0.0083, 0.0000, 0.0000, 0.0000, 0.7302, 0.0000, 0.0000, 0.0000,
        0.0000, 0.0000, 0.0000, 0.0000, 0.6764, 0.0000, 0.0000, 0.0000, 0.0000,
        0.0000, 0.0000, 0.0000, 0.0000, 0.0000, 0.0000, 0.0000, 0.0000, 0.0000,
        0.0000, 0.0000, 0.0000, 0.0000, 0.0000, 0.0000, 0.0000, 0.0000, 0.0000,
        0.0000, 0.0000, 0.0000, 0.0000, 0.0000, 0.0000, 0.0000])
tensor([0.0000, 0.3417, 0.0000, 0.0000, 0.0000, 0.6857, 0.0000, 0.0000, 0.0000,
        0.0000, 0.0000, 0.0000, 0.0000, 0.6472, 0.0000, 0.0000, 0.0000, 0.0000,
        0.0000, 0.0000, 0.0000, 0.0000, 0.0000, 0.0000, 0.0000, 0.0000, 0.0000,
        0.0000, 0.0000, 0.0000, 0.0000, 0.0000, 0.0000, 0.0000, 0.0000, 0.0000,
        0.0000, 0.0000, 0.0000, 0.0000, 0.0000, 0.0000, 0.0000])
tensor([0.0000, 0.3708, 0.0000, 0.0067, 0.0000, 0.6984, 0.0000, 0.0000, 0.0000,
        0.0000, 0.0000, 0.0000, 0.0000, 0.6278, 0.0000, 0.0000, 0.0000, 0.0028,
        0.0000, 0.0000, 0.0000, 0.0000, 0.0000, 0.0000, 0.0000, 0.0146, 0.0000,
        0.0000, 0.0000, 0.0000, 0.0000, 0.0000, 0.0000, 0.0000, 0.0000, 0.0000,
        0.0000, 0.0000, 0.0000, 0.0000, 0.0000, 0.0000, 0.0000])
tensor([0.0000, 0.4681, 0.0000, 0.0333, 0.0000, 0.6794, 0.0000, 0.0000, 0.0000,
        0.0646, 0.0000, 0.0024, 0.0000, 0.6806, 0.0000, 0.0000, 0.0000, 0.3889,
        0.0000, 0.0000, 0.0000, 0.0000, 0.0000, 0.0000, 0.0000, 0.0833, 0.0000,
        0.0000, 0.0000, 0.0000, 0.0000, 0.0000, 0.0000, 0.0000, 0.0000, 0.0897,
        0.0000, 0.0000, 0.0000, 0.0000, 0.0000, 0.0000, 0.0000])
tensor([0.0000, 0.5042, 0.0000, 0.1000, 0.0000, 0.6032, 0.0000, 0.0000, 0.0000,
        0.3042, 0.0000, 0.1595, 0.0000, 0.7819, 0.0000, 0.0000, 0.0000, 0.8222,
        0.0000, 0.0000, 0.0000, 0.0000, 0.0000, 0.0000, 0.0000, 0.4125, 0.0000,
        0.0000, 0.0000, 0.0000, 0.0000, 0.0000, 0.0000, 0.0000, 0.0000, 0.2333,
        0.0000, 0.0000, 0.0000, 0.0000, 0.0000, 0.0000, 0.0000])
tensor([0.0000, 0.6222, 0.0000, 0.3667, 0.0000, 0.4159, 0.0000, 0.0000, 0.0000,
        0.4604, 0.0000, 0.4619, 0.0014, 0.9361, 0.0000, 0.0000, 0.0000, 0.9000,
        0.0000, 0.0000, 0.0000, 0.0000, 0.0000, 0.0000, 0.0000, 0.7688, 0.0000,
        0.0000, 0.0000, 0.0000, 0.0000, 0.1852, 0.0000, 0.0000, 0.0000, 0.3897,
        0.0000, 0.0000, 0.0000, 0.0000, 0.0000, 0.0000, 0.0000])
tensor([0.0000, 0.7083, 0.0000, 0.0200, 0.0000, 0.5937, 0.0000, 0.1867, 0.0000,
        0.4917, 0.0000, 0.7310, 0.3493, 0.9597, 0.0000, 0.0524, 0.0000, 0.9000,
        0.0000, 0.0000, 0.0000, 0.0000, 0.0000, 0.0533, 0.0000, 0.6979, 0.0000,
        0.0000, 0.0000, 0.0000, 0.0000, 0.3444, 0.0000, 0.0333, 0.0000, 0.9026,
        0.0000, 0.0000, 0.0000, 0.0000, 0.0000, 0.2333, 0.0000])
tensor([0.0000, 0.7389, 0.0000, 0.0467, 0.0000, 0.6730, 0.0000, 0.2178, 0.0000,
        0.6333, 0.0030, 0.7810, 0.4522, 0.9611, 0.0000, 0.1381, 0.0000, 0.9028,
        0.0000, 0.0000, 0.0000, 0.1667, 0.0000, 0.1200, 0.0000, 0.8667, 0.0000,
        0.0000, 0.0000, 0.0000, 0.0000, 0.4111, 0.0000, 0.0619, 0.0000, 0.9231,
        0.0000, 0.0000, 0.0000, 0.0000, 0.0000, 0.3667, 0.0000])
tensor([0.0000, 0.6472, 0.0000, 0.1222, 0.0000, 0.6952, 0.0000, 0.3911, 0.0000,
        0.7250, 0.1212, 0.8476, 0.4899, 0.9653, 0.0000, 0.5524, 0.0000, 0.9056,
        0.0000, 0.0000, 0.0000, 0.3222, 0.0000, 0.2133, 0.0000, 0.8562, 0.0000,
        0.0000, 0.0000, 0.1111, 0.0000, 0.6815, 0.0000, 0.4762, 0.0000, 0.9154,
        0.0000, 0.0000, 0.0000, 0.0111, 0.0000, 0.6000, 0.0000])
tensor([0.0000, 0.6736, 0.0000, 0.2244, 0.0000, 0.8143, 0.0000, 0.3933, 0.0000,
        0.8125, 0.2182, 0.8190, 0.5522, 0.9597, 0.0519, 0.5667, 0.0267, 0.9278,
        0.0000, 0.0000, 0.0000, 0.2889, 0.0000, 0.5000, 0.0000, 0.8979, 0.0000,
        0.2000, 0.0000, 0.0778, 0.0000, 0.7185, 0.0000, 0.7333, 0.0000, 0.9513,
        0.0000, 0.0167, 0.0072, 0.3222, 0.0000, 0.6167, 0.0000])
tensor([0.0000, 0.7653, 0.0000, 0.3333, 0.0000, 0.8286, 0.0000, 0.5200, 0.0000,
        0.8438, 0.3318, 0.8262, 0.5942, 0.9569, 0.1556, 0.8048, 0.2533, 0.9639,
        0.0051, 0.0000, 0.0000, 0.5222, 0.0000, 0.6933, 0.0000, 0.8875, 0.0000,
        0.3833, 0.0000, 0.4000, 0.0000, 0.7630, 0.0000, 0.7667, 0.0000, 0.9897,
        0.0000, 0.4833, 0.0667, 0.3333, 0.0000, 0.6333, 0.0000])
tensor([0.0000, 0.8569, 0.0000, 0.5756, 0.0000, 0.8254, 0.0000, 0.5311, 0.0000,
        0.9104, 0.2924, 0.8476, 0.5957, 0.9681, 0.3926, 0.8857, 0.3667, 0.9722,
        0.0103, 0.4000, 0.0000, 0.4111, 0.0333, 0.7000, 0.0000, 0.8979, 0.0000,
        0.5000, 0.0000, 0.5111, 0.0000, 0.8593, 0.0000, 0.8143, 0.0000, 0.9718,
        0.4083, 0.6833, 0.3290, 0.4667, 0.0000, 0.6500, 0.0000])
tensor([0.0000, 0.9000, 0.0000, 0.6733, 0.0000, 0.8206, 0.0000, 0.5978, 0.0000,
        0.9354, 0.2985, 0.8286, 0.6478, 0.9694, 0.4593, 0.9048, 0.3733, 0.9806,
        0.0410, 0.4500, 0.0000, 0.4444, 0.1167, 0.7400, 0.0000, 0.8854, 0.0000,
        0.5000, 0.0000, 0.6778, 0.0000, 0.9333, 0.0000, 0.8429, 0.0000, 0.9795,
        0.5917, 0.7833, 0.4797, 0.4556, 0.0000, 0.6500, 0.1000])
tensor([0.0000, 0.9306, 0.0000, 0.7089, 0.0000, 0.8270, 0.0467, 0.6133, 0.0000,
        0.9396, 0.4515, 0.8643, 0.6507, 0.9681, 0.6556, 0.9000, 0.4267, 0.9806,
        0.0615, 0.4500, 0.0000, 0.5778, 0.1917, 0.7667, 0.0000, 0.8917, 0.0000,
        0.5000, 0.0000, 0.6778, 0.0000, 0.9630, 0.0000, 0.8810, 0.0667, 0.9795,
        0.6750, 0.8500, 0.5768, 0.5111, 0.0444, 0.6667, 0.0444])
tensor([0.0000, 0.9181, 0.0000, 0.7578, 0.0015, 0.7603, 0.3133, 0.7933, 0.0000,
        0.9458, 0.5000, 0.8905, 0.6870, 0.9667, 0.7000, 0.9190, 0.5867, 0.9806,
        0.0949, 0.4833, 0.0000, 0.5333, 0.2833, 0.8067, 0.0000, 0.8917, 0.0000,
        0.5000, 0.0133, 0.8222, 0.0067, 0.9481, 0.2167, 0.8857, 0.1500, 0.9821,
        0.7333, 0.8167, 0.6696, 0.6556, 0.2444, 0.6500, 0.2667])
tensor([0.0000, 0.9361, 0.0040, 0.6689, 0.0061, 0.8413, 0.4000, 0.6911, 0.0000,
        0.9583, 0.6530, 0.8810, 0.7478, 0.9639, 0.8111, 0.9286, 0.6467, 0.9806,
        0.1051, 0.5000, 0.0000, 0.5333, 0.2833, 0.8600, 0.0000, 0.9000, 0.0000,
        0.5000, 0.0333, 0.8667, 0.0067, 0.9444, 0.0833, 0.9095, 0.2500, 0.9897,
        0.7333, 0.8333, 0.7217, 0.5889, 0.3444, 0.6667, 0.3222])
tensor([0.0000, 0.9583, 0.0027, 0.7622, 0.0000, 0.8333, 0.4133, 0.7089, 0.0000,
        0.9583, 0.6955, 0.9048, 0.7565, 0.9694, 0.8407, 0.9476, 0.6533, 0.9806,
        0.1026, 0.5000, 0.0000, 0.5333, 0.3250, 0.8867, 0.0000, 0.9042, 0.0000,
        0.5000, 0.0333, 0.8778, 0.0067, 0.9333, 0.4167, 0.9048, 0.5500, 0.9795,
        0.7417, 0.8500, 0.7478, 0.6000, 0.3222, 0.6833, 0.3222])
tensor([0.0000, 0.9611, 0.0040, 0.7044, 0.0015, 0.8524, 0.4333, 0.7356, 0.0000,
        0.9646, 0.6621, 0.9357, 0.7841, 0.9681, 0.8407, 0.9571, 0.7333, 0.9833,
        0.1487, 0.5000, 0.0000, 0.5444, 0.4583, 0.8733, 0.0111, 0.9000, 0.0000,
        0.5000, 0.0733, 0.9222, 0.0067, 0.9519, 0.5333, 0.9238, 0.7417, 0.9769,
        0.7750, 0.8500, 0.7812, 0.7556, 0.4333, 0.6667, 0.4111])
tensor([0.0000, 0.9681, 0.0053, 0.8356, 0.0076, 0.8444, 0.5200, 0.7044, 0.0044,
        0.9563, 0.7864, 0.9238, 0.8043, 0.9639, 0.8963, 0.9714, 0.7933, 0.9889,
        0.1949, 0.5000, 0.0000, 0.5667, 0.4583, 0.9133, 0.0444, 0.9000, 0.0111,
        0.5000, 0.0533, 0.9444, 0.0133, 0.9556, 0.7833, 0.9190, 0.8250, 0.9795,
        0.8250, 0.8833, 0.7942, 0.7778, 0.4222, 0.7167, 0.4444])
tensor([0.0167, 0.9458, 0.0187, 0.8511, 0.0121, 0.8190, 0.5400, 0.8200, 0.0133,
        0.9729, 0.7348, 0.9238, 0.8319, 0.9667, 0.9000, 0.9714, 0.7933, 0.9861,
        0.1692, 0.5000, 0.0000, 0.5667, 0.4750, 0.9067, 0.0556, 0.8979, 0.0389,
        0.5000, 0.1400, 0.9667, 0.0200, 0.9741, 0.7000, 0.9286, 0.8583, 0.9769,
        0.8333, 0.8833, 0.8029, 0.7778, 0.4222, 0.7000, 0.4556])
tensor([0.0000, 0.9722, 0.0133, 0.7644, 0.0045, 0.8492, 0.5867, 0.7822, 0.0111,
        0.9729, 0.7924, 0.9452, 0.8406, 0.9667, 0.8889, 0.9810, 0.8467, 0.9889,
        0.2718, 0.5000, 0.0222, 0.5667, 0.5667, 0.9000, 0.0778, 0.8896, 0.0389,
        0.5000, 0.2667, 0.9667, 0.0133, 0.9741, 0.7667, 0.9524, 0.9083, 0.9667,
        0.8500, 0.9000, 0.8290, 0.6889, 0.4444, 0.7500, 0.5111])
tensor([0.0000, 0.9708, 0.0280, 0.8222, 0.0106, 0.8460, 0.6000, 0.7800, 0.0267,
        0.9729, 0.8061, 0.9357, 0.8623, 0.9681, 0.8963, 0.9857, 0.8467, 0.9889,
        0.2846, 0.5000, 0.0889, 0.5667, 0.5917, 0.9067, 0.1111, 0.8917, 0.0889,
        0.5000, 0.2933, 1.0000, 0.0333, 0.9741, 0.7667, 0.9476, 0.9083, 0.9641,
        0.8500, 0.9000, 0.8493, 0.7222, 0.4333, 0.7500, 0.5667])
tensor([0.0000, 0.9681, 0.0373, 0.8400, 0.0152, 0.8381, 0.6133, 0.8111, 0.0289,
        0.9875, 0.8318, 0.9214, 0.8696, 0.9667, 0.9222, 0.9857, 0.8533, 0.9889,
        0.3231, 0.5500, 0.0778, 0.5667, 0.6417, 0.9133, 0.1667, 0.8938, 0.1222,
        0.5000, 0.2467, 0.9889, 0.0267, 0.9778, 0.8833, 0.9476, 0.9250, 0.9769,
        0.8750, 0.9167, 0.8609, 0.8000, 0.4444, 0.7667, 0.5667])
tensor([0.0000, 0.9764, 0.0400, 0.8289, 0.0182, 0.8683, 0.6000, 0.7378, 0.0333,
        0.9875, 0.8515, 0.9500, 0.8797, 0.9694, 0.9296, 0.9952, 0.8333, 0.9889,
        0.3385, 0.8333, 0.1556, 0.5667, 0.6000, 0.9333, 0.2111, 0.9104, 0.1611,
        0.5000, 0.3467, 0.9556, 0.0333, 0.9333, 0.8667, 0.9667, 0.9500, 0.9641,
        0.8750, 0.9167, 0.8696, 0.7000, 0.6111, 0.8000, 0.5667])
tensor([0.0000, 0.9736, 0.0480, 0.8311, 0.0333, 0.8524, 0.6267, 0.8156, 0.0556,
        0.9833, 0.9000, 0.9405, 0.8797, 0.9667, 0.9370, 0.9952, 0.8667, 0.9889,
        0.3795, 0.6167, 0.2444, 0.5667, 0.6167, 0.9067, 0.2667, 0.9146, 0.2611,
        0.5000, 0.4467, 0.9889, 0.0467, 0.9741, 0.8500, 0.9714, 0.9500, 0.9744,
        0.8750, 0.9333, 0.8754, 0.6889, 0.6333, 0.7833, 0.5778])
tensor([0.0000, 0.9750, 0.0680, 0.8733, 0.0606, 0.8619, 0.6267, 0.7978, 0.0756,
        0.9875, 0.8924, 0.9452, 0.8870, 0.9681, 0.9444, 0.9952, 0.8733, 0.9889,
        0.3769, 0.5667, 0.2111, 0.5667, 0.6500, 0.9200, 0.3222, 0.9146, 0.2278,
        0.5000, 0.4933, 0.9889, 0.0400, 0.9778, 0.9833, 0.9619, 0.9500, 0.9692,
        0.8917, 0.9167, 0.8855, 0.8444, 0.6889, 0.8167, 0.5778])
tensor([0.0000, 0.9819, 0.0640, 0.8378, 0.0530, 0.8524, 0.6533, 0.8489, 0.0689,
        0.9833, 0.9030, 0.9500, 0.8855, 0.9681, 0.9519, 0.9952, 0.8933, 0.9889,
        0.4179, 0.7000, 0.3000, 0.5778, 0.6417, 0.9200, 0.3667, 0.9146, 0.4778,
        0.5000, 0.5067, 0.9889, 0.0467, 0.9704, 0.9667, 0.9667, 0.9500, 0.9744,
        0.8917, 0.9333, 0.8942, 0.8333, 0.7333, 0.8167, 0.6000])
tensor([0.0000, 0.9778, 0.0987, 0.8889, 0.0636, 0.8635, 0.6467, 0.7844, 0.1222,
        0.9833, 0.8955, 0.9500, 0.8942, 0.9694, 0.9519, 0.9952, 0.8867, 0.9889,
        0.4667, 0.7333, 0.2889, 0.5556, 0.6000, 0.9200, 0.3667, 0.9146, 0.4778,
        0.5000, 0.5133, 0.9889, 0.0667, 0.9741, 0.9667, 0.9714, 0.9500, 0.9615,
        0.8917, 0.9167, 0.8899, 0.8222, 0.7556, 0.8167, 0.5667])
tensor([0.0000, 0.9792, 0.0680, 0.8667, 0.1439, 0.8540, 0.6467, 0.8711, 0.1200,
        0.9812, 0.8985, 0.9452, 0.9072, 0.9694, 0.9630, 0.9952, 0.9067, 0.9889,
        0.4718, 0.5833, 0.3778, 0.5778, 0.6417, 0.9200, 0.4111, 0.9083, 0.5167,
        0.5000, 0.5467, 0.9889, 0.0733, 0.9778, 1.0000, 0.9714, 0.9500, 0.9641,
        0.8917, 0.9500, 0.9130, 0.8556, 0.7444, 0.8333, 0.5889])
tensor([0.0000, 0.9778, 0.0853, 0.9067, 0.1515, 0.8429, 0.7133, 0.8644, 0.1578,
        0.9896, 0.9000, 0.9548, 0.9116, 0.9722, 0.9667, 0.9952, 0.8933, 0.9889,
        0.4641, 0.7667, 0.3889, 0.5556, 0.7083, 0.9200, 0.4111, 0.9125, 0.5556,
        0.5000, 0.5867, 0.9778, 0.0733, 0.9704, 0.9333, 0.9762, 0.9500, 0.9769,
        0.9083, 0.9333, 0.9072, 0.8111, 0.7667, 0.8167, 0.5889])
tensor([0.0000, 0.9792, 0.1147, 0.8756, 0.1955, 0.8587, 0.6667, 0.8622, 0.1444,
        0.9875, 0.9394, 0.9524, 0.9174, 0.9708, 0.9741, 0.9952, 0.9000, 0.9889,
        0.4590, 0.7000, 0.2556, 0.5778, 0.7250, 0.9200, 0.4667, 0.9125, 0.6056,
        0.5000, 0.5600, 0.9778, 0.0800, 0.9815, 0.9667, 0.9762, 0.9500, 0.9846,
        0.9250, 0.9333, 0.9145, 0.8000, 0.7889, 0.8333, 0.6000])
tensor([0.0000, 0.9792, 0.1560, 0.9111, 0.2121, 0.8492, 0.7000, 0.8756, 0.2044,
        0.9937, 0.9364, 0.9548, 0.9145, 0.9736, 0.9778, 0.9952, 0.8800, 0.9889,
        0.4795, 0.7500, 0.3333, 0.5778, 0.6750, 0.9200, 0.4333, 0.9062, 0.6222,
        0.5000, 0.6133, 0.9778, 0.0867, 0.9815, 1.0000, 0.9762, 0.9500, 0.9718,
        0.9000, 0.9333, 0.9116, 0.8000, 0.7667, 0.8333, 0.5889])
tensor([0.0000, 0.9806, 0.1693, 0.9089, 0.2136, 0.8540, 0.6667, 0.8600, 0.2133,
        0.9958, 0.9379, 0.9571, 0.9188, 0.9722, 0.9778, 0.9952, 0.9067, 0.9889,
        0.5205, 0.8167, 0.3333, 0.5778, 0.7083, 0.9400, 0.4333, 0.9062, 0.6222,
        0.5000, 0.6133, 0.9778, 0.0867, 0.9667, 1.0000, 0.9762, 0.9667, 0.9641,
        0.9417, 0.9333, 0.9058, 0.8778, 0.7889, 0.8333, 0.6000])
tensor([0.0000, 0.9806, 0.1467, 0.8756, 0.2667, 0.8651, 0.7200, 0.8800, 0.2067,
        0.9875, 0.9379, 0.9548, 0.9130, 0.9736, 0.9778, 0.9952, 0.9067, 0.9889,
        0.5385, 0.8333, 0.4333, 0.5778, 0.7333, 0.9200, 0.4667, 0.9125, 0.6222,
        0.5000, 0.6067, 0.9778, 0.1067, 0.9704, 1.0000, 0.9762, 0.9667, 0.9692,
        0.9417, 0.9333, 0.9058, 0.8778, 0.7889, 0.8833, 0.5889])
tensor([0.0000, 0.9806, 0.2160, 0.9111, 0.2909, 0.8540, 0.6800, 0.8867, 0.2178,
        0.9896, 0.9424, 0.9548, 0.9246, 0.9722, 0.9667, 0.9952, 0.9067, 0.9889,
        0.5590, 0.8000, 0.4222, 0.5556, 0.7333, 0.9067, 0.4778, 0.9083, 0.6278,
        0.5000, 0.6267, 0.9778, 0.1200, 0.9815, 1.0000, 0.9810, 0.9667, 0.9795,
        0.9417, 0.9333, 0.9087, 0.8778, 0.7889, 0.8500, 0.6111])
tensor([0.0000, 0.9806, 0.2120, 0.8489, 0.3682, 0.8683, 0.7400, 0.8889, 0.2156,
        0.9917, 0.9424, 0.9571, 0.9261, 0.9708, 0.9778, 0.9952, 0.9067, 0.9889,
        0.5051, 0.8000, 0.4778, 0.5778, 0.8333, 0.9067, 0.5556, 0.9104, 0.6611,
        0.5000, 0.6333, 0.9778, 0.1133, 0.9815, 1.0000, 0.9810, 0.9667, 0.9769,
        0.9167, 0.9333, 0.9275, 0.8222, 0.7889, 0.8667, 0.5889])
tensor([0.0000, 0.9792, 0.3093, 0.8956, 0.3591, 0.8587, 0.7000, 0.9000, 0.2911,
        0.9896, 0.9439, 0.9571, 0.9304, 0.9722, 0.9815, 0.9952, 0.9067, 0.9889,
        0.5308, 0.8333, 0.5333, 0.5667, 0.8250, 0.9400, 0.5444, 0.9062, 0.7056,
        0.5000, 0.6667, 0.9778, 0.0933, 0.9815, 1.0000, 0.9810, 0.9667, 0.9744,
        0.9250, 0.9167, 0.9275, 0.8333, 0.7889, 0.8833, 0.6111])
tensor([0.0000, 0.9833, 0.3040, 0.8533, 0.4364, 0.8667, 0.6733, 0.9067, 0.3000,
        0.9896, 0.9439, 0.9643, 0.9217, 0.9736, 0.9852, 0.9952, 0.9067, 0.9889,
        0.5769, 0.8000, 0.5222, 0.5778, 0.7833, 0.9067, 0.5778, 0.9062, 0.7222,
        0.5000, 0.6867, 0.9778, 0.1400, 0.9815, 0.9833, 0.9810, 0.9667, 0.9718,
        0.9417, 0.9333, 0.9261, 0.9000, 0.7889, 0.8833, 0.6111])
tensor([0.0000, 0.9778, 0.2880, 0.8267, 0.6015, 0.8794, 0.7400, 0.9089, 0.3000,
        0.9875, 0.9500, 0.9619, 0.9333, 0.9694, 0.9963, 0.9857, 0.9267, 0.9889,
        0.5718, 0.9000, 0.5222, 0.5667, 0.8083, 0.9133, 0.5778, 0.9125, 0.7000,
        0.5000, 0.6933, 0.9778, 0.1400, 0.9741, 1.0000, 0.9810, 0.9667, 0.9821,
        0.9417, 0.9500, 0.9333, 0.8889, 0.8333, 0.8833, 0.6111])
tensor([0.0000, 0.9806, 0.3333, 0.8911, 0.4545, 0.8667, 0.6933, 0.9044, 0.3311,
        0.9917, 0.9515, 0.9619, 0.9348, 0.9708, 0.9926, 0.9952, 0.9067, 0.9889,
        0.5923, 0.9167, 0.5000, 0.5667, 0.8250, 0.9467, 0.5556, 0.9104, 0.7333,
        0.5000, 0.7000, 0.9778, 0.1600, 0.9741, 1.0000, 0.9810, 0.9667, 0.9718,
        0.9500, 0.9333, 0.9290, 0.8556, 0.8000, 0.8833, 0.6111])
tensor([0.0000, 0.9819, 0.3707, 0.8800, 0.5242, 0.8730, 0.6867, 0.9067, 0.3422,
        0.9896, 0.9515, 0.9643, 0.9406, 0.9708, 0.9815, 0.9905, 0.9067, 0.9889,
        0.6077, 0.8167, 0.6222, 0.5778, 0.8250, 0.9267, 0.5889, 0.9083, 0.7222,
        0.5000, 0.6800, 0.9778, 0.1600, 0.9778, 1.0000, 0.9857, 0.9667, 0.9821,
        0.9500, 0.9667, 0.9275, 0.8778, 0.8111, 0.8833, 0.6222])
tensor([0.0000, 0.9833, 0.4600, 0.8867, 0.5303, 0.8683, 0.6933, 0.9289, 0.3444,
        0.9854, 0.9470, 0.9619, 0.9522, 0.9750, 0.9889, 0.9905, 0.9067, 0.9889,
        0.5974, 0.9167, 0.7111, 0.5667, 0.8250, 0.9133, 0.5778, 0.9062, 0.7167,
        0.5000, 0.7133, 0.9778, 0.1800, 0.9778, 1.0000, 0.9810, 0.9667, 0.9718,
        0.9417, 0.9333, 0.9261, 0.9111, 0.8111, 0.8833, 0.6556])
tensor([0.0000, 0.9806, 0.4413, 0.8889, 0.6197, 0.8794, 0.7333, 0.9200, 0.3511,
        0.9917, 0.9591, 0.9548, 0.9652, 0.9750, 0.9963, 0.9905, 0.9067, 0.9889,
        0.6077, 0.9333, 0.7000, 0.5778, 0.8417, 0.9467, 0.5778, 0.9125, 0.7444,
        0.5000, 0.7133, 0.9778, 0.1733, 0.9741, 1.0000, 0.9810, 0.9667, 0.9769,
        0.9500, 0.9667, 0.9319, 0.9000, 0.8000, 0.8833, 0.6444])
tensor([0.0000, 0.9833, 0.4240, 0.8822, 0.6288, 0.8762, 0.7333, 0.9222, 0.3644,
        0.9917, 0.9652, 0.9667, 0.9565, 0.9722, 0.9963, 0.9905, 0.9200, 0.9889,
        0.6179, 0.9167, 0.7111, 0.5778, 0.8583, 0.9467, 0.6444, 0.9146, 0.7778,
        0.5000, 0.7267, 0.9778, 0.2333, 0.9741, 1.0000, 0.9810, 0.9750, 0.9821,
        0.9500, 0.9667, 0.9420, 0.9222, 0.8333, 0.8833, 0.6667])
tensor([0.0000, 0.9833, 0.4920, 0.8800, 0.5894, 0.8825, 0.6933, 0.9244, 0.4089,
        0.9854, 0.9576, 0.9667, 0.9623, 0.9722, 0.9963, 0.9762, 0.9267, 0.9889,
        0.6154, 0.9333, 0.7111, 0.5778, 0.8417, 0.9533, 0.5889, 0.9187, 0.7333,
        0.5000, 0.7267, 0.9778, 0.2267, 0.9741, 1.0000, 0.9810, 0.9750, 0.9769,
        0.9500, 0.9667, 0.9319, 0.9111, 0.8333, 0.8833, 0.6444])
tensor([0.0000, 0.9833, 0.5213, 0.8800, 0.6121, 0.8905, 0.7067, 0.8911, 0.3933,
        0.9896, 0.9576, 0.9690, 0.9580, 0.9722, 1.0000, 0.9905, 0.9133, 0.9889,
        0.6051, 0.9167, 0.7333, 0.5778, 0.8417, 0.9400, 0.6444, 0.9146, 0.7556,
        0.5000, 0.7133, 0.9778, 0.3000, 0.9778, 1.0000, 0.9810, 0.9750, 0.9769,
        0.9500, 0.9667, 0.9348, 0.9111, 0.8222, 0.8833, 0.6444])
tensor([0.0000, 0.9833, 0.4960, 0.8778, 0.6652, 0.8825, 0.6800, 0.9333, 0.3422,
        0.9833, 0.9591, 0.9690, 0.9638, 0.9736, 1.0000, 0.9810, 0.9333, 0.9889,
        0.6436, 0.9167, 0.7111, 0.5778, 0.8583, 0.9200, 0.6444, 0.9083, 0.7667,
        0.5000, 0.7267, 0.9778, 0.2267, 0.9778, 1.0000, 0.9810, 0.9750, 0.9821,
        0.9500, 0.9667, 0.9348, 0.8778, 0.8333, 0.8833, 0.7111])
tensor([0.0000, 0.9833, 0.5947, 0.8978, 0.5864, 0.8905, 0.6867, 0.9133, 0.4111,
        0.9833, 0.9561, 0.9762, 0.9652, 0.9736, 1.0000, 0.9810, 0.9200, 0.9889,
        0.6077, 0.9333, 0.7111, 0.5778, 0.8417, 0.9267, 0.6000, 0.9125, 0.7611,
        0.5000, 0.7467, 0.9778, 0.2133, 0.9741, 1.0000, 0.9810, 0.9750, 0.9769,
        0.9500, 0.9500, 0.9348, 0.9111, 0.8111, 0.8833, 0.7000])
tensor([0.0000, 0.9833, 0.5893, 0.8867, 0.6758, 0.8794, 0.7133, 0.9400, 0.3822,
        0.9833, 0.9561, 0.9738, 0.9652, 0.9736, 1.0000, 0.9762, 0.9200, 0.9889,
        0.6718, 0.9000, 0.8000, 0.5778, 0.8667, 0.9200, 0.7000, 0.9083, 0.7556,
        0.5000, 0.7733, 0.9778, 0.3000, 0.9778, 1.0000, 0.9810, 0.9750, 0.9795,
        0.9500, 0.9667, 0.9420, 0.9111, 0.8222, 0.8833, 0.7444])
tensor([0.0000, 0.9833, 0.5653, 0.8467, 0.6561, 0.9048, 0.7733, 0.9200, 0.4444,
        0.9917, 0.9667, 0.9690, 0.9667, 0.9750, 1.0000, 0.9810, 0.9267, 0.9889,
        0.6564, 0.9333, 0.8333, 0.5778, 0.8583, 0.9467, 0.7000, 0.9125, 0.7667,
        0.5000, 0.7467, 0.9778, 0.2600, 0.9778, 1.0000, 0.9810, 0.9750, 0.9795,
        0.9500, 0.9667, 0.9406, 0.9333, 0.8333, 0.8833, 0.7111])
tensor([0.0000, 0.9833, 0.6160, 0.8844, 0.6515, 0.8937, 0.7533, 0.9267, 0.4178,
        0.9812, 0.9621, 0.9786, 0.9696, 0.9750, 1.0000, 0.9762, 0.9267, 0.9889,
        0.6385, 0.9333, 0.7444, 0.5778, 0.8500, 0.9267, 0.6778, 0.9062, 0.7944,
        0.5000, 0.7533, 0.9778, 0.2267, 0.9778, 1.0000, 0.9810, 0.9750, 0.9769,
        0.9500, 0.9667, 0.9391, 0.9222, 0.8222, 0.8833, 0.6778])
tensor([0.0000, 0.9833, 0.5800, 0.8889, 0.7015, 0.8968, 0.7267, 0.9244, 0.4711,
        0.9833, 0.9621, 0.9786, 0.9652, 0.9736, 1.0000, 0.9857, 0.9333, 0.9889,
        0.6538, 0.9333, 0.8444, 0.5667, 0.8583, 0.9333, 0.6444, 0.9104, 0.7833,
        0.5000, 0.7400, 0.9778, 0.2333, 0.9741, 1.0000, 0.9810, 0.9750, 0.9795,
        0.9500, 0.9667, 0.9435, 0.9111, 0.8222, 0.8833, 0.7222])
tensor([0.0000, 0.9833, 0.6053, 0.8911, 0.7121, 0.8825, 0.7733, 0.9422, 0.4911,
        0.9812, 0.9682, 0.9738, 0.9696, 0.9736, 1.0000, 0.9762, 0.9533, 0.9861,
        0.6821, 0.9333, 0.8444, 0.5778, 0.8750, 0.9467, 0.7000, 0.9104, 0.7833,
        0.5000, 0.7867, 0.9778, 0.2733, 0.9741, 1.0000, 0.9810, 0.9750, 0.9795,
        0.9500, 0.9500, 0.9420, 0.9333, 0.8333, 0.8833, 0.7111])
tensor([0.0000, 0.9833, 0.5680, 0.9000, 0.6727, 0.8857, 0.7667, 0.9333, 0.4711,
        0.9792, 0.9561, 0.9786, 0.9710, 0.9736, 1.0000, 0.9714, 0.9467, 0.9889,
        0.7179, 0.9500, 0.9000, 0.5778, 0.8750, 0.9333, 0.6889, 0.9104, 0.7667,
        0.5000, 0.8000, 0.9778, 0.3133, 0.9741, 1.0000, 0.9810, 0.9750, 0.9795,
        0.9500, 0.9667, 0.9420, 0.9000, 0.8222, 0.8833, 0.7778])
tensor([0.0000, 0.9833, 0.6173, 0.8933, 0.6818, 0.8921, 0.7733, 0.9333, 0.5022,
        0.9812, 0.9667, 0.9738, 0.9725, 0.9736, 0.9963, 0.9714, 0.9467, 0.9889,
        0.7000, 0.9333, 0.8222, 0.5778, 0.8750, 0.9267, 0.7000, 0.9146, 0.7889,
        0.5000, 0.7667, 0.9778, 0.3800, 0.9778, 1.0000, 0.9810, 0.9750, 0.9821,
        0.9500, 0.9667, 0.9464, 0.9222, 0.8333, 0.8833, 0.7111])
tensor([0.0167, 0.9847, 0.5973, 0.8956, 0.7091, 0.9048, 0.7667, 0.9222, 0.5489,
        0.9812, 0.9636, 0.9786, 0.9681, 0.9764, 1.0000, 0.9762, 0.9400, 0.9889,
        0.6923, 0.9333, 0.8778, 0.5778, 0.8667, 0.9400, 0.7111, 0.9083, 0.7944,
        0.5000, 0.8067, 0.9778, 0.2667, 0.9852, 1.0000, 0.9810, 0.9750, 0.9744,
        0.9500, 0.9667, 0.9435, 0.9111, 0.8333, 0.8833, 0.7667])
tensor([0.0667, 0.9833, 0.5907, 0.9022, 0.7485, 0.8905, 0.7467, 0.9311, 0.5867,
        0.9833, 0.9636, 0.9738, 0.9768, 0.9736, 1.0000, 0.9905, 0.9533, 0.9889,
        0.6897, 0.9333, 0.8556, 0.5778, 0.8750, 0.9600, 0.6889, 0.9104, 0.7889,
        0.5000, 0.7933, 0.9778, 0.2867, 0.9778, 1.0000, 0.9810, 0.9750, 0.9795,
        0.9500, 0.9500, 0.9391, 0.9222, 0.8333, 0.8833, 0.6889])
tensor([0.0500, 0.9833, 0.6653, 0.8978, 0.7061, 0.9000, 0.7333, 0.9244, 0.5667,
        0.9854, 0.9636, 0.9786, 0.9739, 0.9736, 1.0000, 0.9714, 0.9467, 0.9861,
        0.6897, 0.9667, 0.8556, 0.5778, 0.8750, 0.9400, 0.6778, 0.9104, 0.7889,
        0.5000, 0.7733, 0.9778, 0.3133, 0.9741, 1.0000, 0.9810, 0.9750, 0.9821,
        0.9500, 0.9667, 0.9420, 0.9222, 0.8222, 0.8833, 0.7667])
tensor([0.0833, 0.9833, 0.6387, 0.8911, 0.7242, 0.8952, 0.7533, 0.9511, 0.5600,
        0.9812, 0.9727, 0.9762, 0.9768, 0.9736, 1.0000, 0.9762, 0.9533, 0.9889,
        0.7103, 0.9667, 0.8778, 0.5778, 0.8917, 0.9333, 0.7333, 0.9187, 0.7833,
        0.5000, 0.8133, 0.9778, 0.4267, 0.9741, 1.0000, 0.9810, 0.9750, 0.9821,
        0.9500, 0.9667, 0.9464, 0.9222, 0.8333, 0.8833, 0.8000])
tensor([0.1667, 0.9847, 0.6933, 0.8244, 0.7545, 0.9349, 0.7933, 0.9222, 0.5200,
        0.9792, 0.9667, 0.9786, 0.9783, 0.9778, 1.0000, 0.9714, 0.9533, 0.9889,
        0.7256, 0.9333, 0.9444, 0.5778, 0.8917, 0.9133, 0.7333, 0.9208, 0.7778,
        0.5000, 0.7933, 0.9778, 0.2667, 0.9778, 1.0000, 0.9810, 0.9750, 0.9795,
        0.9500, 0.9667, 0.9406, 0.9000, 0.8222, 0.8833, 0.7889])
tensor([0.0833, 0.9847, 0.6893, 0.8978, 0.7697, 0.9016, 0.7733, 0.9267, 0.5844,
        0.9792, 0.9697, 0.9762, 0.9725, 0.9764, 1.0000, 0.9714, 0.9533, 0.9778,
        0.7000, 0.9500, 0.9333, 0.5778, 0.8833, 0.9333, 0.7556, 0.9104, 0.7889,
        0.5000, 0.8133, 0.9778, 0.3467, 0.9778, 1.0000, 0.9810, 0.9750, 0.9795,
        0.9583, 0.9667, 0.9420, 0.9111, 0.8333, 0.8833, 0.7889])
tensor([0.0500, 0.9847, 0.7067, 0.8978, 0.7561, 0.9048, 0.7933, 0.9333, 0.5867,
        0.9812, 0.9667, 0.9833, 0.9768, 0.9764, 1.0000, 0.9714, 0.9533, 0.9889,
        0.7051, 0.9333, 0.8444, 0.5778, 0.8833, 0.9333, 0.7333, 0.9146, 0.7778,
        0.5000, 0.8133, 0.9778, 0.3333, 0.9852, 1.0000, 0.9857, 0.9750, 0.9744,
        0.9500, 0.9667, 0.9435, 0.9000, 0.8333, 0.8833, 0.8556])
tensor([0.0833, 0.9861, 0.7013, 0.8867, 0.7455, 0.9095, 0.7800, 0.9333, 0.5756,
        0.9792, 0.9682, 0.9881, 0.9739, 0.9764, 1.0000, 0.9714, 0.9533, 0.9806,
        0.7359, 0.9500, 0.9667, 0.5778, 0.8833, 0.9333, 0.7556, 0.9125, 0.7778,
        0.5000, 0.8333, 0.9778, 0.3333, 0.9778, 1.0000, 0.9810, 0.9750, 0.9795,
        0.9500, 0.9667, 0.9449, 0.9111, 0.8333, 0.8833, 0.8111])
tensor([0.1500, 0.9847, 0.7307, 0.9222, 0.7894, 0.9000, 0.7733, 0.9511, 0.5400,
        0.9812, 0.9727, 0.9857, 0.9768, 0.9736, 1.0000, 0.9714, 0.9533, 0.9750,
        0.7359, 0.9500, 0.9111, 0.5778, 0.8833, 0.9600, 0.7778, 0.9187, 0.7778,
        0.5000, 0.8133, 0.9778, 0.3333, 0.9778, 1.0000, 0.9810, 0.9750, 0.9795,
        0.9583, 0.9667, 0.9449, 0.9111, 0.8333, 0.8833, 0.7889])
tensor([0.1167, 0.9861, 0.7213, 0.9178, 0.7182, 0.9000, 0.7933, 0.9511, 0.6044,
        0.9812, 0.9697, 0.9857, 0.9783, 0.9750, 1.0000, 0.9857, 0.9533, 0.9750,
        0.7179, 0.9333, 0.9556, 0.5778, 0.8833, 0.9600, 0.7556, 0.9062, 0.7833,
        0.5000, 0.8200, 0.9778, 0.3733, 0.9815, 1.0000, 0.9810, 0.9750, 0.9795,
        0.9583, 0.9667, 0.9449, 0.9333, 0.8333, 0.8833, 0.7778])
tensor([0.1833, 0.9833, 0.7387, 0.8911, 0.7788, 0.9063, 0.7800, 0.9578, 0.5933,
        0.9792, 0.9697, 0.9857, 0.9797, 0.9736, 1.0000, 0.9762, 0.9667, 0.9833,
        0.7282, 0.9833, 0.9667, 0.5778, 0.8917, 0.9400, 0.7667, 0.9146, 0.7833,
        0.5000, 0.8200, 0.9778, 0.4267, 0.9778, 1.0000, 0.9810, 0.9750, 0.9821,
        0.9750, 0.9667, 0.9449, 0.9222, 0.8222, 0.8833, 0.8222])
tensor([0.2000, 0.9875, 0.7360, 0.8733, 0.8076, 0.9063, 0.7800, 0.9422, 0.6244,
        0.9792, 0.9712, 0.9810, 0.9797, 0.9750, 1.0000, 0.9714, 0.9667, 0.9750,
        0.7256, 0.9667, 0.9778, 0.5778, 0.8917, 0.9333, 0.7778, 0.9167, 0.7833,
        0.5000, 0.8667, 0.9778, 0.4267, 0.9852, 1.0000, 0.9810, 0.9750, 0.9795,
        0.9500, 0.9500, 0.9464, 0.9222, 0.8333, 0.8833, 0.8778])
tensor([0.1833, 0.9861, 0.7653, 0.8889, 0.7818, 0.9079, 0.7933, 0.9533, 0.5889,
        0.9792, 0.9712, 0.9857, 0.9768, 0.9750, 1.0000, 0.9714, 0.9667, 0.9750,
        0.7385, 0.9833, 0.9778, 0.5778, 0.8917, 0.9467, 0.7667, 0.9187, 0.7778,
        0.5000, 0.8333, 0.9778, 0.4067, 0.9778, 1.0000, 0.9810, 0.9750, 0.9795,
        0.9583, 0.9667, 0.9464, 0.9222, 0.8333, 0.8833, 0.8000])
tensor([0.1833, 0.9875, 0.7533, 0.8933, 0.7833, 0.9063, 0.7867, 0.9511, 0.6089,
        0.9792, 0.9667, 0.9857, 0.9797, 0.9764, 1.0000, 0.9714, 0.9600, 0.9750,
        0.7077, 0.9833, 0.9778, 0.5778, 0.8917, 0.9400, 0.8000, 0.9208, 0.7833,
        0.5000, 0.8400, 0.9778, 0.4267, 0.9778, 1.0000, 0.9810, 0.9750, 0.9821,
        0.9583, 0.9500, 0.9449, 0.9111, 0.8333, 0.8833, 0.8333])
tensor([0.2333, 0.9861, 0.7267, 0.9244, 0.7803, 0.9000, 0.7933, 0.9578, 0.6244,
        0.9771, 0.9667, 0.9833, 0.9783, 0.9764, 1.0000, 0.9762, 0.9667, 0.9778,
        0.7333, 0.9833, 0.9667, 0.5778, 0.8917, 0.9467, 0.8000, 0.9104, 0.7833,
        0.5000, 0.8467, 0.9778, 0.3933, 0.9815, 1.0000, 0.9810, 0.9750, 0.9744,
        0.9750, 0.9667, 0.9449, 0.9111, 0.8333, 0.8833, 0.7889])
tensor([0.2167, 0.9861, 0.7707, 0.9111, 0.8030, 0.9079, 0.7733, 0.9467, 0.6467,
        0.9792, 0.9682, 0.9833, 0.9797, 0.9750, 1.0000, 0.9714, 0.9667, 0.9833,
        0.7231, 0.9667, 0.9667, 0.5778, 0.8917, 0.9533, 0.8000, 0.9083, 0.7944,
        0.5000, 0.8400, 0.9778, 0.4800, 0.9852, 1.0000, 0.9810, 0.9750, 0.9821,
        0.9833, 0.9500, 0.9449, 0.9111, 0.8333, 0.8833, 0.8556])
tensor([0.1833, 0.9889, 0.7587, 0.8889, 0.7818, 0.9143, 0.7867, 0.9578, 0.6422,
        0.9792, 0.9758, 0.9857, 0.9783, 0.9764, 1.0000, 0.9714, 0.9667, 0.9861,
        0.7641, 0.9667, 0.9778, 0.5778, 0.9000, 0.9400, 0.8111, 0.9187, 0.7722,
        0.5000, 0.8600, 0.9778, 0.3733, 0.9815, 1.0000, 0.9810, 0.9750, 0.9795,
        0.9750, 0.9667, 0.9464, 0.9111, 0.8222, 0.8833, 0.8667])
tensor([0.2333, 0.9861, 0.7640, 0.8844, 0.8045, 0.8857, 0.7400, 0.9756, 0.5800,
        0.9812, 0.9742, 0.9881, 0.9812, 0.9750, 1.0000, 0.9714, 0.9600, 0.9750,
        0.7410, 1.0000, 0.9778, 0.5778, 0.9000, 0.9667, 0.8222, 0.9083, 0.7833,
        0.5000, 0.8933, 0.9778, 0.3933, 0.9778, 1.0000, 0.9810, 0.9750, 0.9872,
        0.9750, 0.9500, 0.9493, 0.9111, 0.8222, 0.8833, 0.9111])
tensor([0.1833, 0.9889, 0.7520, 0.8556, 0.8152, 0.9222, 0.8067, 0.9511, 0.6800,
        0.9812, 0.9727, 0.9905, 0.9812, 0.9764, 1.0000, 0.9714, 0.9667, 0.9778,
        0.7333, 0.9833, 0.9778, 0.5778, 0.9000, 0.9400, 0.8333, 0.9146, 0.7944,
        0.5000, 0.8800, 0.9778, 0.4067, 0.9852, 1.0000, 0.9810, 0.9750, 0.9821,
        0.9833, 0.9667, 0.9420, 0.8889, 0.8222, 0.8833, 0.8222])
tensor([0.1833, 0.9889, 0.7907, 0.8800, 0.7833, 0.9032, 0.7933, 0.9733, 0.6222,
        0.9771, 0.9697, 0.9905, 0.9812, 0.9792, 1.0000, 0.9714, 0.9667, 0.9778,
        0.7462, 0.9833, 0.9778, 0.5778, 0.9000, 0.9533, 0.8111, 0.9208, 0.7722,
        0.5000, 0.8867, 0.9778, 0.4467, 0.9815, 1.0000, 0.9810, 0.9750, 0.9795,
        0.9750, 0.9667, 0.9464, 0.9111, 0.8222, 0.9000, 0.8333])
tensor([0.2667, 0.9875, 0.7880, 0.8733, 0.8273, 0.9079, 0.7933, 0.9689, 0.6822,
        0.9750, 0.9773, 0.9857, 0.9797, 0.9750, 1.0000, 0.9714, 0.9800, 0.9722,
        0.7538, 0.9833, 0.9778, 0.5778, 0.9000, 0.9733, 0.8333, 0.9187, 0.7889,
        0.5000, 0.9000, 0.9778, 0.5067, 0.9852, 1.0000, 0.9810, 0.9750, 0.9846,
        0.9750, 0.9667, 0.9507, 0.9111, 0.8333, 0.9000, 0.8889])
tensor([0.1833, 0.9889, 0.8053, 0.8889, 0.7833, 0.8984, 0.8000, 0.9733, 0.6711,
        0.9750, 0.9773, 0.9905, 0.9797, 0.9792, 1.0000, 0.9714, 0.9800, 0.9778,
        0.7564, 0.9667, 0.9778, 0.5778, 0.8917, 0.9400, 0.8556, 0.9104, 0.7889,
        0.5000, 0.9000, 0.9778, 0.4600, 0.9852, 1.0000, 0.9810, 0.9750, 0.9821,
        0.9750, 0.9667, 0.9478, 0.9111, 0.8222, 0.8833, 0.9000])
tensor([0.3000, 0.9875, 0.7920, 0.8911, 0.8197, 0.9159, 0.8000, 0.9644, 0.6844,
        0.9708, 0.9727, 0.9905, 0.9812, 0.9792, 1.0000, 0.9714, 0.9800, 0.9778,
        0.7462, 0.9833, 0.9778, 0.5778, 0.8917, 0.9533, 0.8333, 0.9125, 0.7833,
        0.5000, 0.8933, 0.9778, 0.4733, 0.9852, 1.0000, 0.9857, 0.9750, 0.9821,
        0.9750, 0.9667, 0.9507, 0.8889, 0.8222, 0.9000, 0.8667])
tensor([0.2500, 0.9861, 0.8107, 0.9022, 0.8197, 0.9127, 0.7867, 0.9667, 0.6822,
        0.9771, 0.9712, 0.9905, 0.9826, 0.9764, 1.0000, 0.9714, 0.9733, 0.9778,
        0.7538, 0.9833, 0.9667, 0.5778, 0.8917, 0.9600, 0.8222, 0.9187, 0.7889,
        0.5000, 0.8800, 0.9778, 0.3600, 0.9852, 1.0000, 0.9810, 0.9750, 0.9821,
        0.9750, 0.9500, 0.9478, 0.9000, 0.8222, 0.8833, 0.8778])
tensor([0.2833, 0.9875, 0.7880, 0.8511, 0.8273, 0.9302, 0.7867, 0.9467, 0.7000,
        0.9708, 0.9712, 0.9833, 0.9783, 0.9764, 1.0000, 0.9714, 0.9800, 0.9750,
        0.7615, 0.9667, 0.9778, 0.5778, 0.9000, 0.9400, 0.8333, 0.9208, 0.7778,
        0.5000, 0.8400, 0.9778, 0.4667, 0.9852, 1.0000, 0.9810, 0.9750, 0.9821,
        0.9750, 0.9667, 0.9493, 0.9000, 0.8333, 0.8833, 0.9111])
tensor([0.2167, 0.9875, 0.7800, 0.8978, 0.7985, 0.9111, 0.8067, 0.9644, 0.6911,
        0.9750, 0.9697, 0.9929, 0.9812, 0.9764, 1.0000, 0.9714, 0.9667, 0.9750,
        0.7538, 0.9833, 0.9778, 0.5778, 0.8833, 0.9467, 0.8222, 0.9208, 0.7833,
        0.5000, 0.8867, 0.9778, 0.4200, 0.9852, 1.0000, 0.9810, 0.9750, 0.9821,
        0.9750, 0.9667, 0.9478, 0.8889, 0.8222, 0.8833, 0.8444])
tensor([0.3167, 0.9875, 0.8053, 0.8600, 0.8333, 0.9159, 0.7867, 0.9711, 0.6556,
        0.9750, 0.9758, 0.9905, 0.9812, 0.9806, 1.0000, 0.9714, 0.9733, 0.9694,
        0.7692, 0.9833, 0.9778, 0.5778, 0.8917, 0.9400, 0.8222, 0.9208, 0.7833,
        0.5000, 0.8867, 0.9778, 0.4067, 0.9815, 1.0000, 0.9810, 0.9750, 0.9821,
        0.9667, 0.9667, 0.9522, 0.9000, 0.8333, 0.8833, 0.9333])
tensor([0.2500, 0.9861, 0.7893, 0.9244, 0.7894, 0.9063, 0.8000, 0.9711, 0.6667,
        0.9812, 0.9712, 0.9929, 0.9826, 0.9792, 1.0000, 0.9714, 0.9667, 0.9667,
        0.7487, 1.0000, 0.9778, 0.5778, 0.8833, 0.9533, 0.7889, 0.9104, 0.7944,
        0.5000, 0.9000, 0.9778, 0.4200, 0.9852, 1.0000, 0.9810, 0.9750, 0.9821,
        0.9583, 0.9667, 0.9493, 0.9111, 0.8222, 0.8833, 0.8889])
tensor([0.3000, 0.9875, 0.7813, 0.8978, 0.7924, 0.9032, 0.7933, 0.9711, 0.6800,
        0.9771, 0.9712, 0.9929, 0.9826, 0.9833, 1.0000, 0.9714, 0.9800, 0.9722,
        0.7513, 0.9833, 0.9778, 0.5778, 0.8917, 0.9400, 0.8333, 0.9229, 0.7778,
        0.5000, 0.8933, 0.9778, 0.4467, 0.9852, 1.0000, 0.9810, 0.9750, 0.9821,
        0.9667, 0.9667, 0.9493, 0.9111, 0.8222, 0.8833, 0.9111])
tensor([0.3000, 0.9875, 0.7987, 0.8956, 0.7848, 0.9000, 0.7933, 0.9711, 0.7333,
        0.9812, 0.9758, 0.9905, 0.9812, 0.9889, 1.0000, 0.9714, 0.9667, 0.9778,
        0.7487, 0.9833, 0.9778, 0.5778, 0.8917, 0.9400, 0.8111, 0.9187, 0.7889,
        0.5000, 0.9067, 0.9778, 0.5467, 0.9852, 1.0000, 0.9810, 0.9750, 0.9821,
        0.9750, 0.9667, 0.9493, 0.9222, 0.8222, 0.8833, 0.8778])
tensor([0.3000, 0.9875, 0.8280, 0.9022, 0.7924, 0.9159, 0.7933, 0.9711, 0.7356,
        0.9708, 0.9712, 0.9905, 0.9797, 0.9778, 1.0000, 0.9714, 0.9800, 0.9722,
        0.7615, 0.9833, 0.9778, 0.5778, 0.9000, 0.9467, 0.8333, 0.9146, 0.7833,
        0.5000, 0.8933, 0.9778, 0.5000, 0.9852, 1.0000, 0.9810, 0.9750, 0.9821,
        0.9750, 0.9667, 0.9493, 0.9111, 0.8556, 0.9000, 0.8778])
tensor([0.3333, 0.9861, 0.8320, 0.9311, 0.7894, 0.9111, 0.7933, 0.9711, 0.7356,
        0.9646, 0.9712, 0.9929, 0.9754, 0.9764, 1.0000, 0.9714, 0.9867, 0.9667,
        0.7692, 0.9833, 0.9778, 0.5778, 0.9000, 0.9667, 0.8444, 0.9146, 0.7722,
        0.5000, 0.9000, 0.9778, 0.5667, 0.9815, 1.0000, 0.9810, 0.9750, 0.9821,
        0.9750, 0.9667, 0.9507, 0.9111, 0.8444, 0.9000, 0.8889])
tensor([0.2667, 0.9889, 0.8120, 0.8956, 0.8091, 0.9079, 0.7733, 0.9711, 0.7267,
        0.9667, 0.9742, 0.9905, 0.9768, 0.9778, 1.0000, 0.9667, 0.9800, 0.9667,
        0.7590, 0.9833, 0.9667, 0.5778, 0.8833, 0.9400, 0.8444, 0.9083, 0.7944,
        0.5000, 0.9133, 0.9778, 0.4600, 0.9889, 1.0000, 0.9810, 0.9750, 0.9872,
        0.9833, 0.9333, 0.9507, 0.8889, 0.8444, 0.8833, 0.9111])
tensor([0.2500, 0.9917, 0.8187, 0.9356, 0.7955, 0.9143, 0.7933, 0.9689, 0.7222,
        0.9771, 0.9712, 0.9905, 0.9797, 0.9847, 1.0000, 0.9667, 0.9800, 0.9750,
        0.7590, 0.9833, 0.9667, 0.5778, 0.9000, 0.9533, 0.8222, 0.9229, 0.7944,
        0.5000, 0.9067, 0.9778, 0.5467, 0.9852, 1.0000, 0.9810, 0.9750, 0.9821,
        0.9750, 0.9667, 0.9493, 0.9000, 0.8333, 0.8833, 0.8889])
tensor([0.2333, 0.9903, 0.8187, 0.9289, 0.8106, 0.9143, 0.8067, 0.9711, 0.7778,
        0.9667, 0.9727, 0.9905, 0.9812, 0.9819, 1.0000, 0.9667, 0.9800, 0.9722,
        0.7590, 1.0000, 0.9778, 0.5778, 0.8917, 0.9667, 0.8222, 0.9125, 0.8000,
        0.5000, 0.9000, 0.9889, 0.5533, 0.9889, 1.0000, 0.9857, 0.9750, 0.9821,
        0.9750, 0.9667, 0.9522, 0.9222, 0.8444, 0.9000, 0.8778])
tensor([0.2833, 0.9875, 0.8347, 0.9378, 0.7894, 0.9159, 0.8000, 0.9556, 0.6822,
        0.9792, 0.9712, 0.9929, 0.9797, 0.9847, 1.0000, 0.9714, 0.9667, 0.9722,
        0.7667, 0.9833, 0.9778, 0.5778, 0.8917, 0.9600, 0.8333, 0.9208, 0.7944,
        0.5000, 0.8933, 0.9778, 0.4733, 0.9852, 1.0000, 0.9857, 0.9750, 0.9795,
        0.9667, 0.9667, 0.9522, 0.9000, 0.8444, 0.8833, 0.9111])
tensor([0.3167, 0.9889, 0.8347, 0.8756, 0.8258, 0.9270, 0.8067, 0.9578, 0.7422,
        0.9750, 0.9712, 0.9905, 0.9812, 0.9778, 1.0000, 0.9714, 0.9800, 0.9750,
        0.7718, 1.0000, 0.9667, 0.5778, 0.9000, 0.9400, 0.8333, 0.9208, 0.7889,
        0.5000, 0.9000, 0.9889, 0.4600, 0.9889, 1.0000, 0.9810, 0.9750, 0.9846,
        0.9750, 0.9667, 0.9536, 0.9000, 0.8444, 0.9000, 0.8889])
tensor([0.3333, 0.9875, 0.8147, 0.8978, 0.8318, 0.9175, 0.8067, 0.9600, 0.7844,
        0.9729, 0.9667, 0.9905, 0.9768, 0.9778, 1.0000, 0.9714, 0.9800, 0.9806,
        0.7615, 1.0000, 0.9778, 0.5778, 0.8917, 0.9667, 0.8444, 0.9125, 0.7944,
        0.5000, 0.9133, 0.9778, 0.4800, 0.9889, 1.0000, 0.9810, 0.9750, 0.9821,
        0.9750, 0.9667, 0.9464, 0.9000, 0.8556, 0.9000, 0.8667])
tensor([0.3833, 0.9847, 0.8360, 0.9444, 0.8258, 0.9063, 0.8067, 0.9711, 0.7467,
        0.9792, 0.9712, 0.9810, 0.9797, 0.9778, 1.0000, 0.9714, 0.9800, 0.9750,
        0.7641, 1.0000, 0.9778, 0.5778, 0.9000, 0.9800, 0.8333, 0.9271, 0.7889,
        0.5000, 0.8800, 0.9889, 0.5867, 0.9852, 1.0000, 0.9810, 0.9750, 0.9846,
        0.9667, 0.9667, 0.9507, 0.8889, 0.8444, 0.9000, 0.8778])
tensor([0.3000, 0.9903, 0.8280, 0.9311, 0.8182, 0.9143, 0.8000, 0.9689, 0.7289,
        0.9792, 0.9652, 0.9857, 0.9783, 0.9875, 1.0000, 0.9714, 0.9667, 0.9722,
        0.7718, 0.9833, 0.9778, 0.5778, 0.8917, 0.9533, 0.8556, 0.9187, 0.7944,
        0.5000, 0.8933, 0.9889, 0.5067, 0.9889, 1.0000, 0.9905, 0.9750, 0.9846,
        0.9667, 0.9667, 0.9493, 0.8667, 0.8444, 0.8833, 0.8889])
tensor([0.3167, 0.9903, 0.8480, 0.9400, 0.8227, 0.9190, 0.8000, 0.9622, 0.7489,
        0.9750, 0.9697, 0.9905, 0.9797, 0.9889, 1.0000, 0.9714, 0.9800, 0.9778,
        0.7769, 1.0000, 0.9778, 0.5778, 0.8833, 0.9467, 0.8778, 0.9167, 0.7667,
        0.5000, 0.9133, 0.9778, 0.4600, 0.9889, 1.0000, 0.9952, 0.9750, 0.9821,
        0.9750, 0.9667, 0.9522, 0.8889, 0.8333, 0.9000, 0.8778])
tensor([0.3167, 0.9875, 0.8413, 0.9311, 0.8288, 0.9190, 0.8000, 0.9622, 0.7667,
        0.9708, 0.9712, 0.9905, 0.9739, 0.9861, 1.0000, 0.9762, 0.9867, 0.9722,
        0.7744, 1.0000, 0.9889, 0.5778, 0.9000, 0.9533, 0.8556, 0.9125, 0.7889,
        0.5000, 0.9067, 0.9778, 0.4667, 0.9889, 1.0000, 0.9952, 0.9750, 0.9821,
        0.9750, 0.9667, 0.9522, 0.9000, 0.8444, 0.8833, 0.9111])
