tensor([1., 0., 0., 0., 0., 0., 0., 0., 0., 0., 0., 0., 0., 0., 0., 0., 0., 0.,
        0., 0., 0., 0., 0., 0., 0., 0., 0., 0., 0., 0., 0., 0., 0., 0., 0., 0.,
        0., 0., 0., 0., 0., 0., 0.])
tensor([1., 0., 0., 0., 0., 0., 0., 0., 0., 0., 0., 0., 0., 0., 0., 0., 0., 0.,
        0., 0., 0., 0., 0., 0., 0., 0., 0., 0., 0., 0., 0., 0., 0., 0., 0., 0.,
        0., 0., 0., 0., 0., 0., 0.])
tensor([1., 0., 0., 0., 0., 0., 0., 0., 0., 0., 0., 0., 0., 0., 0., 0., 0., 0.,
        0., 0., 0., 0., 0., 0., 0., 0., 0., 0., 0., 0., 0., 0., 0., 0., 0., 0.,
        0., 0., 0., 0., 0., 0., 0.])
tensor([1., 0., 0., 0., 0., 0., 0., 0., 0., 0., 0., 0., 0., 0., 0., 0., 0., 0.,
        0., 0., 0., 0., 0., 0., 0., 0., 0., 0., 0., 0., 0., 0., 0., 0., 0., 0.,
        0., 0., 0., 0., 0., 0., 0.])
tensor([1., 0., 0., 0., 0., 0., 0., 0., 0., 0., 0., 0., 0., 0., 0., 0., 0., 0.,
        0., 0., 0., 0., 0., 0., 0., 0., 0., 0., 0., 0., 0., 0., 0., 0., 0., 0.,
        0., 0., 0., 0., 0., 0., 0.])
tensor([1., 0., 0., 0., 0., 0., 0., 0., 0., 0., 0., 0., 0., 0., 0., 0., 0., 0.,
        0., 0., 0., 0., 0., 0., 0., 0., 0., 0., 0., 0., 0., 0., 0., 0., 0., 0.,
        0., 0., 0., 0., 0., 0., 0.])
tensor([1., 0., 0., 0., 0., 0., 0., 0., 0., 0., 0., 0., 0., 0., 0., 0., 0., 0.,
        0., 0., 0., 0., 0., 0., 0., 0., 0., 0., 0., 0., 0., 0., 0., 0., 0., 0.,
        0., 0., 0., 0., 0., 0., 0.])
tensor([0.3833, 0.5000, 0.0000, 0.0000, 0.0000, 0.0000, 0.0000, 0.0000, 0.0000,
        0.0000, 0.6955, 0.0000, 0.0000, 0.0000, 0.0000, 0.0000, 0.0000, 0.0000,
        0.0000, 0.0000, 0.0000, 0.0000, 0.0000, 0.0000, 0.0000, 0.0000, 0.0000,
        0.0000, 0.0000, 0.0000, 0.0000, 0.0000, 0.0000, 0.0000, 0.0000, 0.0000,
        0.0000, 0.0000, 0.0000, 0.0000, 0.0000, 0.0000, 0.0000])
tensor([1., 0., 0., 0., 0., 0., 0., 0., 0., 0., 0., 0., 0., 0., 0., 0., 0., 0.,
        0., 0., 0., 0., 0., 0., 0., 0., 0., 0., 0., 0., 0., 0., 0., 0., 0., 0.,
        0., 0., 0., 0., 0., 0., 0.])
tensor([0.3167, 0.7278, 0.0000, 0.0000, 0.0000, 0.0000, 0.0000, 0.0000, 0.0000,
        0.0000, 0.5167, 0.0000, 0.0000, 0.0000, 0.0000, 0.0000, 0.0000, 0.0000,
        0.0000, 0.0000, 0.0000, 0.0000, 0.0000, 0.0000, 0.0000, 0.0000, 0.0000,
        0.0000, 0.0000, 0.0000, 0.0000, 0.0000, 0.0000, 0.0000, 0.0000, 0.0000,
        0.0000, 0.0000, 0.0000, 0.0000, 0.0000, 0.0000, 0.0000])
tensor([1., 0., 0., 0., 0., 0., 0., 0., 0., 0., 0., 0., 0., 0., 0., 0., 0., 0.,
        0., 0., 0., 0., 0., 0., 0., 0., 0., 0., 0., 0., 0., 0., 0., 0., 0., 0.,
        0., 0., 0., 0., 0., 0., 0.])
tensor([0.5000, 0.5542, 0.0240, 0.0000, 0.0000, 0.0000, 0.0000, 0.0000, 0.0000,
        0.0000, 0.0000, 0.0000, 0.0000, 0.0000, 0.0000, 0.0000, 0.0000, 0.0000,
        0.0000, 0.0000, 0.0000, 0.0000, 0.0000, 0.0000, 0.0000, 0.0000, 0.0000,
        0.0000, 0.0000, 0.0000, 0.0000, 0.0000, 0.0000, 0.0000, 0.0000, 0.0000,
        0.0000, 0.0000, 0.0000, 0.0000, 0.0000, 0.0000, 0.0000])
tensor([1., 0., 0., 0., 0., 0., 0., 0., 0., 0., 0., 0., 0., 0., 0., 0., 0., 0.,
        0., 0., 0., 0., 0., 0., 0., 0., 0., 0., 0., 0., 0., 0., 0., 0., 0., 0.,
        0., 0., 0., 0., 0., 0., 0.])
tensor([1.0000, 0.0000, 0.0000, 0.0000, 0.0000, 0.0000, 0.0000, 0.0000, 0.0000,
        0.0000, 0.0000, 0.0000, 0.0000, 0.0000, 0.0000, 0.0000, 0.0000, 0.0000,
        0.0000, 0.0000, 0.0000, 0.0000, 0.0000, 0.0000, 0.0000, 0.0000, 0.0000,
        0.0000, 0.0000, 0.0000, 0.0000, 0.0000, 0.0000, 0.0000, 0.0000, 0.0000,
        0.0000, 0.0000, 0.3217, 0.0000, 0.0000, 0.0000, 0.0000])
tensor([0.4000, 0.3708, 0.0000, 0.0000, 0.0000, 0.0000, 0.0000, 0.0000, 0.0000,
        0.0000, 0.0000, 0.0000, 0.3362, 0.0000, 0.0000, 0.0000, 0.0000, 0.0000,
        0.0000, 0.0000, 0.0000, 0.0000, 0.0000, 0.0000, 0.0000, 0.0000, 0.0000,
        0.0000, 0.0000, 0.0000, 0.0000, 0.0000, 0.0000, 0.0000, 0.0000, 0.0000,
        0.0000, 0.0000, 0.1145, 0.0000, 0.0000, 0.0000, 0.0000])
tensor([0.8667, 0.1111, 0.0000, 0.0000, 0.0000, 0.0000, 0.0000, 0.0000, 0.0000,
        0.0000, 0.0000, 0.0000, 0.4348, 0.0000, 0.0000, 0.0000, 0.0000, 0.0000,
        0.0000, 0.0000, 0.0000, 0.0000, 0.0000, 0.0000, 0.0000, 0.0000, 0.0000,
        0.0000, 0.0000, 0.0000, 0.0000, 0.0000, 0.0000, 0.0000, 0.0000, 0.0000,
        0.0000, 0.0000, 0.6899, 0.0000, 0.0000, 0.0000, 0.0000])
tensor([0.0333, 0.3208, 0.2253, 0.0000, 0.0121, 0.0873, 0.0000, 0.0000, 0.0000,
        0.0000, 0.4758, 0.0000, 0.8072, 0.2403, 0.0000, 0.0000, 0.0000, 0.0000,
        0.0000, 0.0000, 0.0000, 0.0000, 0.0000, 0.0000, 0.0000, 0.0000, 0.0000,
        0.0000, 0.0000, 0.0000, 0.0000, 0.0000, 0.0000, 0.0000, 0.0000, 0.0000,
        0.0000, 0.0000, 0.8420, 0.0000, 0.0000, 0.0000, 0.0000])
tensor([0.8333, 0.0000, 0.0907, 0.0000, 0.0015, 0.0000, 0.0000, 0.0000, 0.0000,
        0.0000, 0.0000, 0.0000, 0.5101, 0.0000, 0.0000, 0.0000, 0.0000, 0.0000,
        0.0000, 0.0000, 0.0000, 0.0000, 0.0000, 0.0000, 0.0000, 0.0000, 0.0000,
        0.0000, 0.0000, 0.0000, 0.0000, 0.0000, 0.0000, 0.0000, 0.0000, 0.0000,
        0.0000, 0.0000, 0.6217, 0.0000, 0.0000, 0.0000, 0.0000])
tensor([0.0000, 0.7403, 0.0773, 0.0000, 0.0258, 0.0063, 0.0000, 0.0000, 0.0000,
        0.0854, 0.5318, 0.0000, 0.6507, 0.8597, 0.3926, 0.0000, 0.0000, 0.7972,
        0.0000, 0.0000, 0.0000, 0.0000, 0.0000, 0.0000, 0.0000, 0.0000, 0.0000,
        0.0000, 0.0000, 0.0000, 0.0000, 0.0000, 0.0000, 0.0000, 0.0000, 0.0000,
        0.0000, 0.0000, 0.8145, 0.0000, 0.0000, 0.0000, 0.0000])
tensor([0.9667, 0.0014, 0.0427, 0.0000, 0.0000, 0.0000, 0.0000, 0.0000, 0.0000,
        0.0000, 0.0000, 0.0000, 0.3406, 0.0000, 0.0000, 0.0000, 0.0000, 0.1472,
        0.0000, 0.0000, 0.0000, 0.0000, 0.0000, 0.0000, 0.0000, 0.0000, 0.0000,
        0.0000, 0.0000, 0.0000, 0.0000, 0.0000, 0.0000, 0.0000, 0.0000, 0.0000,
        0.0000, 0.0000, 0.3913, 0.0000, 0.0000, 0.0000, 0.0000])
tensor([0.1333, 0.0028, 0.4267, 0.0000, 0.0879, 0.1365, 0.0000, 0.0000, 0.0000,
        0.0000, 0.3606, 0.0000, 0.6101, 0.7083, 0.0222, 0.0000, 0.0000, 0.7083,
        0.0000, 0.0000, 0.0000, 0.0000, 0.0000, 0.0000, 0.0000, 0.0000, 0.0000,
        0.0000, 0.0000, 0.0000, 0.0000, 0.0000, 0.0000, 0.0000, 0.0000, 0.0000,
        0.0000, 0.0000, 0.0000, 0.0000, 0.0000, 0.0000, 0.0000])
tensor([0.0000, 0.3667, 0.2733, 0.0000, 0.2924, 0.0000, 0.0000, 0.0000, 0.0000,
        0.0979, 0.3500, 0.0000, 0.6043, 0.8083, 0.0000, 0.0000, 0.0000, 0.7417,
        0.0000, 0.0000, 0.0000, 0.0000, 0.0000, 0.0000, 0.0000, 0.0000, 0.0000,
        0.0000, 0.0000, 0.0000, 0.0000, 0.0000, 0.0000, 0.0000, 0.0000, 0.0000,
        0.0000, 0.0000, 0.8928, 0.0000, 0.0000, 0.0000, 0.0000])
tensor([0.9667, 0.0000, 0.0280, 0.0000, 0.0000, 0.0000, 0.0000, 0.0000, 0.0000,
        0.0000, 0.0015, 0.0000, 0.5029, 0.4153, 0.0000, 0.0000, 0.0000, 0.3889,
        0.0000, 0.0000, 0.0000, 0.0000, 0.0000, 0.0000, 0.0000, 0.0000, 0.0000,
        0.0000, 0.0000, 0.0000, 0.0000, 0.0000, 0.0000, 0.0000, 0.0000, 0.0000,
        0.0000, 0.0000, 0.4594, 0.0000, 0.0000, 0.0000, 0.0000])
tensor([0.0000, 0.2333, 0.5187, 0.0000, 0.0924, 0.0524, 0.0000, 0.0000, 0.0000,
        0.2479, 0.8242, 0.0238, 0.5681, 0.9917, 0.2481, 0.0000, 0.0000, 0.5333,
        0.0000, 0.0000, 0.0000, 0.0000, 0.0000, 0.0000, 0.0000, 0.0000, 0.0000,
        0.0000, 0.0000, 0.0000, 0.0000, 0.0000, 0.0000, 0.0000, 0.0000, 0.0000,
        0.0000, 0.0000, 0.6246, 0.0000, 0.0000, 0.0000, 0.0000])
tensor([0.9667, 0.0167, 0.0413, 0.0000, 0.0000, 0.0000, 0.0000, 0.0000, 0.0000,
        0.0000, 0.0000, 0.0000, 0.4493, 0.5111, 0.0000, 0.0000, 0.0000, 0.3833,
        0.0000, 0.0000, 0.0000, 0.0000, 0.0000, 0.0000, 0.0000, 0.0000, 0.0000,
        0.0000, 0.0000, 0.0000, 0.0000, 0.0000, 0.0000, 0.0000, 0.0000, 0.0000,
        0.0000, 0.0000, 0.3870, 0.0000, 0.0000, 0.0000, 0.0000])
tensor([0.1500, 0.7514, 0.0120, 0.0000, 0.0258, 0.1127, 0.0000, 0.0000, 0.0000,
        0.4000, 0.6545, 0.6643, 0.8029, 0.9097, 0.6704, 0.0000, 0.0000, 0.7750,
        0.1692, 0.0000, 0.0000, 0.0000, 0.0000, 0.0400, 0.0000, 0.0000, 0.0000,
        0.0000, 0.0000, 0.0000, 0.0000, 0.0407, 0.0000, 0.0000, 0.0000, 0.0000,
        0.0000, 0.0000, 0.0493, 0.0000, 0.0000, 0.0000, 0.0000])
tensor([0.8667, 0.1472, 0.0293, 0.0000, 0.0015, 0.0000, 0.0000, 0.0000, 0.0000,
        0.6542, 0.1833, 0.7643, 0.7971, 0.9292, 0.0519, 0.0000, 0.0000, 0.7250,
        0.0308, 0.0000, 0.0000, 0.0000, 0.0000, 0.0000, 0.0000, 0.0000, 0.0000,
        0.0000, 0.0000, 0.0000, 0.0000, 0.0000, 0.0000, 0.0000, 0.0000, 0.1308,
        0.0000, 0.0000, 0.8725, 0.0000, 0.0000, 0.0000, 0.0000])
tensor([0.9667, 0.0333, 0.0373, 0.0000, 0.0000, 0.0000, 0.0000, 0.0000, 0.0000,
        0.2042, 0.1591, 0.2857, 0.7464, 0.9417, 0.0000, 0.0143, 0.0000, 0.7028,
        0.0000, 0.0000, 0.0000, 0.0000, 0.0000, 0.1467, 0.0000, 0.0000, 0.0000,
        0.0000, 0.0000, 0.0000, 0.0000, 0.0000, 0.0000, 0.0000, 0.0000, 0.3000,
        0.0000, 0.0000, 0.5768, 0.0000, 0.0000, 0.0000, 0.0000])
tensor([0.4333, 0.2917, 0.0973, 0.0000, 0.0000, 0.0000, 0.0000, 0.0000, 0.0000,
        0.8458, 0.5015, 0.5905, 0.6014, 0.9806, 0.8407, 0.2095, 0.0000, 0.7944,
        0.0000, 0.0000, 0.0000, 0.0000, 0.0583, 0.2867, 0.0000, 0.0000, 0.0000,
        0.0000, 0.0533, 0.0000, 0.0000, 0.0000, 0.0000, 0.0000, 0.0000, 0.2769,
        0.0000, 0.0000, 0.4420, 0.0000, 0.0000, 0.0000, 0.0000])
tensor([0.8500, 0.0236, 0.1173, 0.0000, 0.0682, 0.0000, 0.0000, 0.0000, 0.0000,
        0.0833, 0.1136, 0.5286, 0.6754, 0.8639, 0.3111, 0.0333, 0.0000, 0.7361,
        0.1821, 0.0000, 0.0000, 0.0000, 0.0500, 0.3067, 0.0000, 0.0063, 0.0000,
        0.0000, 0.0133, 0.0000, 0.0000, 0.1815, 0.0000, 0.0000, 0.0000, 0.1615,
        0.0000, 0.0000, 0.5884, 0.0000, 0.0000, 0.0000, 0.0000])
tensor([0.0500, 0.3597, 0.3493, 0.0022, 0.1379, 0.0016, 0.0000, 0.0311, 0.0000,
        0.8292, 0.6076, 0.6619, 0.5768, 0.9292, 0.7333, 0.4714, 0.2667, 0.7889,
        0.4487, 0.0000, 0.0000, 0.0000, 0.6167, 0.3333, 0.0000, 0.3958, 0.0000,
        0.0000, 0.0733, 0.0000, 0.0000, 0.1889, 0.0000, 0.2714, 0.0000, 0.4308,
        0.0583, 0.0000, 0.7116, 0.6556, 0.1333, 0.1000, 0.0000])
tensor([1.0000, 0.0181, 0.0320, 0.0000, 0.0000, 0.0000, 0.0000, 0.0000, 0.0000,
        0.2688, 0.1303, 0.4476, 0.5681, 0.8861, 0.3519, 0.0667, 0.0000, 0.6417,
        0.0513, 0.0000, 0.0000, 0.0000, 0.1333, 0.1733, 0.0000, 0.0000, 0.0000,
        0.0000, 0.0000, 0.0000, 0.0000, 0.0000, 0.0000, 0.1810, 0.0000, 0.4821,
        0.0583, 0.0000, 0.7232, 0.5222, 0.0000, 0.1167, 0.0000])
tensor([0.2833, 0.4306, 0.2173, 0.0000, 0.0167, 0.0016, 0.0000, 0.0022, 0.0000,
        0.8042, 0.0803, 0.7310, 0.7261, 0.8972, 0.8222, 0.1571, 0.4267, 0.7750,
        0.5179, 0.0000, 0.0000, 0.0000, 0.6000, 0.5867, 0.0000, 0.4396, 0.0000,
        0.0000, 0.4067, 0.0000, 0.0000, 0.4519, 0.0000, 0.3333, 0.0000, 0.4538,
        0.2250, 0.0000, 0.8797, 0.3333, 0.0000, 0.5000, 0.0000])
tensor([0.9000, 0.0667, 0.1253, 0.0000, 0.0000, 0.0000, 0.0000, 0.0000, 0.0000,
        0.2896, 0.0076, 0.3405, 0.4812, 0.8625, 0.7963, 0.6571, 0.0267, 0.8278,
        0.3000, 0.0000, 0.0000, 0.0000, 0.6167, 0.3800, 0.0000, 0.0063, 0.0000,
        0.0000, 0.2267, 0.0000, 0.0000, 0.0037, 0.0000, 0.7571, 0.0167, 0.1051,
        0.3833, 0.0000, 0.5174, 0.6444, 0.0000, 0.3000, 0.0000])
tensor([0.0333, 0.5458, 0.3520, 0.0000, 0.0000, 0.0016, 0.0000, 0.0000, 0.0000,
        0.8625, 0.5924, 0.9095, 0.7391, 0.9139, 0.7667, 0.7762, 0.5400, 0.7667,
        0.5128, 0.0000, 0.0000, 0.0000, 0.7750, 0.5933, 0.0000, 0.6750, 0.0000,
        0.0000, 0.2267, 0.0000, 0.0000, 0.7037, 0.0000, 0.6762, 0.0000, 0.4718,
        0.2083, 0.1833, 0.8420, 0.6333, 0.0000, 0.5000, 0.0000])
tensor([0.8833, 0.0042, 0.0387, 0.0000, 0.2394, 0.0000, 0.0000, 0.0978, 0.0000,
        0.4604, 0.5227, 0.5976, 0.7232, 0.9472, 0.4444, 0.5714, 0.2800, 0.8306,
        0.4615, 0.0000, 0.0000, 0.0000, 0.6000, 0.3733, 0.0000, 0.2500, 0.1222,
        0.0000, 0.1667, 0.0000, 0.0000, 0.2741, 0.0000, 0.5524, 0.6250, 0.3744,
        0.3417, 0.0000, 0.7580, 0.3778, 0.0000, 0.0000, 0.0000])
tensor([0.6667, 0.1931, 0.1827, 0.0000, 0.1364, 0.1492, 0.0000, 0.0889, 0.0000,
        0.8479, 0.8848, 0.8429, 0.6971, 0.9611, 0.7407, 0.2286, 0.3400, 0.7833,
        0.3974, 0.0000, 0.0000, 0.0000, 0.4083, 0.4467, 0.0000, 0.7396, 0.0500,
        0.0000, 0.0667, 0.0000, 0.0000, 0.0593, 0.0000, 0.3429, 0.1917, 0.5795,
        0.3583, 0.0000, 0.7580, 0.4667, 0.0000, 0.0000, 0.0000])
tensor([0.8167, 0.1431, 0.0880, 0.0000, 0.0121, 0.0000, 0.0000, 0.0133, 0.0000,
        0.7667, 0.7106, 0.7595, 0.7797, 0.9417, 0.5111, 0.1095, 0.3733, 0.7861,
        0.2513, 0.0000, 0.0000, 0.0000, 0.5250, 0.5133, 0.0000, 0.4646, 0.0056,
        0.0000, 0.2600, 0.0000, 0.0000, 0.0296, 0.0000, 0.3762, 0.1000, 0.4231,
        0.6000, 0.0000, 0.6696, 0.4111, 0.0000, 0.4667, 0.0000])
tensor([0.0167, 0.2069, 0.5440, 0.1578, 0.5061, 0.2889, 0.2200, 0.0333, 0.0000,
        0.8562, 0.8606, 0.8167, 0.8348, 0.9806, 0.8556, 0.9476, 0.5600, 0.9306,
        0.5974, 0.0000, 0.0000, 0.0000, 0.9000, 0.6267, 0.0000, 0.8562, 0.2833,
        0.0000, 0.4533, 0.0667, 0.0400, 0.6259, 0.0000, 0.9190, 0.7750, 0.6769,
        0.6083, 0.0167, 0.8812, 0.6778, 0.0667, 0.4833, 0.0111])
tensor([0.9167, 0.0292, 0.1107, 0.0000, 0.2303, 0.0000, 0.0000, 0.0200, 0.0000,
        0.5000, 0.5015, 0.4190, 0.6275, 0.8736, 0.3889, 0.7762, 0.0200, 0.6861,
        0.4718, 0.0000, 0.0000, 0.0000, 0.7917, 0.4267, 0.0000, 0.5292, 0.2389,
        0.0000, 0.3267, 0.1556, 0.0000, 0.4037, 0.0000, 0.7333, 0.3500, 0.2744,
        0.2750, 0.0000, 0.7652, 0.6556, 0.0000, 0.3833, 0.0000])
tensor([0.0000, 0.5167, 0.6320, 0.3844, 0.2545, 0.3222, 0.1400, 0.0111, 0.0000,
        0.9062, 0.8697, 0.8762, 0.7870, 0.9597, 0.9481, 0.9429, 0.6667, 0.9306,
        0.5795, 0.0000, 0.0000, 0.0000, 0.9000, 0.5533, 0.0000, 0.8854, 0.3389,
        0.0000, 0.4733, 0.3667, 0.0000, 0.5741, 0.4000, 0.7476, 0.2750, 0.7103,
        0.3667, 0.0333, 0.8000, 0.6667, 0.1333, 0.5167, 0.0778])
tensor([0.9500, 0.0472, 0.0453, 0.0000, 0.0167, 0.0000, 0.0000, 0.0022, 0.0000,
        0.5708, 0.4136, 0.5429, 0.6217, 0.9042, 0.4037, 0.6524, 0.1133, 0.7139,
        0.3513, 0.0000, 0.0000, 0.0000, 0.7083, 0.4267, 0.0000, 0.4604, 0.1500,
        0.0000, 0.2933, 0.0556, 0.0000, 0.1037, 0.1333, 0.5048, 0.5917, 0.3615,
        0.5750, 0.0000, 0.6449, 0.4889, 0.0000, 0.4667, 0.0000])
tensor([0.0000, 0.3819, 0.6387, 0.4600, 0.3258, 0.3286, 0.0733, 0.0378, 0.0022,
        0.8667, 0.8636, 0.8500, 0.8493, 0.9528, 0.8481, 0.7381, 0.6800, 0.9361,
        0.6359, 0.0000, 0.0000, 0.0000, 0.9333, 0.6733, 0.0000, 0.8250, 0.4167,
        0.0000, 0.5533, 0.4111, 0.1200, 0.7111, 0.0000, 0.9048, 0.3000, 0.5667,
        0.6083, 0.0000, 0.9333, 0.6667, 0.0000, 0.6333, 0.1111])
tensor([0.7333, 0.1167, 0.2267, 0.0000, 0.5061, 0.0016, 0.0000, 0.0333, 0.0000,
        0.6438, 0.5061, 0.6024, 0.7188, 0.9000, 0.5815, 0.6476, 0.0800, 0.8778,
        0.6513, 0.0000, 0.0000, 0.0000, 0.9333, 0.5400, 0.0000, 0.6771, 0.1944,
        0.0000, 0.4467, 0.1667, 0.0000, 0.5519, 0.0000, 0.8619, 0.6250, 0.4154,
        0.4000, 0.2167, 0.8232, 0.6667, 0.0000, 0.4833, 0.0000])
tensor([0.0500, 0.5583, 0.5200, 0.0156, 0.3000, 0.0476, 0.0400, 0.0067, 0.0000,
        0.8417, 0.6288, 0.7690, 0.7145, 0.9333, 0.8926, 0.7857, 0.5267, 0.9278,
        0.4231, 0.0000, 0.0000, 0.0222, 0.9083, 0.5533, 0.0000, 0.7771, 0.4833,
        0.0000, 0.5267, 0.6667, 0.0000, 0.6222, 0.2833, 0.7810, 0.5083, 0.5436,
        0.4917, 0.4500, 0.7261, 0.6667, 0.0000, 0.4500, 0.0000])
tensor([0.7167, 0.2931, 0.2040, 0.0000, 0.0121, 0.0000, 0.0267, 0.0111, 0.0000,
        0.7542, 0.5000, 0.7690, 0.6870, 0.9278, 0.7222, 0.7429, 0.4933, 0.8639,
        0.4051, 0.0000, 0.0000, 0.0000, 0.8000, 0.5600, 0.0000, 0.6250, 0.3167,
        0.0000, 0.5067, 0.2111, 0.0000, 0.2296, 0.3667, 0.5381, 0.6000, 0.4385,
        0.5917, 0.2333, 0.6290, 0.4333, 0.0000, 0.5333, 0.0111])
tensor([0.1500, 0.2292, 0.5760, 0.2067, 0.1485, 0.1429, 0.0467, 0.0778, 0.0044,
        0.7229, 0.4561, 0.8119, 0.7304, 0.8986, 0.7185, 0.4524, 0.4667, 0.8778,
        0.4872, 0.0000, 0.0000, 0.0000, 0.7250, 0.5867, 0.0000, 0.5688, 0.3111,
        0.0333, 0.5667, 0.3000, 0.0000, 0.5222, 0.0000, 0.8429, 0.3083, 0.1974,
        0.5083, 0.1667, 0.6884, 0.5444, 0.0000, 0.6167, 0.0333])
tensor([0.2667, 0.3583, 0.5533, 0.0000, 0.6439, 0.0333, 0.0267, 0.0333, 0.0022,
        0.7854, 0.5545, 0.6167, 0.6609, 0.9583, 0.8148, 0.9667, 0.3600, 0.8972,
        0.6103, 0.0000, 0.0000, 0.0000, 0.9583, 0.5733, 0.0000, 0.8104, 0.1278,
        0.0000, 0.5133, 0.5778, 0.0000, 0.6519, 0.4167, 0.4810, 0.6750, 0.4590,
        0.5250, 0.3167, 0.7638, 0.3333, 0.0000, 0.5667, 0.0111])
tensor([0.3333, 0.5403, 0.6213, 0.1133, 0.5970, 0.0127, 0.0533, 0.0044, 0.0000,
        0.8521, 0.6197, 0.6810, 0.7899, 0.9333, 0.9148, 0.7524, 0.4933, 0.9667,
        0.6205, 0.0000, 0.0111, 0.0000, 0.9500, 0.6467, 0.0000, 0.7208, 0.3500,
        0.0000, 0.6200, 0.4444, 0.0000, 0.6741, 0.4167, 0.8429, 0.6583, 0.6641,
        0.6000, 0.7833, 0.8783, 0.7000, 0.0000, 0.5167, 0.0000])
tensor([0.2000, 0.3653, 0.7147, 0.1067, 0.5318, 0.0032, 0.0667, 0.0311, 0.0000,
        0.8479, 0.5121, 0.7476, 0.7768, 0.9431, 0.8481, 0.9667, 0.6200, 0.8944,
        0.6923, 0.0000, 0.0000, 0.0000, 0.9500, 0.7000, 0.0000, 0.6792, 0.3111,
        0.0833, 0.7200, 0.8111, 0.0000, 0.6370, 0.3333, 0.8714, 0.7083, 0.6538,
        0.6500, 0.5667, 0.8667, 0.6667, 0.0111, 0.6000, 0.0556])
tensor([0.0167, 0.6528, 0.7240, 0.1644, 0.6212, 0.0413, 0.2600, 0.0378, 0.0422,
        0.8396, 0.6091, 0.7024, 0.7652, 0.9681, 0.9000, 0.9048, 0.5800, 0.9889,
        0.6436, 0.0000, 0.0000, 0.0000, 0.9667, 0.6533, 0.0000, 0.7667, 0.4278,
        0.0000, 0.7000, 0.8444, 0.0000, 0.7593, 0.6833, 0.9000, 0.5333, 0.6128,
        0.6833, 0.7333, 0.8174, 0.6667, 0.0111, 0.6167, 0.0111])
tensor([0.3833, 0.5931, 0.4133, 0.1511, 0.5894, 0.0143, 0.3000, 0.2089, 0.1200,
        0.8188, 0.7788, 0.7857, 0.8188, 0.9306, 0.8111, 0.8952, 0.5667, 0.9722,
        0.5923, 0.0000, 0.0778, 0.0222, 0.9333, 0.6467, 0.0000, 0.7396, 0.5000,
        0.0000, 0.5533, 0.6333, 0.0000, 0.7593, 0.6167, 0.8429, 0.6083, 0.5154,
        0.7000, 0.7167, 0.7913, 0.6556, 0.0000, 0.6167, 0.0222])
tensor([0.0833, 0.7083, 0.6747, 0.4444, 0.7939, 0.3889, 0.5600, 0.4711, 0.2289,
        0.8604, 0.8152, 0.8333, 0.8464, 0.9222, 0.8704, 0.6905, 0.7200, 0.9750,
        0.7205, 0.0000, 0.0333, 0.0111, 0.9583, 0.6933, 0.0000, 0.7542, 0.5000,
        0.0333, 0.6333, 0.7556, 0.0267, 0.7630, 0.6667, 0.9476, 0.6417, 0.7872,
        0.7333, 0.7667, 0.8971, 0.7111, 0.2222, 0.6167, 0.2111])
tensor([0.5333, 0.5181, 0.5627, 0.3311, 0.6985, 0.2302, 0.4467, 0.4867, 0.0533,
        0.8000, 0.7727, 0.7738, 0.7855, 0.8861, 0.7111, 0.7238, 0.5800, 0.9667,
        0.6359, 0.0000, 0.0000, 0.1000, 0.9333, 0.5133, 0.0000, 0.7021, 0.4333,
        0.0000, 0.5000, 0.6333, 0.0000, 0.6037, 0.5000, 0.8286, 0.6500, 0.7231,
        0.6833, 0.6667, 0.8420, 0.6222, 0.0333, 0.6167, 0.2889])
tensor([0.0500, 0.7875, 0.7067, 0.6333, 0.7530, 0.4714, 0.5933, 0.3378, 0.2089,
        0.8708, 0.9045, 0.8000, 0.8478, 0.9722, 0.9407, 0.7476, 0.6933, 0.9889,
        0.6256, 0.0000, 0.0444, 0.0889, 0.9667, 0.6467, 0.0222, 0.8146, 0.5278,
        0.0000, 0.5933, 0.8778, 0.0200, 0.8370, 0.7667, 0.8381, 0.7083, 0.7692,
        0.7500, 0.7667, 0.8362, 0.6222, 0.0889, 0.5833, 0.1778])
tensor([0.5667, 0.4903, 0.4760, 0.3378, 0.5727, 0.0397, 0.3267, 0.1000, 0.0689,
        0.7854, 0.7136, 0.6762, 0.7899, 0.9389, 0.8630, 0.9619, 0.5200, 0.9528,
        0.5974, 0.0000, 0.0444, 0.0222, 0.9500, 0.6133, 0.0000, 0.7542, 0.3944,
        0.0000, 0.5867, 0.6556, 0.0000, 0.6148, 0.7167, 0.7429, 0.8167, 0.5205,
        0.6833, 0.6333, 0.7493, 0.6333, 0.0000, 0.6000, 0.0889])
tensor([0.0167, 0.8278, 0.8040, 0.7867, 0.8379, 0.3540, 0.6067, 0.1378, 0.2467,
        0.9521, 0.8727, 0.7833, 0.8507, 0.9875, 0.9815, 0.9667, 0.8200, 0.9889,
        0.6974, 0.0000, 0.0556, 0.0222, 0.9750, 0.7600, 0.0111, 0.8708, 0.4389,
        0.0500, 0.7600, 0.9444, 0.0733, 0.8407, 0.8833, 0.9048, 0.6833, 0.7718,
        0.7250, 0.8167, 0.8464, 0.6889, 0.0889, 0.5833, 0.0444])
tensor([0.7833, 0.4681, 0.6773, 0.4089, 0.5136, 0.0175, 0.3067, 0.0311, 0.0156,
        0.8146, 0.6182, 0.6714, 0.7551, 0.9236, 0.8407, 0.9048, 0.4600, 0.9667,
        0.6051, 0.0000, 0.0000, 0.0222, 0.9583, 0.5067, 0.0000, 0.6812, 0.3833,
        0.0000, 0.6267, 0.7444, 0.0000, 0.3370, 0.7167, 0.7095, 0.8333, 0.6436,
        0.6833, 0.6167, 0.7536, 0.6333, 0.0111, 0.5167, 0.1556])
tensor([0.0000, 0.7861, 0.9200, 0.7311, 0.7136, 0.3698, 0.6267, 0.1867, 0.1644,
        0.9979, 0.9242, 0.8167, 0.8464, 0.9847, 0.9815, 0.7143, 0.8800, 0.9944,
        0.6590, 0.0000, 0.0000, 0.2667, 0.9833, 0.6933, 0.2111, 0.8313, 0.5444,
        0.0500, 0.7600, 0.9222, 0.0200, 0.8778, 0.9000, 0.8095, 0.7417, 0.8282,
        0.7167, 0.8167, 0.8493, 0.9333, 0.1556, 0.5167, 0.3778])
tensor([0.7833, 0.3639, 0.6880, 0.3911, 0.4439, 0.0254, 0.3000, 0.1622, 0.0378,
        0.7604, 0.6606, 0.5976, 0.6826, 0.8681, 0.6519, 0.8857, 0.3600, 0.9278,
        0.5667, 0.0000, 0.0000, 0.0000, 0.9333, 0.5267, 0.0000, 0.6438, 0.4000,
        0.0000, 0.6333, 0.6111, 0.0000, 0.5444, 0.5667, 0.7000, 0.6917, 0.4359,
        0.6250, 0.5833, 0.7217, 0.6000, 0.0000, 0.5000, 0.3222])
tensor([0.0000, 0.8278, 0.8360, 0.7178, 0.6515, 0.5302, 0.5533, 0.1889, 0.6000,
        0.8604, 0.8697, 0.8095, 0.8638, 0.9889, 0.9889, 0.9667, 0.6800, 0.9972,
        0.6205, 0.0000, 0.4778, 0.0000, 0.9667, 0.7267, 0.0000, 0.8771, 0.5611,
        0.0167, 0.7067, 0.9444, 0.1067, 0.8630, 0.9000, 0.9143, 0.6167, 0.5564,
        0.7167, 0.7333, 0.7913, 0.6667, 0.0111, 0.5333, 0.0333])
tensor([0.9833, 0.2639, 0.3280, 0.2222, 0.3667, 0.0238, 0.1600, 0.0711, 0.0867,
        0.6396, 0.3924, 0.4452, 0.6725, 0.9069, 0.5593, 0.9524, 0.2733, 0.9139,
        0.5359, 0.0000, 0.0889, 0.0111, 0.8667, 0.4933, 0.0000, 0.6771, 0.3667,
        0.0000, 0.5467, 0.4889, 0.0000, 0.1963, 0.8167, 0.7048, 0.7917, 0.3769,
        0.5000, 0.5833, 0.6522, 0.6222, 0.0000, 0.5333, 0.0444])
tensor([0.0000, 0.8667, 0.8640, 0.8044, 0.8939, 0.6317, 0.6800, 0.2778, 0.5378,
        0.8708, 0.9364, 0.8095, 0.8739, 0.9903, 0.9630, 0.7524, 0.8400, 0.9861,
        0.7231, 0.0000, 0.2111, 0.3889, 0.9667, 0.7267, 0.0889, 0.9104, 0.6667,
        0.1833, 0.7333, 0.9222, 0.1800, 0.9000, 0.9167, 0.8905, 0.6333, 0.7359,
        0.7750, 0.9167, 0.8667, 0.6667, 0.0444, 0.5167, 0.1556])
tensor([0.9500, 0.3458, 0.7413, 0.5867, 0.5697, 0.2222, 0.3400, 0.3311, 0.0756,
        0.7854, 0.6288, 0.7405, 0.7203, 0.8597, 0.7963, 0.7476, 0.4533, 0.9722,
        0.6718, 0.0000, 0.0667, 0.0667, 0.9333, 0.5067, 0.0000, 0.6396, 0.4000,
        0.0333, 0.7067, 0.7778, 0.0000, 0.4370, 0.5667, 0.7381, 0.8500, 0.6795,
        0.5833, 0.5833, 0.8391, 0.6556, 0.0444, 0.4833, 0.3333])
tensor([0.0833, 0.8361, 0.8800, 0.7444, 0.6333, 0.6730, 0.6133, 0.3511, 0.3511,
        0.9917, 0.9379, 0.7881, 0.8449, 0.9792, 0.9370, 0.6524, 0.8467, 0.9972,
        0.6308, 0.0000, 0.0889, 0.4667, 0.9667, 0.6267, 0.2556, 0.7979, 0.5389,
        0.0333, 0.6667, 0.9222, 0.0067, 0.8407, 0.8667, 0.8619, 0.8833, 0.7795,
        0.7417, 0.7833, 0.8522, 0.6667, 0.1778, 0.5000, 0.6111])
tensor([0.7000, 0.5556, 0.7853, 0.6711, 0.6652, 0.2857, 0.3733, 0.3622, 0.2578,
        0.8125, 0.8530, 0.7071, 0.7884, 0.9167, 0.7593, 0.9190, 0.5800, 0.9222,
        0.6231, 0.0000, 0.1778, 0.0778, 0.9500, 0.6133, 0.0000, 0.7625, 0.4722,
        0.0333, 0.6267, 0.7333, 0.0000, 0.7519, 0.7667, 0.6619, 0.7667, 0.5077,
        0.6750, 0.7333, 0.8116, 0.6000, 0.1444, 0.5167, 0.6000])
tensor([0.3833, 0.7819, 0.8333, 0.7689, 0.8818, 0.6079, 0.6600, 0.2378, 0.6867,
        0.9854, 0.8455, 0.6833, 0.8565, 0.9889, 0.9815, 0.9238, 0.7733, 0.9917,
        0.7154, 0.0000, 0.5667, 0.0222, 0.9750, 0.7067, 0.0556, 0.8521, 0.5167,
        0.0000, 0.7600, 0.9444, 0.0533, 0.8593, 0.8667, 0.8714, 0.8250, 0.8103,
        0.7167, 0.8667, 0.8710, 0.7667, 0.1000, 0.5500, 0.3000])
tensor([0.7167, 0.6319, 0.6453, 0.3667, 0.4985, 0.0984, 0.2333, 0.0667, 0.1778,
        0.8292, 0.6909, 0.5500, 0.7290, 0.9375, 0.8037, 0.9619, 0.5600, 0.9389,
        0.5462, 0.0000, 0.3333, 0.3333, 0.9250, 0.6067, 0.0000, 0.7729, 0.5278,
        0.0000, 0.6000, 0.6000, 0.0000, 0.4889, 0.8333, 0.6857, 0.8083, 0.4410,
        0.7083, 0.6667, 0.7130, 0.6667, 0.0000, 0.5167, 0.1778])
tensor([0.3667, 0.8278, 0.7707, 0.7156, 0.8470, 0.3317, 0.4067, 0.0956, 0.4600,
        0.9750, 0.7667, 0.7405, 0.8638, 0.9903, 0.9815, 0.9667, 0.8467, 0.9889,
        0.5615, 0.0000, 0.5556, 0.0556, 0.9667, 0.6933, 0.0000, 0.8646, 0.6278,
        0.0833, 0.7133, 0.9444, 0.0000, 0.7111, 1.0000, 0.8048, 0.7833, 0.5949,
        0.7000, 0.7667, 0.7507, 0.6667, 0.0000, 0.6000, 0.0222])
tensor([0.8167, 0.7333, 0.6720, 0.7778, 0.7591, 0.0762, 0.5667, 0.2044, 0.2889,
        0.8813, 0.7015, 0.7333, 0.8000, 0.9278, 0.8333, 0.6667, 0.6400, 0.9583,
        0.6436, 0.0000, 0.1889, 0.3889, 0.9333, 0.5800, 0.0000, 0.6896, 0.5500,
        0.0500, 0.6867, 0.8111, 0.0000, 0.4519, 0.8333, 0.7714, 0.7667, 0.6846,
        0.7250, 0.8000, 0.6783, 0.6333, 0.0222, 0.4833, 0.5667])
tensor([0.0500, 0.8764, 0.8427, 0.6667, 0.8015, 0.6111, 0.4533, 0.5133, 0.7533,
        0.8500, 0.6924, 0.8214, 0.8275, 0.9472, 0.8481, 0.9333, 0.7667, 0.9889,
        0.8051, 0.0000, 0.5444, 0.1556, 0.9583, 0.6400, 0.2333, 0.6979, 0.4889,
        0.2167, 0.8067, 0.9778, 0.1867, 0.7481, 0.9000, 0.9048, 0.8667, 0.7897,
        0.6417, 0.8667, 0.9159, 0.6889, 0.5000, 0.5833, 0.6000])
tensor([0.9833, 0.5750, 0.7373, 0.4089, 0.6985, 0.1683, 0.4667, 0.4089, 0.3689,
        0.7854, 0.7379, 0.6238, 0.7217, 0.8097, 0.5556, 0.6571, 0.5667, 0.9000,
        0.7487, 0.0000, 0.3000, 0.0667, 0.9333, 0.5667, 0.0111, 0.6854, 0.3667,
        0.1667, 0.7400, 0.7667, 0.0000, 0.6444, 0.7167, 0.7524, 0.6750, 0.6718,
        0.6583, 0.8167, 0.8696, 0.6667, 0.1333, 0.5833, 0.5778])
tensor([0.1333, 0.8889, 0.8227, 0.6044, 0.7318, 0.3746, 0.5133, 0.1444, 0.5644,
        0.9187, 0.8000, 0.7310, 0.8725, 0.9917, 0.9889, 0.8429, 0.7067, 0.9972,
        0.5872, 0.0000, 0.5778, 0.1778, 0.9583, 0.7000, 0.0111, 0.8521, 0.7444,
        0.0000, 0.7133, 0.9444, 0.0000, 0.8111, 1.0000, 0.8571, 0.7417, 0.7436,
        0.8083, 0.8500, 0.7536, 0.6667, 0.1222, 0.4833, 0.1444])
tensor([0.9667, 0.6139, 0.6360, 0.8133, 0.7348, 0.1381, 0.5267, 0.3489, 0.6644,
        0.8188, 0.6485, 0.7190, 0.8275, 0.9375, 0.6037, 0.7143, 0.4933, 0.9556,
        0.5667, 0.0000, 0.5111, 0.3556, 0.9167, 0.4867, 0.0000, 0.6583, 0.5833,
        0.0000, 0.6600, 0.8444, 0.0000, 0.3556, 0.8667, 0.7857, 0.7917, 0.5513,
        0.6167, 0.7167, 0.7203, 0.6556, 0.0000, 0.5667, 0.4111])
tensor([0.0667, 0.8819, 0.9200, 0.7444, 0.9167, 0.6286, 0.6600, 0.4911, 0.8022,
        0.8896, 0.8788, 0.8000, 0.8507, 0.9639, 0.9778, 0.7429, 0.8267, 0.9972,
        0.7949, 0.0000, 0.5889, 0.1444, 0.9667, 0.7133, 0.2778, 0.8375, 0.6056,
        0.2167, 0.7800, 0.9889, 0.4200, 0.9222, 0.9833, 0.9048, 0.9000, 0.8308,
        0.7583, 0.9000, 0.9188, 0.9111, 0.5667, 0.5500, 0.6444])
tensor([0.9833, 0.4500, 0.7307, 0.5667, 0.7106, 0.2587, 0.4267, 0.4600, 0.6511,
        0.7812, 0.7424, 0.6333, 0.7275, 0.8167, 0.5519, 0.6095, 0.5467, 0.9222,
        0.6974, 0.0000, 0.5333, 0.2111, 0.9083, 0.5267, 0.0333, 0.5938, 0.5167,
        0.0333, 0.6533, 0.3778, 0.0000, 0.4519, 0.6000, 0.7857, 0.7083, 0.6231,
        0.5917, 0.6833, 0.7942, 0.6444, 0.5222, 0.5167, 0.5556])
tensor([0.4167, 0.8792, 0.9307, 0.7267, 0.9152, 0.6016, 0.7067, 0.5311, 0.7889,
        0.9896, 0.9333, 0.7833, 0.8797, 0.9889, 0.9778, 0.6190, 0.8933, 0.9972,
        0.7718, 0.1333, 0.5778, 0.2556, 0.9833, 0.7533, 0.4333, 0.8542, 0.7222,
        0.1167, 0.7533, 0.9556, 0.1400, 0.9407, 0.9333, 0.8667, 0.8833, 0.8462,
        0.7750, 0.8833, 0.9000, 0.9556, 0.5222, 0.5000, 0.5778])
tensor([0.9667, 0.5347, 0.7520, 0.6378, 0.7303, 0.3667, 0.4067, 0.4711, 0.6644,
        0.7937, 0.7879, 0.6714, 0.7971, 0.8861, 0.6667, 0.8476, 0.4667, 0.9111,
        0.6667, 0.0000, 0.4778, 0.3444, 0.9167, 0.4867, 0.0000, 0.6458, 0.6056,
        0.0000, 0.6133, 0.3556, 0.0000, 0.5481, 0.6167, 0.8048, 0.7167, 0.4436,
        0.5833, 0.7000, 0.7812, 0.6556, 0.5111, 0.5333, 0.5778])
tensor([0.6500, 0.8625, 0.8893, 0.7222, 0.9136, 0.7175, 0.5667, 0.5156, 0.7622,
        0.8542, 0.8924, 0.7500, 0.8464, 0.9708, 0.9111, 0.6619, 0.7600, 0.9972,
        0.7846, 0.0333, 0.7222, 0.1778, 0.9833, 0.7067, 0.3111, 0.8542, 0.6278,
        0.1333, 0.6800, 0.9778, 0.1867, 0.9074, 0.9000, 0.8762, 0.9083, 0.8026,
        0.7583, 0.9167, 0.8681, 0.6556, 0.7333, 0.5000, 0.5667])
tensor([0.9833, 0.4986, 0.7413, 0.5533, 0.7227, 0.5413, 0.3800, 0.5200, 0.4600,
        0.7375, 0.8076, 0.6119, 0.7826, 0.8806, 0.5519, 0.7476, 0.4467, 0.8361,
        0.7564, 0.0000, 0.4778, 0.3111, 0.9167, 0.5000, 0.0333, 0.7312, 0.4889,
        0.0333, 0.5800, 0.5667, 0.0000, 0.5148, 0.6333, 0.7810, 0.8000, 0.5718,
        0.5250, 0.4833, 0.8609, 0.6444, 0.5111, 0.5500, 0.6444])
tensor([0.9167, 0.7653, 0.8933, 0.6711, 0.9273, 0.6349, 0.5467, 0.4533, 0.6956,
        0.9833, 0.8742, 0.6881, 0.8304, 0.9653, 0.8037, 0.6048, 0.7867, 0.9972,
        0.7846, 0.0333, 0.6444, 0.2333, 0.9750, 0.6933, 0.4222, 0.8479, 0.5778,
        0.2833, 0.7200, 0.9333, 0.0333, 0.8741, 0.8333, 0.8524, 0.8833, 0.8615,
        0.7583, 0.9167, 0.8536, 0.9111, 0.7000, 0.4667, 0.5889])
tensor([0.9667, 0.6653, 0.8320, 0.6733, 0.8636, 0.4571, 0.5533, 0.3556, 0.3822,
        0.9021, 0.8333, 0.6286, 0.8159, 0.9375, 0.7926, 0.9524, 0.6200, 0.8806,
        0.7821, 0.0000, 0.5111, 0.4556, 0.9250, 0.6267, 0.0778, 0.7542, 0.5778,
        0.3167, 0.6933, 0.4111, 0.0000, 0.7333, 0.8167, 0.8429, 0.7917, 0.7154,
        0.6833, 0.6833, 0.8696, 0.6889, 0.5889, 0.6000, 0.6667])
tensor([0.9000, 0.8361, 0.8333, 0.8422, 0.8712, 0.5937, 0.6533, 0.1422, 0.5844,
        0.9896, 0.8348, 0.7095, 0.8652, 0.9889, 0.9889, 0.9667, 0.7600, 1.0000,
        0.6590, 0.1167, 0.6556, 0.2333, 0.9750, 0.7133, 0.1333, 0.9042, 0.7167,
        0.0833, 0.7267, 0.9556, 0.0667, 0.8778, 0.9167, 0.8381, 0.9583, 0.7744,
        0.7500, 0.8500, 0.8420, 0.6556, 0.3667, 0.6167, 0.5222])
tensor([0.9000, 0.7653, 0.7467, 0.7911, 0.7136, 0.2270, 0.3867, 0.2911, 0.4400,
        0.9104, 0.7212, 0.7095, 0.8565, 0.9625, 0.8815, 0.9286, 0.5800, 0.9278,
        0.5769, 0.0000, 0.4111, 0.4556, 0.9250, 0.6200, 0.0000, 0.7771, 0.6556,
        0.0333, 0.6533, 0.6111, 0.0000, 0.5704, 0.9000, 0.7714, 0.8500, 0.5513,
        0.7167, 0.6333, 0.6928, 0.6556, 0.1778, 0.5167, 0.2333])
tensor([0.7833, 0.8569, 0.8400, 0.8289, 0.7833, 0.6508, 0.4733, 0.4844, 0.6844,
        0.8521, 0.6470, 0.8048, 0.8565, 0.9514, 0.7407, 0.8190, 0.6667, 0.9833,
        0.6821, 0.0333, 0.7000, 0.4000, 0.9417, 0.6267, 0.0889, 0.7896, 0.7556,
        0.1667, 0.7667, 1.0000, 0.0200, 0.6259, 0.7667, 0.8857, 0.8667, 0.7308,
        0.7583, 0.8333, 0.8333, 0.6444, 0.4333, 0.5500, 0.5889])
tensor([0.9667, 0.7111, 0.8760, 0.8000, 0.8697, 0.5651, 0.6467, 0.6400, 0.7133,
        0.8729, 0.8788, 0.6571, 0.7652, 0.9333, 0.7630, 0.7571, 0.6600, 0.9528,
        0.8154, 0.0000, 0.4000, 0.3222, 0.9583, 0.6667, 0.1667, 0.7271, 0.4444,
        0.2333, 0.7200, 0.7778, 0.1933, 0.9259, 0.8667, 0.8476, 0.9083, 0.7795,
        0.6417, 0.8833, 0.9087, 0.7111, 0.4333, 0.6000, 0.6222])
tensor([0.8833, 0.8625, 0.9053, 0.8711, 0.8621, 0.6238, 0.6667, 0.5556, 0.8222,
        0.9896, 0.8576, 0.7405, 0.8971, 0.9736, 0.9815, 0.8714, 0.8267, 0.9944,
        0.6769, 0.2167, 0.7222, 0.3222, 0.9583, 0.7533, 0.1778, 0.7646, 0.8111,
        0.0333, 0.7867, 0.8667, 0.0800, 0.8778, 0.8167, 0.9095, 0.8667, 0.7949,
        0.7667, 0.9000, 0.8594, 0.9111, 0.5889, 0.5000, 0.5667])
tensor([0.9500, 0.8000, 0.8187, 0.8111, 0.7030, 0.5016, 0.5800, 0.5044, 0.6444,
        0.9708, 0.8848, 0.7714, 0.8710, 0.9639, 0.9000, 0.9429, 0.7267, 0.9889,
        0.5949, 0.0333, 0.5667, 0.4111, 0.9417, 0.6200, 0.0667, 0.7708, 0.6667,
        0.1000, 0.6667, 0.9333, 0.0133, 0.7259, 0.9000, 0.8524, 0.8917, 0.4769,
        0.7333, 0.7500, 0.7841, 0.6444, 0.4556, 0.5167, 0.6222])
tensor([0.9000, 0.8208, 0.8947, 0.9111, 0.8439, 0.6254, 0.6200, 0.6467, 0.7756,
        0.9646, 0.8788, 0.7952, 0.8710, 0.9514, 0.9667, 0.8571, 0.7400, 0.9917,
        0.6333, 0.0333, 0.7111, 0.4889, 0.9500, 0.6800, 0.1667, 0.7750, 0.8500,
        0.2667, 0.7067, 0.9111, 0.2800, 0.8593, 0.8667, 0.9048, 0.8667, 0.7564,
        0.7667, 0.8667, 0.7710, 0.6556, 0.4556, 0.4500, 0.6333])
tensor([0.9000, 0.7042, 0.8493, 0.8400, 0.6061, 0.6016, 0.6267, 0.5444, 0.7933,
        0.8250, 0.8576, 0.7595, 0.8725, 0.9403, 0.9259, 0.9476, 0.5800, 0.9833,
        0.6436, 0.0333, 0.7889, 0.3556, 0.9083, 0.6600, 0.0111, 0.7167, 0.8056,
        0.0000, 0.6867, 0.8556, 0.3267, 0.8370, 0.8667, 0.8905, 0.8917, 0.6410,
        0.7333, 0.8167, 0.8638, 0.6556, 0.5111, 0.6000, 0.4333])
tensor([0.9667, 0.7236, 0.8560, 0.8867, 0.8061, 0.5714, 0.7133, 0.6778, 0.8511,
        0.9792, 0.9091, 0.7952, 0.9072, 0.9694, 0.9667, 0.6381, 0.7800, 0.9972,
        0.6487, 0.2000, 0.7222, 0.3333, 0.9583, 0.6733, 0.1000, 0.7812, 0.8556,
        0.0333, 0.6600, 0.9222, 0.0933, 0.9074, 0.7500, 0.9143, 0.8500, 0.7000,
        0.7583, 0.8500, 0.7855, 0.6333, 0.4000, 0.3500, 0.4333])
tensor([0.8833, 0.7861, 0.8307, 0.8667, 0.7803, 0.6667, 0.6600, 0.7156, 0.7911,
        0.9854, 0.9061, 0.7810, 0.8783, 0.9486, 0.9667, 0.8524, 0.7333, 0.9972,
        0.5641, 0.0500, 0.7222, 0.5111, 0.9417, 0.6467, 0.0222, 0.7729, 0.9333,
        0.0667, 0.6667, 0.7667, 0.0667, 0.8296, 0.8333, 0.9238, 0.8833, 0.5538,
        0.7583, 0.7333, 0.8188, 0.6556, 0.4556, 0.4667, 0.6000])
tensor([0.9000, 0.8208, 0.8800, 0.8778, 0.9030, 0.6587, 0.7000, 0.8044, 0.8133,
        0.9792, 0.9348, 0.8071, 0.8884, 0.9639, 0.9778, 0.8952, 0.8133, 0.9972,
        0.6821, 0.0667, 0.7333, 0.4111, 0.9500, 0.6733, 0.2333, 0.8417, 0.8667,
        0.2167, 0.7200, 0.9000, 0.1333, 0.8926, 0.8167, 0.9048, 0.8917, 0.7641,
        0.7750, 0.8667, 0.8174, 0.6556, 0.4667, 0.5333, 0.6000])
tensor([0.9167, 0.7194, 0.7787, 0.8756, 0.8242, 0.7063, 0.6400, 0.6933, 0.7911,
        0.9229, 0.8803, 0.7333, 0.8710, 0.9125, 0.9630, 0.8333, 0.5333, 0.9611,
        0.6897, 0.0167, 0.7222, 0.4667, 0.9167, 0.5867, 0.0778, 0.7542, 0.8000,
        0.0667, 0.6867, 0.5778, 0.0867, 0.8259, 0.6333, 0.8429, 0.8333, 0.6462,
        0.7583, 0.5333, 0.7942, 0.6222, 0.4667, 0.5167, 0.5778])
tensor([0.9000, 0.8375, 0.8960, 0.8689, 0.9348, 0.7476, 0.7333, 0.7178, 0.8222,
        0.9750, 0.9470, 0.7929, 0.9043, 0.9833, 0.9778, 0.8238, 0.8600, 0.9972,
        0.7872, 0.0667, 0.7222, 0.3556, 0.9583, 0.6733, 0.5444, 0.8958, 0.7778,
        0.1333, 0.7067, 0.9778, 0.3667, 0.9556, 0.9000, 0.9048, 0.9583, 0.8154,
        0.7583, 0.8667, 0.8841, 0.7889, 0.5333, 0.5333, 0.6444])
tensor([0.9167, 0.6681, 0.7947, 0.8333, 0.8652, 0.5968, 0.3800, 0.5800, 0.7622,
        0.8313, 0.8500, 0.6476, 0.7522, 0.8778, 0.8519, 0.7905, 0.4133, 0.8833,
        0.6821, 0.0500, 0.6889, 0.4667, 0.8833, 0.5533, 0.0667, 0.6646, 0.8833,
        0.0333, 0.6533, 0.3000, 0.1067, 0.6815, 0.5667, 0.8667, 0.8333, 0.6590,
        0.7000, 0.5167, 0.8058, 0.6556, 0.4889, 0.5500, 0.5444])
tensor([0.8667, 0.8264, 0.8920, 0.8378, 0.9318, 0.6714, 0.7267, 0.5289, 0.7156,
        0.9563, 0.9318, 0.7905, 0.9145, 0.9847, 0.9778, 0.7619, 0.7067, 0.9972,
        0.7154, 0.0500, 0.7556, 0.3444, 0.9583, 0.6733, 0.1222, 0.9062, 0.9333,
        0.0833, 0.6667, 0.9556, 0.2333, 0.9444, 0.9833, 0.9095, 0.9333, 0.7641,
        0.7667, 0.8167, 0.8449, 0.6667, 0.4444, 0.5000, 0.3889])
tensor([0.9333, 0.6708, 0.7747, 0.8289, 0.7545, 0.4540, 0.2133, 0.4267, 0.7022,
        0.8458, 0.8242, 0.6238, 0.8101, 0.9069, 0.8074, 0.5524, 0.3133, 0.9222,
        0.5256, 0.0333, 0.6333, 0.4556, 0.8917, 0.5467, 0.0000, 0.6333, 0.8389,
        0.0333, 0.6800, 0.4222, 0.0133, 0.5630, 0.5500, 0.8524, 0.7333, 0.5154,
        0.6417, 0.3833, 0.6826, 0.6111, 0.4111, 0.5500, 0.3444])
tensor([0.8667, 0.8625, 0.8800, 0.8600, 0.9242, 0.7175, 0.7133, 0.5111, 0.7511,
        0.9646, 0.9455, 0.8167, 0.9145, 0.9875, 0.9889, 0.9143, 0.7200, 0.9972,
        0.6923, 0.0333, 0.7444, 0.4222, 0.9583, 0.6733, 0.1444, 0.8979, 0.9278,
        0.1000, 0.6800, 0.9778, 0.2867, 0.9556, 0.9667, 0.8952, 0.9417, 0.7333,
        0.7917, 0.7833, 0.8391, 0.6667, 0.4778, 0.4333, 0.4556])
tensor([0.9333, 0.6931, 0.8507, 0.9133, 0.7742, 0.6476, 0.4933, 0.7289, 0.8356,
        0.9354, 0.8818, 0.7643, 0.8072, 0.8694, 0.9111, 0.8190, 0.5000, 0.8833,
        0.6128, 0.0500, 0.7222, 0.4333, 0.9000, 0.5467, 0.1222, 0.6708, 0.8444,
        0.1833, 0.7067, 0.4889, 0.0667, 0.5556, 0.6000, 0.8619, 0.7667, 0.6718,
        0.6750, 0.5500, 0.7116, 0.4222, 0.2667, 0.5333, 0.5556])
