tensor([0.0000, 0.4306, 0.2813, 0.0000, 0.0000, 0.0000, 0.0000, 0.0000, 0.0000,
        0.0000, 0.8318, 0.0000, 0.0638, 0.0736, 0.0000, 0.0000, 0.0000, 0.0000,
        0.0000, 0.0000, 0.0000, 0.0000, 0.0000, 0.0000, 0.0000, 0.0000, 0.0000,
        0.0000, 0.0000, 0.0000, 0.0000, 0.0000, 0.0000, 0.0000, 0.0000, 0.0000,
        0.0000, 0.0000, 0.0000, 0.0000, 0.0000, 0.0000, 0.0000])
tensor([0.0000, 0.3056, 0.4187, 0.0000, 0.0152, 0.1825, 0.0000, 0.0000, 0.0000,
        0.0000, 0.7015, 0.0000, 0.6725, 0.6056, 0.0630, 0.0000, 0.0000, 0.7583,
        0.0000, 0.0000, 0.0000, 0.0000, 0.0000, 0.0000, 0.0000, 0.0000, 0.0000,
        0.0000, 0.0000, 0.0000, 0.0000, 0.0000, 0.0000, 0.0000, 0.0000, 0.1205,
        0.0000, 0.0000, 0.4362, 0.0000, 0.0000, 0.0000, 0.0000])
tensor([0.0000, 0.3278, 0.2747, 0.1289, 0.2242, 0.1937, 0.3733, 0.2600, 0.0089,
        0.4542, 0.8212, 0.7690, 0.7913, 0.9014, 0.7889, 0.2048, 0.4933, 0.8278,
        0.4974, 0.0000, 0.0000, 0.0778, 0.1583, 0.0000, 0.0000, 0.5333, 0.0000,
        0.0000, 0.0000, 0.0000, 0.0200, 0.2111, 0.0000, 0.0000, 0.0000, 0.3026,
        0.0000, 0.0000, 0.8797, 0.0000, 0.0000, 0.0000, 0.0000])
tensor([0.0000, 0.5389, 0.3040, 0.4311, 0.4258, 0.2048, 0.4200, 0.5600, 0.1422,
        0.7312, 0.8439, 0.7048, 0.8174, 0.9278, 0.9074, 0.2952, 0.7267, 0.8889,
        0.5667, 0.0000, 0.0000, 0.0444, 0.8167, 0.0867, 0.0000, 0.7812, 0.1944,
        0.0000, 0.1600, 0.0000, 0.0600, 0.7222, 0.2333, 0.1333, 0.0083, 0.4769,
        0.0000, 0.0833, 0.9159, 0.3000, 0.2444, 0.2667, 0.3000])
tensor([0.0000, 0.6514, 0.4707, 0.7156, 0.7106, 0.4079, 0.5067, 0.6556, 0.3156,
        0.8083, 0.8530, 0.7286, 0.8420, 0.9472, 0.9481, 0.6333, 0.9000, 0.9389,
        0.6641, 0.0000, 0.2000, 0.3000, 0.8750, 0.2133, 0.0000, 0.8146, 0.0944,
        0.2167, 0.4400, 0.2889, 0.1600, 0.8000, 0.4833, 0.8286, 0.7083, 0.7538,
        0.6500, 0.7667, 0.9130, 0.5667, 0.4556, 0.5167, 0.4000])
tensor([0.0000, 0.7153, 0.7373, 0.8044, 0.7864, 0.6063, 0.6067, 0.7311, 0.4889,
        0.9167, 0.9121, 0.7762, 0.8478, 0.9556, 0.9778, 0.7048, 0.9400, 0.9806,
        0.6308, 0.0333, 0.2778, 0.5222, 0.9250, 0.2533, 0.2000, 0.8500, 0.2056,
        0.3500, 0.5467, 0.5778, 0.3467, 0.8741, 0.6333, 0.8952, 0.8583, 0.8359,
        0.7167, 0.7833, 0.9449, 0.7222, 0.5222, 0.6500, 0.8333])
tensor([0.1333, 0.7611, 0.8080, 0.8400, 0.8303, 0.7079, 0.6200, 0.7889, 0.6889,
        0.9479, 0.9485, 0.7643, 0.8536, 0.9611, 0.9926, 0.8429, 0.9600, 0.9833,
        0.6231, 0.1667, 0.5556, 0.5333, 0.9417, 0.4933, 0.3222, 0.8729, 0.3333,
        0.4000, 0.5267, 0.8444, 0.4467, 0.8926, 0.5500, 0.8714, 0.8750, 0.9282,
        0.7583, 0.8167, 0.9667, 0.8111, 0.5556, 0.7000, 0.9000])
tensor([0.1333, 0.8333, 0.8573, 0.9156, 0.8485, 0.7444, 0.6667, 0.8022, 0.8067,
        0.9542, 0.9545, 0.8024, 0.8652, 0.9653, 0.9926, 0.8762, 0.9600, 0.9833,
        0.6436, 0.3000, 0.7778, 0.5333, 0.9500, 0.6200, 0.4556, 0.8771, 0.2833,
        0.4167, 0.5333, 0.9444, 0.5533, 0.8963, 0.8667, 0.9476, 0.9250, 0.9385,
        0.7667, 0.8000, 0.9725, 0.8556, 0.5889, 0.7667, 0.9444])
tensor([0.3500, 0.8403, 0.8707, 0.9378, 0.8788, 0.7667, 0.7067, 0.7956, 0.8667,
        0.9812, 0.9576, 0.8024, 0.8710, 0.9667, 0.9963, 0.9333, 0.9600, 0.9806,
        0.6513, 0.4000, 0.8556, 0.5111, 0.9667, 0.6600, 0.5778, 0.8813, 0.3722,
        0.4333, 0.6400, 0.9333, 0.6067, 0.8963, 0.8833, 0.9524, 0.9333, 0.9462,
        0.8500, 0.8500, 0.9754, 0.8556, 0.6111, 0.7833, 0.9667])
tensor([0.3333, 0.8778, 0.8920, 0.9556, 0.8788, 0.8032, 0.7133, 0.8067, 0.8933,
        0.9792, 0.9591, 0.8095, 0.8797, 0.9722, 0.9963, 0.9476, 0.9800, 0.9806,
        0.6641, 0.4667, 0.8667, 0.5222, 0.9667, 0.6600, 0.5889, 0.8958, 0.3833,
        0.4500, 0.7467, 0.9333, 0.7267, 0.9148, 0.9333, 0.9476, 0.9500, 0.9615,
        0.8500, 0.8833, 0.9768, 0.8778, 0.6000, 0.8000, 0.9667])
tensor([0.3833, 0.8694, 0.9427, 0.9644, 0.8682, 0.8349, 0.7333, 0.8244, 0.9000,
        0.9833, 0.9606, 0.8262, 0.8870, 0.9750, 0.9963, 0.9476, 0.9733, 0.9722,
        0.6821, 0.4833, 0.8889, 0.5000, 0.9583, 0.6533, 0.6333, 0.9021, 0.5444,
        0.4500, 0.7800, 0.9444, 0.7533, 0.9296, 0.9167, 0.9714, 0.9667, 0.9564,
        0.8750, 0.8833, 0.9725, 0.8556, 0.6000, 0.8000, 0.9778])
tensor([0.4167, 0.8861, 0.9440, 0.9556, 0.8742, 0.8619, 0.7667, 0.8333, 0.9178,
        0.9833, 0.9621, 0.8357, 0.9087, 0.9708, 0.9963, 0.9524, 0.9600, 0.9639,
        0.6923, 0.5500, 0.9000, 0.5000, 0.9667, 0.6333, 0.6444, 0.9083, 0.7111,
        0.4500, 0.8533, 0.9556, 0.7533, 0.9370, 0.9167, 0.9714, 0.9667, 0.9590,
        0.8917, 0.8833, 0.9725, 0.8889, 0.5889, 0.8000, 0.9778])
tensor([0.5500, 0.8972, 0.9627, 0.9600, 0.8864, 0.8667, 0.7733, 0.8289, 0.9244,
        0.9792, 0.9636, 0.8476, 0.9072, 0.9694, 0.9963, 0.9524, 0.9800, 0.9583,
        0.7256, 0.6333, 0.9222, 0.5111, 0.9583, 0.6667, 0.7111, 0.8958, 0.7278,
        0.4833, 0.8467, 0.9222, 0.7467, 0.9444, 0.9833, 0.9714, 0.9667, 0.9641,
        0.9083, 0.9167, 0.9768, 0.9111, 0.5556, 0.8167, 0.9889])
tensor([0.6500, 0.9042, 0.9627, 0.9600, 0.8970, 0.8810, 0.7867, 0.8222, 0.9289,
        0.9875, 0.9652, 0.8524, 0.9130, 0.9708, 0.9963, 0.9571, 0.9667, 0.9500,
        0.7308, 0.7667, 0.9111, 0.4667, 0.9833, 0.6800, 0.7000, 0.9062, 0.7611,
        0.4500, 0.9267, 0.9556, 0.7600, 0.9407, 0.9833, 0.9667, 0.9667, 0.9692,
        0.9083, 0.9167, 0.9739, 0.9111, 0.5444, 0.8000, 0.9889])
tensor([0.7667, 0.9028, 0.9693, 0.9511, 0.9091, 0.8952, 0.7733, 0.8289, 0.9244,
        0.9875, 0.9697, 0.8595, 0.9275, 0.9708, 0.9963, 0.9667, 0.9733, 0.9306,
        0.7462, 0.7667, 0.9222, 0.4667, 0.9833, 0.7200, 0.7333, 0.9104, 0.8000,
        0.4500, 0.8800, 0.9556, 0.7600, 0.9519, 0.9833, 0.9762, 0.9833, 0.9667,
        0.9250, 0.9167, 0.9725, 0.9000, 0.5222, 0.8333, 0.9889])
tensor([0.7500, 0.9153, 0.9707, 0.9689, 0.9121, 0.8921, 0.7733, 0.8378, 0.9311,
        0.9958, 0.9682, 0.8619, 0.9217, 0.9722, 0.9963, 0.9762, 0.9667, 0.9306,
        0.7641, 0.7667, 0.9222, 0.4667, 0.9833, 0.7400, 0.7222, 0.9208, 0.8056,
        0.4500, 0.9267, 0.9556, 0.7667, 0.9444, 1.0000, 0.9667, 0.9833, 0.9718,
        0.9417, 0.9167, 0.9754, 0.9333, 0.5333, 0.8000, 0.9889])
tensor([0.6167, 0.9431, 0.9600, 0.9756, 0.9212, 0.9048, 0.7867, 0.8467, 0.9200,
        0.9917, 0.9697, 0.8786, 0.9232, 0.9681, 0.9926, 0.9667, 0.9800, 0.9056,
        0.7718, 0.7833, 0.9222, 0.4778, 0.9833, 0.7733, 0.7444, 0.9208, 0.8556,
        0.4500, 0.9133, 0.9444, 0.7733, 0.9333, 1.0000, 0.9762, 0.9833, 0.9718,
        0.9417, 0.9333, 0.9739, 0.8222, 0.5222, 0.8667, 0.9889])
tensor([0.6833, 0.9347, 0.9707, 0.9600, 0.9242, 0.9127, 0.7867, 0.8644, 0.9333,
        0.9896, 0.9727, 0.8857, 0.9217, 0.9694, 0.9926, 0.9571, 0.9733, 0.8889,
        0.7897, 0.9000, 0.9222, 0.5111, 0.9750, 0.8200, 0.7556, 0.9104, 0.8444,
        0.4500, 0.9133, 0.9444, 0.7467, 0.9407, 1.0000, 0.9857, 0.9833, 0.9769,
        0.9500, 0.9333, 0.9725, 0.9111, 0.5222, 0.8500, 0.9889])
tensor([0.7000, 0.9361, 0.9760, 0.9689, 0.9318, 0.9063, 0.7467, 0.8667, 0.9311,
        0.9958, 0.9742, 0.9048, 0.9174, 0.9764, 0.9963, 0.9667, 0.9533, 0.8861,
        0.7949, 0.9000, 0.9333, 0.4667, 0.9750, 0.8400, 0.7667, 0.9146, 0.8111,
        0.4500, 0.9333, 0.9444, 0.7400, 0.9370, 1.0000, 0.9810, 0.9833, 0.9744,
        0.9500, 0.9333, 0.9725, 0.9111, 0.5556, 0.8500, 0.9889])
tensor([0.6667, 0.9500, 0.9640, 0.9778, 0.9273, 0.9016, 0.7733, 0.8756, 0.9244,
        0.9958, 0.9712, 0.8881, 0.9217, 0.9792, 1.0000, 0.9905, 0.9667, 0.8861,
        0.7923, 0.9333, 0.9222, 0.5333, 0.9667, 0.8533, 0.7889, 0.9229, 0.8444,
        0.4500, 0.9333, 0.9444, 0.7600, 0.9296, 1.0000, 0.9857, 0.9917, 0.9744,
        0.9667, 0.9333, 0.9696, 0.8889, 0.5444, 0.9000, 0.9889])
tensor([0.7167, 0.9486, 0.9760, 0.9733, 0.9303, 0.9079, 0.7733, 0.8844, 0.9244,
        0.9958, 0.9742, 0.9143, 0.9246, 0.9778, 1.0000, 0.9810, 0.9667, 0.8861,
        0.7974, 0.9500, 0.9222, 0.5444, 0.9667, 0.8733, 0.7778, 0.9250, 0.8444,
        0.4500, 0.9267, 0.9556, 0.7400, 0.9370, 1.0000, 0.9857, 0.9917, 0.9769,
        0.9667, 0.9333, 0.9667, 0.9111, 0.5111, 0.8833, 0.9889])
tensor([0.7500, 0.9514, 0.9787, 0.9689, 0.9409, 0.9143, 0.7800, 0.8800, 0.9178,
        0.9979, 0.9712, 0.9143, 0.9203, 0.9792, 1.0000, 0.9810, 0.9600, 0.8639,
        0.7974, 0.9500, 0.9222, 0.5556, 0.9917, 0.9267, 0.8444, 0.9271, 0.8556,
        0.4500, 0.9333, 0.9556, 0.7400, 0.9370, 1.0000, 0.9857, 0.9917, 0.9795,
        0.9667, 0.9333, 0.9681, 0.8778, 0.5333, 0.8833, 0.9889])
tensor([0.6833, 0.9486, 0.9760, 0.9733, 0.9439, 0.9127, 0.7733, 0.8889, 0.9244,
        0.9937, 0.9742, 0.9214, 0.9203, 0.9806, 1.0000, 0.9714, 0.9667, 0.8861,
        0.8000, 0.9500, 0.9333, 0.5667, 0.9750, 0.9133, 0.8222, 0.9271, 0.8222,
        0.4500, 0.9333, 0.9556, 0.7400, 0.9481, 1.0000, 0.9857, 0.9917, 0.9795,
        0.9667, 0.9333, 0.9696, 0.9333, 0.5667, 0.9167, 0.9889])
tensor([0.6833, 0.9472, 0.9800, 0.9733, 0.9485, 0.9190, 0.7533, 0.9089, 0.9156,
        0.9958, 0.9742, 0.9190, 0.9203, 0.9806, 1.0000, 0.9714, 0.9600, 0.8806,
        0.8154, 0.9500, 0.9333, 0.5556, 0.9833, 0.9200, 0.8444, 0.9312, 0.7778,
        0.4833, 0.9467, 0.9667, 0.7133, 0.9556, 1.0000, 0.9762, 0.9833, 0.9846,
        0.9667, 0.9333, 0.9667, 0.9333, 0.5444, 0.9167, 0.9889])
tensor([0.7500, 0.9556, 0.9747, 0.9689, 0.9515, 0.9270, 0.7933, 0.8978, 0.9200,
        0.9979, 0.9742, 0.9262, 0.9232, 0.9806, 1.0000, 0.9714, 0.9600, 0.8694,
        0.8077, 0.9833, 0.9444, 0.5444, 0.9667, 0.9467, 0.8444, 0.9354, 0.8556,
        0.4500, 0.9267, 0.9778, 0.6733, 0.9407, 1.0000, 0.9905, 0.9917, 0.9821,
        0.9667, 0.9333, 0.9667, 0.9333, 0.5556, 0.9167, 0.9889])
tensor([0.7500, 0.9625, 0.9787, 0.9578, 0.9545, 0.9317, 0.7467, 0.8844, 0.9267,
        0.9937, 0.9742, 0.9167, 0.9174, 0.9764, 1.0000, 0.9952, 0.9600, 0.8556,
        0.8231, 0.9500, 0.9444, 0.5667, 0.9833, 0.9067, 0.8222, 0.9333, 0.8500,
        0.4500, 0.9067, 0.9889, 0.7067, 0.9481, 1.0000, 0.9905, 0.9917, 0.9846,
        0.9667, 0.9667, 0.9652, 0.9333, 0.5889, 0.9333, 0.9889])
tensor([0.7167, 0.9583, 0.9827, 0.9756, 0.9545, 0.9190, 0.7467, 0.8889, 0.9000,
        0.9979, 0.9818, 0.9262, 0.9203, 0.9806, 1.0000, 0.9714, 0.9533, 0.8750,
        0.8000, 1.0000, 0.9556, 0.5778, 0.9833, 0.9333, 0.8333, 0.9354, 0.8833,
        0.4500, 0.9333, 0.9778, 0.7067, 0.9444, 1.0000, 0.9952, 0.9917, 0.9846,
        0.9667, 0.9333, 0.9652, 0.9333, 0.6889, 0.8667, 0.9889])
tensor([0.7833, 0.9528, 0.9827, 0.9644, 0.9530, 0.9365, 0.7600, 0.8844, 0.9156,
        0.9958, 0.9833, 0.9333, 0.9232, 0.9792, 1.0000, 0.9762, 0.9533, 0.8778,
        0.8000, 0.9833, 0.9667, 0.5778, 0.9833, 0.9733, 0.8444, 0.9312, 0.8889,
        0.4500, 0.9267, 0.9889, 0.6867, 0.9556, 1.0000, 0.9952, 0.9833, 0.9897,
        0.9750, 0.9333, 0.9623, 0.9222, 0.5556, 0.9000, 0.9889])
tensor([0.8667, 0.9458, 0.9853, 0.9711, 0.9515, 0.9365, 0.7533, 0.9044, 0.9178,
        0.9958, 0.9788, 0.9357, 0.9217, 0.9819, 1.0000, 0.9952, 0.9600, 0.8639,
        0.8128, 0.9833, 0.9778, 0.5778, 0.9833, 0.9800, 0.8444, 0.9292, 0.8556,
        0.4667, 0.9333, 0.9889, 0.6333, 0.9444, 1.0000, 0.9905, 0.9833, 0.9872,
        0.9667, 0.9333, 0.9638, 0.9333, 0.6889, 0.9000, 0.9889])
tensor([0.7833, 0.9556, 0.9840, 0.9533, 0.9561, 0.9333, 0.7400, 0.9044, 0.9089,
        0.9979, 0.9833, 0.9238, 0.9203, 0.9806, 1.0000, 0.9810, 0.9600, 0.8361,
        0.8077, 1.0000, 0.9667, 0.5778, 0.9833, 0.9533, 0.8444, 0.9292, 0.9000,
        0.4500, 0.9200, 0.9889, 0.6600, 0.9481, 1.0000, 0.9905, 0.9833, 0.9872,
        0.9667, 0.9667, 0.9667, 0.9333, 0.6667, 0.9167, 0.9889])
tensor([0.7167, 0.9514, 0.9893, 0.9733, 0.9545, 0.9381, 0.7333, 0.9133, 0.8978,
        0.9979, 0.9818, 0.9381, 0.9174, 0.9806, 1.0000, 0.9905, 0.9533, 0.8528,
        0.8103, 0.9833, 0.9778, 0.5778, 0.9750, 0.9733, 0.8333, 0.9312, 0.8611,
        0.4833, 0.9400, 1.0000, 0.6267, 0.9481, 1.0000, 0.9952, 0.9833, 0.9872,
        0.9667, 0.9667, 0.9638, 0.9333, 0.7000, 0.9000, 0.9889])
tensor([0.7000, 0.9625, 0.9813, 0.9711, 0.9500, 0.9365, 0.7600, 0.9111, 0.9022,
        0.9958, 0.9818, 0.9524, 0.9246, 0.9806, 1.0000, 0.9857, 0.9667, 0.8417,
        0.8103, 0.9833, 0.9667, 0.5778, 0.9917, 0.9733, 0.8556, 0.9292, 0.9000,
        0.4667, 0.9467, 0.9889, 0.6800, 0.9444, 1.0000, 0.9905, 0.9833, 0.9923,
        0.9750, 0.9667, 0.9638, 0.8889, 0.6778, 0.9333, 0.9889])
tensor([0.7000, 0.9514, 0.9853, 0.9711, 0.9485, 0.9381, 0.7067, 0.9444, 0.9022,
        0.9979, 0.9848, 0.9476, 0.9188, 0.9819, 1.0000, 0.9905, 0.9467, 0.8361,
        0.8154, 1.0000, 0.9778, 0.5778, 0.9833, 0.9867, 0.8556, 0.9312, 0.8889,
        0.4667, 0.9467, 1.0000, 0.6867, 0.9444, 1.0000, 0.9905, 0.9833, 0.9897,
        0.9667, 0.9500, 0.9667, 0.9222, 0.7889, 0.8833, 0.9889])
tensor([0.8000, 0.9542, 0.9880, 0.9711, 0.9576, 0.9349, 0.7333, 0.9378, 0.9178,
        0.9979, 0.9848, 0.9429, 0.9232, 0.9819, 1.0000, 0.9952, 0.9533, 0.8556,
        0.8154, 1.0000, 0.9667, 0.5778, 0.9833, 0.9733, 0.8889, 0.9271, 0.9000,
        0.4667, 0.9400, 1.0000, 0.6667, 0.9444, 1.0000, 0.9905, 0.9833, 0.9872,
        0.9500, 0.9500, 0.9681, 0.9333, 0.7556, 0.8833, 0.9889])
tensor([0.7500, 0.9597, 0.9867, 0.9800, 0.9500, 0.9238, 0.7400, 0.9444, 0.9133,
        0.9979, 0.9833, 0.9524, 0.9232, 0.9819, 1.0000, 0.9857, 0.9533, 0.8694,
        0.8103, 1.0000, 0.9778, 0.5778, 0.9833, 0.9800, 0.8778, 0.9229, 0.8833,
        0.4833, 0.9400, 1.0000, 0.6933, 0.9519, 1.0000, 0.9905, 0.9833, 0.9897,
        0.9667, 0.9500, 0.9652, 0.9000, 0.7667, 0.8833, 0.9889])
tensor([0.7500, 0.9500, 0.9920, 0.9800, 0.9515, 0.9349, 0.7467, 0.9422, 0.9089,
        0.9958, 0.9833, 0.9452, 0.9290, 0.9847, 1.0000, 0.9905, 0.9467, 0.8417,
        0.8000, 1.0000, 0.9667, 0.5889, 0.9833, 0.9533, 0.8778, 0.9250, 0.9000,
        0.4667, 0.9600, 1.0000, 0.6800, 0.9444, 1.0000, 0.9857, 0.9833, 0.9872,
        0.9750, 0.9667, 0.9638, 0.9333, 0.7333, 0.8833, 0.9889])
tensor([0.8000, 0.9542, 0.9920, 0.9689, 0.9576, 0.9349, 0.8067, 0.9289, 0.9267,
        1.0000, 0.9818, 0.9405, 0.9304, 0.9750, 0.9963, 0.9905, 0.9600, 0.8583,
        0.8051, 1.0000, 0.9778, 0.5778, 0.9750, 0.9867, 0.8556, 0.9250, 0.8944,
        0.4833, 0.9467, 1.0000, 0.6533, 0.9556, 1.0000, 0.9905, 0.9833, 0.9949,
        0.9750, 0.9500, 0.9638, 0.9333, 0.7556, 0.9000, 0.9889])
tensor([0.7500, 0.9556, 0.9880, 0.9800, 0.9545, 0.9317, 0.7867, 0.9578, 0.9222,
        0.9958, 0.9818, 0.9429, 0.9275, 0.9861, 0.9963, 0.9905, 0.9533, 0.8556,
        0.8231, 0.9833, 0.9778, 0.5889, 0.9917, 0.9800, 0.8778, 0.9333, 0.8611,
        0.4833, 0.9400, 1.0000, 0.6600, 0.9593, 1.0000, 0.9905, 0.9833, 0.9897,
        0.9750, 0.9500, 0.9594, 0.9333, 0.7889, 0.9000, 0.9889])
tensor([0.8333, 0.9514, 0.9920, 0.9778, 0.9606, 0.9333, 0.7800, 0.9378, 0.9111,
        0.9979, 0.9848, 0.9595, 0.9203, 0.9778, 0.9963, 0.9905, 0.9667, 0.8694,
        0.8308, 1.0000, 0.9778, 0.5778, 0.9750, 0.9733, 0.8889, 0.9312, 0.8500,
        0.5000, 0.9400, 1.0000, 0.6133, 0.9630, 1.0000, 0.9857, 0.9833, 0.9846,
        0.9750, 0.9500, 0.9652, 0.9333, 0.7889, 0.8333, 0.9889])
tensor([0.7333, 0.9458, 0.9960, 0.9756, 0.9606, 0.9302, 0.7800, 0.9489, 0.9333,
        1.0000, 0.9833, 0.9452, 0.9304, 0.9847, 0.9963, 0.9905, 0.9600, 0.8556,
        0.8103, 1.0000, 0.9778, 0.5889, 0.9750, 0.9800, 0.9111, 0.9271, 0.8833,
        0.4667, 0.9467, 1.0000, 0.6667, 0.9593, 1.0000, 0.9905, 0.9833, 0.9923,
        0.9750, 0.9667, 0.9623, 0.9222, 0.7444, 0.8000, 0.9889])
tensor([0.6833, 0.9556, 0.9947, 0.9800, 0.9455, 0.9302, 0.7667, 0.9578, 0.9067,
        1.0000, 0.9803, 0.9643, 0.9246, 0.9861, 0.9963, 0.9952, 0.9533, 0.8500,
        0.8231, 1.0000, 0.9778, 0.5778, 0.9667, 0.9667, 0.8667, 0.9250, 0.8722,
        0.5000, 0.9600, 1.0000, 0.7000, 0.9481, 1.0000, 0.9905, 0.9917, 0.9872,
        0.9750, 0.9500, 0.9594, 0.9222, 0.7667, 0.8000, 0.9889])
tensor([0.7667, 0.9611, 0.9853, 0.9711, 0.9470, 0.9365, 0.7600, 0.9467, 0.9200,
        0.9979, 0.9833, 0.9548, 0.9362, 0.9847, 0.9963, 1.0000, 0.9667, 0.8611,
        0.8128, 1.0000, 0.9778, 0.5778, 0.9917, 0.9667, 0.8889, 0.9229, 0.8611,
        0.5000, 0.9400, 1.0000, 0.6800, 0.9593, 1.0000, 0.9905, 0.9833, 0.9897,
        0.9833, 0.9500, 0.9594, 0.9111, 0.7778, 0.8667, 0.9889])
tensor([0.8833, 0.9486, 0.9867, 0.9711, 0.9606, 0.9349, 0.7733, 0.9333, 0.9378,
        0.9979, 0.9848, 0.9405, 0.9217, 0.9875, 1.0000, 0.9905, 0.9600, 0.8472,
        0.8179, 1.0000, 0.9778, 0.6000, 0.9917, 0.9733, 0.9222, 0.9250, 0.8667,
        0.5000, 0.9467, 1.0000, 0.7133, 0.9667, 1.0000, 0.9905, 0.9917, 0.9846,
        0.9750, 0.9667, 0.9638, 0.9333, 0.7889, 0.8667, 0.9889])
tensor([0.8833, 0.9556, 0.9907, 0.9622, 0.9591, 0.9381, 0.8000, 0.9311, 0.9489,
        1.0000, 0.9833, 0.9690, 0.9275, 0.9847, 1.0000, 1.0000, 0.9667, 0.8417,
        0.8051, 1.0000, 0.9778, 0.5778, 0.9750, 0.9667, 0.9000, 0.9250, 0.9056,
        0.4667, 0.9533, 1.0000, 0.7267, 0.9444, 1.0000, 0.9857, 0.9833, 0.9923,
        0.9750, 0.9500, 0.9623, 0.9333, 0.7444, 0.8667, 0.9889])
tensor([0.8000, 0.9611, 0.9800, 0.9800, 0.9591, 0.9333, 0.7867, 0.9489, 0.9356,
        1.0000, 0.9848, 0.9643, 0.9290, 0.9847, 1.0000, 0.9905, 0.9600, 0.8750,
        0.8026, 1.0000, 0.9778, 0.5778, 0.9667, 0.9667, 0.8889, 0.9208, 0.9000,
        0.4833, 0.9667, 1.0000, 0.7467, 0.9556, 1.0000, 0.9952, 0.9833, 0.9923,
        0.9833, 0.9667, 0.9667, 0.9111, 0.7889, 0.8667, 0.9889])
tensor([0.7000, 0.9597, 0.9933, 0.9733, 0.9561, 0.9317, 0.7867, 0.9156, 0.9378,
        0.9937, 0.9833, 0.9500, 0.9261, 0.9889, 0.9963, 1.0000, 0.9667, 0.8528,
        0.8103, 0.9833, 0.9778, 0.5778, 0.9750, 0.9600, 0.9000, 0.9312, 0.8944,
        0.5000, 0.9467, 1.0000, 0.7200, 0.9556, 1.0000, 0.9905, 0.9917, 0.9897,
        0.9667, 0.9500, 0.9667, 0.9333, 0.7889, 0.9500, 0.9889])
tensor([0.8333, 0.9611, 0.9893, 0.9800, 0.9591, 0.9254, 0.7933, 0.9422, 0.9067,
        0.9958, 0.9833, 0.9595, 0.9246, 0.9861, 0.9963, 1.0000, 0.9667, 0.8556,
        0.8333, 1.0000, 0.9889, 0.5778, 0.9750, 0.9733, 0.8889, 0.9312, 0.8611,
        0.5000, 0.9400, 1.0000, 0.7000, 0.9519, 1.0000, 0.9905, 0.9917, 0.9949,
        0.9750, 0.9500, 0.9652, 0.9333, 0.7889, 0.9500, 0.9889])
tensor([0.7333, 0.9639, 0.9947, 0.9711, 0.9636, 0.9317, 0.7933, 0.9467, 0.9111,
        0.9958, 0.9833, 0.9595, 0.9261, 0.9778, 0.9963, 1.0000, 0.9667, 0.8778,
        0.8077, 1.0000, 0.9778, 0.5778, 0.9750, 0.9733, 0.9111, 0.9292, 0.8944,
        0.5000, 0.9400, 0.9778, 0.7133, 0.9593, 1.0000, 0.9905, 0.9833, 0.9923,
        0.9750, 0.9500, 0.9696, 0.9333, 0.7889, 0.9167, 1.0000])
tensor([0.7333, 0.9653, 0.9933, 0.9800, 0.9576, 0.9238, 0.7867, 0.9311, 0.9289,
        0.9979, 0.9818, 0.9643, 0.9232, 0.9847, 0.9963, 0.9905, 0.9533, 0.8806,
        0.8308, 1.0000, 0.9778, 0.6000, 0.9750, 0.9800, 0.9111, 0.9292, 0.8722,
        0.5000, 0.9400, 0.9889, 0.6867, 0.9556, 1.0000, 0.9952, 0.9917, 0.9923,
        0.9750, 0.9500, 0.9667, 0.9333, 0.8111, 0.9333, 0.9889])
tensor([0.6500, 0.9625, 0.9960, 0.9644, 0.9591, 0.9238, 0.7600, 0.9356, 0.9289,
        0.9937, 0.9833, 0.9357, 0.9246, 0.9833, 0.9963, 1.0000, 0.9667, 0.8611,
        0.8333, 0.9833, 0.9778, 0.5889, 0.9917, 0.9667, 0.8889, 0.9271, 0.8778,
        0.5000, 0.9467, 0.9778, 0.6933, 0.9556, 1.0000, 0.9857, 0.9917, 0.9923,
        0.9583, 0.9500, 0.9739, 0.9556, 0.7556, 0.9167, 1.0000])
tensor([0.9000, 0.9514, 0.9973, 0.9667, 0.9652, 0.9333, 0.8067, 0.9467, 0.9356,
        0.9979, 0.9833, 0.9667, 0.9290, 0.9861, 1.0000, 0.9905, 0.9667, 0.8528,
        0.8231, 0.9833, 0.9778, 0.5889, 0.9833, 0.9733, 0.9111, 0.9292, 0.8944,
        0.5000, 0.9467, 0.9889, 0.6600, 0.9593, 1.0000, 0.9857, 0.9833, 0.9949,
        0.9833, 0.9667, 0.9667, 0.9444, 0.7889, 0.9000, 0.9889])
tensor([0.8667, 0.9597, 0.9960, 0.9622, 0.9606, 0.9317, 0.7800, 0.9333, 0.9289,
        1.0000, 0.9727, 0.9714, 0.9348, 0.9847, 1.0000, 1.0000, 0.9533, 0.8528,
        0.8256, 1.0000, 0.9778, 0.5889, 0.9833, 0.9667, 0.9111, 0.9312, 0.8889,
        0.5000, 0.9400, 1.0000, 0.7267, 0.9481, 1.0000, 0.9857, 0.9833, 0.9974,
        0.9833, 0.9667, 0.9710, 0.9333, 0.8000, 0.9333, 0.9889])
tensor([0.7500, 0.9611, 0.9960, 0.9689, 0.9591, 0.9317, 0.8067, 0.9556, 0.9133,
        0.9979, 0.9864, 0.9762, 0.9391, 0.9889, 0.9963, 0.9952, 0.9733, 0.8889,
        0.8231, 1.0000, 0.9778, 0.5778, 0.9917, 0.9667, 0.8889, 0.9292, 0.8778,
        0.4833, 0.9467, 0.9889, 0.6800, 0.9630, 1.0000, 0.9905, 0.9917, 0.9949,
        0.9750, 0.9500, 0.9667, 0.9333, 0.8111, 0.9333, 0.9889])
tensor([0.8833, 0.9569, 0.9960, 0.9644, 0.9591, 0.9349, 0.7933, 0.9467, 0.9267,
        0.9937, 0.9833, 0.9595, 0.9261, 0.9861, 0.9963, 1.0000, 0.9800, 0.9056,
        0.8436, 0.9833, 0.9778, 0.5889, 0.9833, 0.9733, 0.9333, 0.9292, 0.8667,
        0.5000, 0.9400, 1.0000, 0.7000, 0.9593, 1.0000, 0.9857, 0.9833, 0.9949,
        0.9750, 0.9667, 0.9696, 0.9444, 0.8222, 0.9333, 1.0000])
tensor([0.8833, 0.9611, 0.9920, 0.9667, 0.9682, 0.9317, 0.7667, 0.9644, 0.9311,
        1.0000, 0.9864, 0.9786, 0.9348, 0.9875, 0.9963, 0.9952, 0.9733, 0.9167,
        0.8154, 1.0000, 0.9778, 0.5778, 0.9833, 0.9800, 0.9000, 0.9250, 0.8889,
        0.5000, 0.9533, 1.0000, 0.6867, 0.9593, 1.0000, 0.9905, 0.9833, 0.9949,
        0.9667, 0.9833, 0.9667, 0.9333, 0.8333, 0.8833, 1.0000])
tensor([0.8500, 0.9583, 0.9933, 0.9644, 0.9606, 0.9333, 0.7933, 0.9533, 0.9000,
        0.9958, 0.9833, 0.9619, 0.9275, 0.9847, 0.9963, 1.0000, 0.9800, 0.8750,
        0.8308, 0.9667, 0.9778, 0.5778, 0.9750, 0.9867, 0.9111, 0.9292, 0.8611,
        0.5000, 0.9400, 1.0000, 0.6933, 0.9556, 1.0000, 0.9905, 0.9833, 0.9949,
        0.9667, 0.9833, 0.9710, 0.9333, 0.7444, 0.9333, 1.0000])
tensor([0.7833, 0.9639, 0.9907, 0.9578, 0.9652, 0.9349, 0.8067, 0.9467, 0.9222,
        0.9917, 0.9864, 0.9786, 0.9391, 0.9875, 1.0000, 0.9952, 0.9667, 0.9000,
        0.8154, 0.9833, 0.9778, 0.5889, 0.9750, 0.9867, 0.9111, 0.9292, 0.8778,
        0.4667, 0.9333, 1.0000, 0.6600, 0.9630, 1.0000, 0.9952, 0.9917, 0.9923,
        0.9667, 0.9667, 0.9710, 0.9222, 0.8111, 0.9000, 1.0000])
tensor([0.7833, 0.9597, 0.9973, 0.9756, 0.9652, 0.9238, 0.7867, 0.9689, 0.9289,
        0.9958, 0.9833, 0.9690, 0.9275, 0.9917, 0.9963, 1.0000, 0.9533, 0.8944,
        0.8359, 0.9333, 0.9778, 0.5889, 0.9917, 0.9667, 0.9111, 0.9292, 0.8444,
        0.5000, 0.9467, 1.0000, 0.7133, 0.9630, 1.0000, 0.9952, 0.9917, 0.9897,
        0.9750, 0.9667, 0.9696, 0.9333, 0.8111, 0.8833, 0.9889])
tensor([0.9167, 0.9611, 0.9893, 0.9622, 0.9652, 0.9381, 0.7933, 0.9667, 0.9178,
        0.9937, 0.9848, 0.9857, 0.9464, 0.9889, 1.0000, 1.0000, 0.9733, 0.9278,
        0.8205, 0.9833, 0.9778, 0.5778, 0.9917, 0.9800, 0.9111, 0.9250, 0.8722,
        0.5000, 0.9533, 1.0000, 0.7067, 0.9630, 1.0000, 0.9905, 0.9917, 0.9949,
        0.9833, 0.9667, 0.9652, 0.9111, 0.7889, 0.9000, 1.0000])
tensor([0.8833, 0.9597, 0.9960, 0.9622, 0.9667, 0.9270, 0.7467, 0.9511, 0.9044,
        0.9937, 0.9864, 0.9571, 0.9449, 0.9931, 0.9963, 0.9905, 0.9667, 0.9083,
        0.8205, 0.9833, 0.9778, 0.5778, 0.9917, 0.9867, 0.9333, 0.9271, 0.8778,
        0.5000, 0.9467, 0.9889, 0.7067, 0.9593, 1.0000, 0.9905, 0.9917, 0.9923,
        0.9667, 0.9667, 0.9725, 0.9333, 0.7778, 0.8833, 1.0000])
tensor([0.9000, 0.9611, 0.9973, 0.9600, 0.9667, 0.9333, 0.8200, 0.9622, 0.9267,
        0.9937, 0.9848, 0.9286, 0.9362, 0.9917, 0.9963, 1.0000, 0.9667, 0.8667,
        0.8385, 0.9500, 0.9556, 0.5778, 0.9750, 0.9733, 0.9333, 0.9271, 0.8667,
        0.5000, 0.9333, 1.0000, 0.7333, 0.9630, 1.0000, 0.9857, 0.9833, 0.9897,
        0.9667, 0.9667, 0.9696, 0.9333, 0.8111, 0.9500, 0.9889])
tensor([0.8333, 0.9736, 0.9893, 0.9556, 0.9606, 0.9365, 0.8000, 0.9622, 0.9289,
        0.9917, 0.9848, 0.9690, 0.9406, 0.9875, 0.9963, 0.9905, 0.9733, 0.9250,
        0.8436, 0.9833, 0.9778, 0.5778, 0.9750, 0.9867, 0.9333, 0.9250, 0.8778,
        0.5000, 0.9467, 1.0000, 0.6133, 0.9556, 1.0000, 0.9905, 0.9917, 0.9949,
        0.9833, 0.9667, 0.9725, 0.9333, 0.8111, 0.9833, 0.9889])
tensor([0.8500, 0.9708, 0.9933, 0.9711, 0.9652, 0.9286, 0.8067, 0.9711, 0.9044,
        0.9917, 0.9864, 0.9595, 0.9348, 0.9944, 1.0000, 0.9905, 0.9733, 0.9306,
        0.8205, 0.9667, 0.9778, 0.5778, 0.9833, 0.9867, 0.9222, 0.9292, 0.8667,
        0.5000, 0.9467, 1.0000, 0.6600, 0.9630, 1.0000, 0.9905, 0.9917, 0.9974,
        0.9833, 0.9667, 0.9739, 0.9333, 0.8111, 0.9667, 0.9889])
tensor([0.9000, 0.9722, 0.9880, 0.9578, 0.9682, 0.9317, 0.8133, 0.9644, 0.9044,
        0.9937, 0.9848, 0.9857, 0.9420, 0.9847, 0.9963, 0.9905, 0.9667, 0.9333,
        0.8103, 0.9833, 0.9778, 0.5778, 0.9667, 0.9733, 0.9222, 0.9250, 0.8722,
        0.5000, 0.9467, 0.9889, 0.7133, 0.9630, 1.0000, 0.9952, 0.9917, 0.9974,
        0.9833, 0.9667, 0.9768, 0.8778, 0.8000, 0.9333, 0.9889])
tensor([0.9000, 0.9736, 0.9893, 0.9800, 0.9636, 0.9333, 0.8133, 0.9667, 0.9156,
        0.9875, 0.9864, 0.9786, 0.9507, 0.9889, 0.9963, 0.9905, 0.9733, 0.9361,
        0.8231, 0.9833, 0.9778, 0.5778, 0.9750, 0.9867, 0.9111, 0.9333, 0.8444,
        0.5000, 0.9333, 1.0000, 0.6800, 0.9630, 1.0000, 0.9905, 0.9917, 0.9974,
        0.9667, 0.9500, 0.9754, 0.9333, 0.8222, 0.9500, 0.9889])
tensor([0.8667, 0.9722, 0.9880, 0.9711, 0.9667, 0.9333, 0.8200, 0.9667, 0.9222,
        0.9917, 0.9848, 0.9857, 0.9449, 0.9861, 1.0000, 1.0000, 0.9800, 0.9194,
        0.8385, 0.9667, 0.9778, 0.5778, 0.9667, 0.9867, 0.9222, 0.9292, 0.8722,
        0.5000, 0.9333, 1.0000, 0.6133, 0.9667, 1.0000, 0.9905, 0.9917, 0.9974,
        0.9833, 0.9667, 0.9739, 0.9333, 0.8222, 0.9667, 0.9889])
tensor([0.8167, 0.9722, 0.9840, 0.9778, 0.9636, 0.9333, 0.7533, 0.9578, 0.8978,
        0.9917, 0.9848, 0.9833, 0.9420, 0.9903, 0.9963, 0.9905, 0.9733, 0.9472,
        0.8256, 0.9833, 0.9778, 0.5778, 0.9833, 0.9800, 0.9111, 0.9292, 0.8722,
        0.5000, 0.9467, 0.9889, 0.7133, 0.9593, 1.0000, 0.9952, 0.9917, 0.9949,
        0.9667, 0.9833, 0.9739, 0.8778, 0.8000, 0.9333, 0.9889])
tensor([0.9167, 0.9764, 0.9840, 0.9733, 0.9652, 0.9333, 0.8000, 0.9711, 0.9356,
        0.9917, 0.9848, 0.9762, 0.9348, 0.9889, 0.9963, 1.0000, 0.9733, 0.9306,
        0.8615, 0.9667, 0.9889, 0.5778, 0.9917, 0.9800, 0.9111, 0.9271, 0.8667,
        0.5000, 0.9467, 1.0000, 0.6600, 0.9667, 1.0000, 0.9905, 0.9917, 0.9949,
        0.9833, 0.9833, 0.9681, 0.9333, 0.8000, 0.9333, 0.9889])
tensor([0.9000, 0.9778, 0.9693, 0.9578, 0.9682, 0.9381, 0.8267, 0.9756, 0.9267,
        0.9917, 0.9848, 0.9857, 0.9478, 0.9903, 1.0000, 1.0000, 0.9867, 0.9361,
        0.8333, 0.9833, 0.9778, 0.5778, 0.9833, 0.9800, 0.9222, 0.9271, 0.8667,
        0.5000, 0.9467, 1.0000, 0.6867, 0.9667, 1.0000, 0.9857, 0.9917, 0.9949,
        0.9750, 0.9667, 0.9725, 0.9333, 0.8000, 0.9667, 0.9889])
tensor([0.7500, 0.9792, 0.9800, 0.9600, 0.9652, 0.9429, 0.7067, 0.9444, 0.9156,
        0.9854, 0.9848, 0.9857, 0.9406, 0.9917, 0.9963, 0.9952, 0.9800, 0.9222,
        0.8231, 0.8833, 0.9778, 0.5778, 0.9833, 0.9667, 0.9111, 0.9333, 0.8667,
        0.5000, 0.9333, 1.0000, 0.6800, 0.9630, 1.0000, 0.9952, 0.9917, 0.9974,
        0.9667, 0.9667, 0.9754, 0.8667, 0.8222, 0.9667, 1.0000])
tensor([0.9000, 0.9764, 0.9827, 0.9622, 0.9652, 0.9365, 0.7467, 0.9733, 0.9289,
        0.9958, 0.9848, 0.9571, 0.9406, 0.9917, 0.9963, 1.0000, 0.9800, 0.9333,
        0.8538, 0.9833, 0.9889, 0.5778, 0.9833, 0.9733, 0.9222, 0.9271, 0.8611,
        0.5000, 0.9467, 1.0000, 0.6733, 0.9593, 1.0000, 0.9857, 0.9917, 0.9949,
        0.9833, 0.9667, 0.9754, 0.9333, 0.8222, 0.9667, 1.0000])
tensor([0.9000, 0.9736, 0.9867, 0.9622, 0.9576, 0.9349, 0.7467, 0.9511, 0.9178,
        0.9937, 0.9848, 0.9857, 0.9638, 0.9903, 1.0000, 0.9905, 0.9733, 0.9361,
        0.8436, 0.9333, 0.9778, 0.5778, 0.9833, 0.9667, 0.9111, 0.9312, 0.8611,
        0.5000, 0.9467, 1.0000, 0.7333, 0.9667, 1.0000, 0.9905, 0.9917, 0.9974,
        0.9833, 0.9667, 0.9739, 0.8778, 0.8000, 0.9000, 0.9889])
tensor([0.9500, 0.9681, 0.9920, 0.9578, 0.9667, 0.9349, 0.7400, 0.9733, 0.9222,
        0.9958, 0.9848, 0.9810, 0.9580, 0.9917, 1.0000, 0.9952, 0.9800, 0.9278,
        0.8462, 0.9833, 0.9667, 0.5889, 0.9833, 0.9800, 0.9111, 0.9333, 0.8667,
        0.4500, 0.9533, 1.0000, 0.6867, 0.9593, 1.0000, 0.9857, 0.9917, 0.9974,
        0.9667, 0.9500, 0.9783, 0.9333, 0.7889, 0.9000, 0.9889])
tensor([0.9000, 0.9764, 0.9747, 0.9800, 0.9636, 0.9429, 0.8133, 0.9644, 0.9111,
        0.9896, 0.9848, 0.9810, 0.9536, 0.9903, 1.0000, 1.0000, 0.9733, 0.9472,
        0.8538, 0.9833, 0.9778, 0.5778, 0.9833, 0.9933, 0.9000, 0.9250, 0.8611,
        0.5000, 0.9467, 1.0000, 0.6600, 0.9667, 1.0000, 0.9952, 0.9917, 0.9949,
        0.9750, 0.9500, 0.9739, 0.9111, 0.8000, 0.9333, 0.9889])
tensor([0.9167, 0.9736, 0.9853, 0.9622, 0.9667, 0.9397, 0.8333, 0.9622, 0.9311,
        0.9958, 0.9848, 0.9881, 0.9522, 0.9861, 1.0000, 1.0000, 0.9800, 0.9528,
        0.8513, 0.9500, 0.9889, 0.5667, 0.9833, 0.9867, 0.9111, 0.9333, 0.8222,
        0.5000, 0.9400, 1.0000, 0.6067, 0.9704, 1.0000, 0.9905, 0.9917, 0.9974,
        0.9833, 0.9500, 0.9667, 0.9333, 0.8000, 0.9000, 0.9889])
tensor([0.8833, 0.9722, 0.9920, 0.9778, 0.9667, 0.9127, 0.8200, 0.9578, 0.9378,
        0.9854, 0.9848, 0.9857, 0.9377, 0.9903, 1.0000, 1.0000, 0.9800, 0.9444,
        0.8513, 0.9667, 0.9667, 0.5778, 0.9667, 0.9867, 0.9111, 0.9271, 0.8667,
        0.5000, 0.9400, 1.0000, 0.6400, 0.9667, 1.0000, 0.9905, 0.9917, 0.9949,
        0.9667, 0.9667, 0.9739, 0.9333, 0.8000, 0.9167, 0.9889])
tensor([0.8833, 0.9681, 0.9933, 0.9711, 0.9606, 0.9333, 0.8000, 0.9733, 0.9333,
        0.9937, 0.9848, 0.9714, 0.9522, 0.9917, 1.0000, 0.9905, 0.9733, 0.9444,
        0.8385, 0.9500, 0.9556, 0.5778, 0.9833, 0.9867, 0.9222, 0.9271, 0.8667,
        0.5000, 0.9600, 1.0000, 0.7200, 0.9667, 1.0000, 0.9952, 0.9917, 0.9949,
        0.9667, 0.9667, 0.9797, 0.9000, 0.7889, 0.9500, 0.9889])
tensor([0.9167, 0.9764, 0.9867, 0.9778, 0.9652, 0.9317, 0.8000, 0.9778, 0.9200,
        0.9958, 0.9848, 0.9667, 0.9377, 0.9917, 1.0000, 1.0000, 0.9667, 0.9361,
        0.8615, 0.9833, 0.9889, 0.5778, 0.9917, 0.9867, 0.9111, 0.9312, 0.8333,
        0.5000, 0.9600, 1.0000, 0.7400, 0.9704, 1.0000, 0.9905, 0.9917, 0.9949,
        0.9833, 0.9833, 0.9739, 0.9333, 0.7889, 0.9000, 1.0000])
tensor([0.9000, 0.9722, 0.9880, 0.9578, 0.9621, 0.9397, 0.8267, 0.9778, 0.9333,
        0.9896, 0.9818, 0.9762, 0.9420, 0.9944, 1.0000, 0.9905, 0.9800, 0.9389,
        0.8487, 0.9667, 0.9778, 0.5778, 0.9833, 0.9533, 0.9222, 0.9312, 0.8667,
        0.5000, 0.9400, 1.0000, 0.8000, 0.9704, 1.0000, 0.9952, 0.9917, 0.9923,
        0.9667, 0.9833, 0.9797, 0.9333, 0.8000, 0.9667, 0.9889])
tensor([0.9333, 0.9764, 0.9760, 0.9689, 0.9621, 0.9365, 0.8133, 0.9733, 0.9378,
        0.9958, 0.9864, 0.9667, 0.9435, 0.9944, 1.0000, 1.0000, 0.9733, 0.9472,
        0.8256, 0.9833, 0.9889, 0.5778, 0.9750, 0.9867, 0.9222, 0.9271, 0.8667,
        0.5000, 0.9533, 1.0000, 0.6667, 0.9667, 1.0000, 0.9952, 0.9917, 0.9974,
        0.9833, 0.9667, 0.9696, 0.9000, 0.8000, 0.9000, 0.9889])
tensor([0.8833, 0.9833, 0.9760, 0.9622, 0.9652, 0.9429, 0.8000, 0.9756, 0.9467,
        0.9937, 0.9864, 0.9833, 0.9464, 0.9944, 1.0000, 1.0000, 0.9800, 0.9417,
        0.8436, 0.9000, 0.9889, 0.5778, 0.9917, 0.9800, 0.9111, 0.9292, 0.8611,
        0.5000, 0.9467, 1.0000, 0.6867, 0.9667, 1.0000, 0.9905, 0.9917, 0.9949,
        0.9833, 0.9500, 0.9696, 0.9333, 0.8222, 0.9000, 0.9889])
tensor([0.9000, 0.9806, 0.9733, 0.9822, 0.9636, 0.9317, 0.8133, 0.9600, 0.8978,
        0.9854, 0.9833, 0.9810, 0.9319, 0.9917, 1.0000, 1.0000, 0.9733, 0.9361,
        0.8564, 0.9833, 0.9889, 0.5778, 0.9833, 0.9867, 0.9111, 0.9312, 0.8500,
        0.5000, 0.9467, 1.0000, 0.7200, 0.9667, 1.0000, 0.9905, 0.9917, 0.9974,
        0.9750, 0.9667, 0.9812, 0.9333, 0.8111, 0.9500, 0.9889])
tensor([0.9000, 0.9694, 0.9920, 0.9644, 0.9530, 0.9381, 0.8133, 0.9733, 0.9400,
        0.9958, 0.9848, 0.9786, 0.9232, 0.9944, 1.0000, 0.9952, 0.9800, 0.9444,
        0.8692, 0.9000, 0.9778, 0.5889, 0.9750, 0.9867, 0.9222, 0.9271, 0.8611,
        0.5000, 0.9600, 1.0000, 0.6733, 0.9704, 1.0000, 0.9905, 0.9917, 0.9949,
        0.9833, 0.9667, 0.9652, 0.9333, 0.8222, 0.9000, 0.9889])
tensor([0.9167, 0.9736, 0.9920, 0.9711, 0.9667, 0.9365, 0.8267, 0.9600, 0.9178,
        0.9937, 0.9864, 0.9857, 0.9319, 0.9931, 1.0000, 0.9905, 0.9733, 0.9333,
        0.8231, 0.8333, 0.9556, 0.6000, 0.9833, 0.9867, 0.9111, 0.9208, 0.8722,
        0.5000, 0.9667, 1.0000, 0.6467, 0.9667, 1.0000, 0.9905, 0.9917, 0.9974,
        0.9833, 0.9500, 0.9783, 0.9333, 0.8222, 0.9000, 0.9889])
tensor([0.9167, 0.9736, 0.9853, 0.9689, 0.9561, 0.9413, 0.8333, 0.9711, 0.9178,
        0.9937, 0.9864, 0.9619, 0.9348, 0.9931, 1.0000, 1.0000, 0.9667, 0.9361,
        0.8564, 0.8833, 0.9778, 0.5778, 0.9750, 0.9867, 0.9111, 0.9292, 0.8500,
        0.5000, 0.9467, 1.0000, 0.7733, 0.9630, 1.0000, 0.9905, 0.9917, 0.9949,
        0.9833, 0.9833, 0.9754, 0.9333, 0.8111, 0.9000, 1.0000])
tensor([0.9333, 0.9847, 0.9693, 0.9644, 0.9621, 0.9381, 0.8333, 0.9667, 0.9400,
        0.9958, 0.9848, 0.9619, 0.9536, 0.9917, 1.0000, 1.0000, 0.9733, 0.9556,
        0.8513, 0.9833, 0.9889, 0.5778, 0.9833, 0.9933, 0.9111, 0.9271, 0.8667,
        0.5000, 0.9467, 1.0000, 0.6600, 0.9630, 1.0000, 0.9905, 0.9917, 0.9949,
        0.9833, 0.9833, 0.9768, 0.9333, 0.8000, 0.9000, 1.0000])
tensor([0.9167, 0.9736, 0.9893, 0.9756, 0.9652, 0.9397, 0.8200, 0.9467, 0.9311,
        0.9958, 0.9848, 0.9667, 0.9493, 0.9944, 1.0000, 1.0000, 0.9667, 0.9472,
        0.8564, 0.9500, 0.9778, 0.5889, 0.9750, 0.9867, 0.9111, 0.9271, 0.8611,
        0.5000, 0.9400, 1.0000, 0.6733, 0.9630, 1.0000, 0.9905, 0.9917, 0.9897,
        0.9833, 0.9667, 0.9797, 0.9333, 0.8111, 0.9000, 1.0000])
tensor([0.9333, 0.9736, 0.9867, 0.9711, 0.9621, 0.9381, 0.8067, 0.9689, 0.9444,
        0.9958, 0.9848, 0.9881, 0.9739, 0.9917, 1.0000, 1.0000, 0.9733, 0.9417,
        0.8462, 0.9167, 0.9667, 0.5889, 0.9750, 0.9733, 0.9333, 0.9250, 0.8611,
        0.5000, 0.9667, 0.9889, 0.7000, 0.9630, 1.0000, 0.9905, 0.9917, 0.9974,
        0.9833, 0.9833, 0.9710, 0.9333, 0.8000, 0.9000, 0.9889])
tensor([0.9333, 0.9833, 0.9773, 0.9800, 0.9621, 0.9365, 0.8267, 0.9644, 0.9244,
        0.9937, 0.9848, 0.9857, 0.9638, 0.9917, 1.0000, 1.0000, 0.9600, 0.9417,
        0.8538, 0.9500, 0.9556, 0.5778, 0.9750, 0.9800, 0.9222, 0.9271, 0.8611,
        0.5000, 0.9600, 0.9778, 0.7067, 0.9593, 1.0000, 0.9905, 0.9917, 0.9949,
        0.9750, 0.9667, 0.9797, 0.9333, 0.8000, 0.9000, 0.9889])
tensor([0.9333, 0.9750, 0.9880, 0.9733, 0.9545, 0.9413, 0.8200, 0.9667, 0.9444,
        0.9917, 0.9848, 0.9738, 0.9652, 0.9931, 1.0000, 1.0000, 0.9667, 0.9417,
        0.8462, 0.8667, 0.9778, 0.5778, 0.9750, 0.9733, 0.9222, 0.9250, 0.8722,
        0.5000, 0.9667, 0.9889, 0.7333, 0.9667, 1.0000, 0.9952, 0.9917, 0.9974,
        0.9833, 0.9500, 0.9783, 0.9222, 0.8222, 0.9000, 0.9889])
tensor([0.8833, 0.9736, 0.9867, 0.9689, 0.9652, 0.9349, 0.7933, 0.9689, 0.9267,
        0.9979, 0.9864, 0.9786, 0.9594, 0.9889, 1.0000, 1.0000, 0.9467, 0.9417,
        0.8359, 0.9833, 0.9889, 0.5778, 0.9750, 0.9867, 0.9111, 0.9312, 0.8556,
        0.5000, 0.9600, 1.0000, 0.7067, 0.9593, 1.0000, 0.9905, 0.9917, 0.9974,
        0.9667, 0.9667, 0.9797, 0.9333, 0.8222, 0.8833, 0.9889])
tensor([0.9333, 0.9681, 0.9907, 0.9667, 0.9697, 0.9349, 0.7933, 0.9711, 0.9311,
        0.9937, 0.9864, 0.9595, 0.9536, 0.9889, 1.0000, 1.0000, 0.9600, 0.9417,
        0.8513, 0.9833, 0.9889, 0.5889, 0.9750, 0.9800, 0.9222, 0.9229, 0.8667,
        0.5000, 0.9667, 1.0000, 0.6600, 0.9630, 1.0000, 0.9952, 0.9917, 0.9897,
        0.9833, 0.9500, 0.9754, 0.9333, 0.8333, 0.9000, 1.0000])
tensor([0.9167, 0.9833, 0.9653, 0.9644, 0.9621, 0.9349, 0.8733, 0.9756, 0.9578,
        0.9937, 0.9848, 0.9548, 0.9507, 0.9931, 1.0000, 1.0000, 0.9800, 0.9611,
        0.8231, 0.9833, 0.9667, 0.5778, 0.9833, 0.9800, 0.9222, 0.9250, 0.8667,
        0.5000, 0.9400, 1.0000, 0.7933, 0.9667, 1.0000, 0.9905, 0.9917, 0.9923,
        0.9833, 0.9667, 0.9768, 0.9333, 0.8222, 0.9000, 0.9889])
tensor([0.8833, 0.9792, 0.9867, 0.9689, 0.9682, 0.9365, 0.8333, 0.9733, 0.9467,
        0.9875, 0.9864, 0.9714, 0.9609, 0.9903, 1.0000, 1.0000, 0.9733, 0.9444,
        0.8410, 0.9500, 0.9667, 0.5778, 0.9750, 0.9867, 0.9333, 0.9292, 0.8667,
        0.5000, 0.9533, 1.0000, 0.7467, 0.9630, 1.0000, 0.9952, 0.9917, 0.9923,
        0.9667, 0.9667, 0.9826, 0.9333, 0.8222, 0.9167, 0.9778])
tensor([0.7667, 0.9722, 0.9880, 0.9756, 0.9652, 0.9349, 0.8067, 0.9733, 0.9200,
        1.0000, 0.9848, 0.9810, 0.9536, 0.9889, 1.0000, 1.0000, 0.9733, 0.9500,
        0.8487, 0.9333, 0.9889, 0.5778, 0.9833, 0.9867, 0.9222, 0.9271, 0.8667,
        0.5000, 0.9600, 0.9889, 0.6667, 0.9630, 1.0000, 0.9905, 0.9917, 0.9974,
        0.9750, 0.9667, 0.9768, 0.9333, 0.8111, 0.9000, 1.0000])
tensor([0.9333, 0.9708, 0.9893, 0.9556, 0.9652, 0.9381, 0.8333, 0.9689, 0.9378,
        0.9896, 0.9848, 0.9690, 0.9522, 0.9903, 1.0000, 1.0000, 0.9800, 0.9667,
        0.8333, 0.9167, 0.9667, 0.5778, 0.9750, 0.9867, 0.9444, 0.9271, 0.8667,
        0.5000, 0.9600, 0.9889, 0.7067, 0.9630, 1.0000, 0.9905, 0.9917, 0.9923,
        0.9750, 0.9833, 0.9754, 0.9333, 0.8222, 0.9000, 1.0000])
tensor([0.9000, 0.9903, 0.9827, 0.9756, 0.9606, 0.9333, 0.8533, 0.9711, 0.9044,
        0.9958, 0.9833, 0.9905, 0.9391, 0.9944, 1.0000, 1.0000, 0.9867, 0.9583,
        0.8487, 0.8833, 0.9667, 0.5667, 0.9833, 0.9733, 0.9333, 0.9271, 0.8667,
        0.5000, 0.9667, 0.9778, 0.7067, 0.9704, 1.0000, 0.9952, 0.9917, 0.9923,
        0.9750, 0.9500, 0.9783, 0.9333, 0.8111, 0.9500, 0.9889])
tensor([0.8833, 0.9778, 0.9840, 0.9689, 0.9500, 0.9397, 0.8333, 0.9422, 0.9089,
        0.9937, 0.9833, 0.9881, 0.9594, 0.9889, 1.0000, 1.0000, 0.9733, 0.9472,
        0.8487, 0.9333, 0.9889, 0.5667, 0.9750, 0.9867, 0.9222, 0.9312, 0.8500,
        0.5000, 0.9533, 1.0000, 0.6267, 0.9630, 1.0000, 0.9905, 0.9917, 0.9949,
        0.9750, 0.9667, 0.9797, 0.9000, 0.8556, 0.9167, 1.0000])
tensor([0.9167, 0.9764, 0.9880, 0.9689, 0.9652, 0.9317, 0.8267, 0.9778, 0.9244,
        0.9958, 0.9848, 0.9881, 0.9623, 0.9875, 1.0000, 0.9905, 0.9800, 0.9611,
        0.8103, 0.9667, 0.9778, 0.5778, 0.9833, 0.9800, 0.9333, 0.9312, 0.8389,
        0.5000, 0.9733, 0.9889, 0.6867, 0.9667, 1.0000, 0.9905, 0.9833, 0.9974,
        0.9833, 0.9833, 0.9710, 0.9333, 0.8556, 0.9000, 0.9889])
tensor([0.8167, 0.9833, 0.9853, 0.9667, 0.9621, 0.9302, 0.8133, 0.9778, 0.9289,
        0.9958, 0.9848, 0.9690, 0.9594, 0.9931, 1.0000, 1.0000, 0.9667, 0.9444,
        0.8462, 0.9667, 0.9889, 0.5778, 0.9750, 0.9800, 0.9222, 0.9250, 0.8722,
        0.5000, 0.9467, 1.0000, 0.7600, 0.9667, 1.0000, 0.9952, 0.9917, 0.9949,
        0.9750, 0.9833, 0.9710, 0.9333, 0.8000, 0.8833, 0.9778])
