#dataset: gtsrb
#way backdoor looks like: backdoor_green_1_percent
#merge strategy: sequential
#number of benign sources: 4
#number of malicious sources: 1
#batch size: 512
#distribution of data: equally distributed subset
#percentage of poisoned data in backdoored nodes: 0.25
#order of time backdoors being inserted: backdoors first
#attack model: basic
#starttime: 074846
training_type;epoch_number;learn_rate;avg_training_loss;avg_test_loss;test_accuracy;timestamp
backdoor;1;0.0001;3.7546820640563965;in_between;3.662697709446754;100.0;3.7010665059939134;0.0;074922
normal;1;0.0001;in_between;3.760279509120769;0.4750593824228028;3.7469677925109863;3.7310041583160136;5.843230403800475;075307
backdoor;2;0.0001;3.7150511741638184;in_between;3.576549916029543;100.0;3.61862364804471;0.0;075503
normal;2;0.0001;in_between;3.7259386172864706;0.4750593824228028;3.6951589584350586;3.628024241250371;5.7007125890736345;075847
backdoor;3;0.0001;3.5623862743377686;in_between;2.6962769762825984;100.0;4.169540441517592;0.0;080040
normal;3;0.0001;in_between;3.598777151221051;0.4750593824228028;3.5305755138397217;3.4730552449834224;9.144893111638956;080427
backdoor;4;0.0001;3.490386486053467;in_between;2.500612830662671;100.0;4.166418147747798;0.0;080619
normal;4;0.0001;in_between;3.548368307492701;0.4750593824228028;3.494337797164917;3.448612119504033;8.701504354711005;081004
backdoor;5;0.0001;3.4711413383483887;in_between;2.4734846270660134;100.0;4.138712980703805;0.0;081201
normal;5;0.0001;in_between;3.520634956994136;0.4750593824228028;3.4564969539642334;3.4166936323176467;9.398258115597782;081549
backdoor;6;0.0001;3.433729648590088;in_between;2.4683963730329572;100.0;4.107021739533848;0.0;081745
normal;6;0.0001;in_between;3.4874297443308344;0.4750593824228028;3.417522668838501;3.3881660515792014;11.694378463974664;082134
backdoor;7;0.0001;3.404541254043579;in_between;2.4686644444650634;98.47189231987332;4.0982354702500245;0.0;082327
normal;7;0.0001;in_between;3.454644461274619;1.6310372129849564;3.3778791427612305;3.339024931725678;13.768804433887569;082716
backdoor;8;0.0001;3.3693065643310547;in_between;2.5068932999152564;86.90419635787806;4.16960481113606;0.0;082908
normal;8;0.0001;in_between;3.3999705794116193;5.186064924782264;3.2903919219970703;3.1955972630734113;21.021377672209027;083301
backdoor;9;0.0001;3.288041591644287;in_between;2.7180805656330413;42.391132224861444;4.564994487022466;0.0;083458
normal;9;0.0001;in_between;3.2339892558794783;19.849564528899446;2.984373092651367;2.714892747264388;24.996041171813143;083852
backdoor;10;0.0001;3.1710357666015625;in_between;3.4229596184060767;0.0791765637371338;5.223238901363321;0.0;084052
normal;10;0.0001;in_between;2.978702069763522;24.164687252573238;2.479273796081543;2.247634462430566;35.6215360253365;084455
backdoor;11;0.0001;2.9588208198547363;in_between;3.839638791722338;0.1583531274742676;5.747404406284021;0.0;084649
normal;11;0.0001;in_between;2.4600173720649;35.94615993665875;2.0935263633728027;1.9778877711352714;41.757719714964374;085045
backdoor;12;0.0001;2.7226688861846924;in_between;3.954195043423397;0.4829770387965162;6.112348876373218;0.0;085242
normal;12;0.0001;in_between;2.0984116168411027;42.066508313539195;1.7848612070083618;1.7053778508685453;49.24782264449723;085636
backdoor;13;0.0001;2.491176128387451;in_between;4.302767439334051;0.26920031670625494;6.641186136833185;0.0;085833
normal;13;0.0001;in_between;1.8150835123311313;48.93111638954869;1.5058597326278687;1.4514517161172247;57.86223277909739;090227
backdoor;14;0.0001;2.35150146484375;in_between;4.534111896433343;0.0;7.314870425697744;0.0;090428
normal;14;0.0001;in_between;1.5915476456957023;56.35787806809184;1.2633867263793945;1.214210016125266;65.29691211401425;090826
backdoor;15;0.0001;2.2244222164154053;in_between;4.980032554016355;0.0;7.976234195615598;0.0;091024
normal;15;0.0001;in_between;1.3934616946645513;63.357086302454476;1.0682408809661865;1.0549955076578583;70.02375296912113;091420
backdoor;16;0.0001;2.178048610687256;in_between;5.141258886100183;0.0;8.242851164297555;0.0;091615
normal;16;0.0001;in_between;1.249360493639586;68.39271575613618;0.9279698729515076;0.9514577543933714;73.3095803642122;092004
backdoor;17;0.0001;2.1274619102478027;in_between;5.162431590366439;0.0;8.385089193481543;0.0;092157
normal;17;0.0001;in_between;1.137792879347752;72.33570863024545;0.8150909543037415;0.8428148222837955;77.13380839271575;092548
backdoor;18;0.0001;2.0332224369049072;in_between;5.197862619383413;0.0;8.344550174281226;0.0;092742
normal;18;0.0001;in_between;1.0261330448250305;76.00158353127475;0.7320456504821777;0.771060954476762;79.08155186064924;093127
backdoor;19;0.0001;1.958333134651184;in_between;4.897196277850975;0.06334125098970704;8.23209442114509;0.01583531274742676;093321
normal;19;0.0001;in_between;0.9382374706857278;79.08946951702296;0.657845139503479;0.7127587784308813;80.95011876484561;093707
backdoor;20;0.0001;2.0419087409973145;in_between;4.520788148954003;0.21377672209026127;8.223632773839569;0.023752969121140142;093900
normal;20;0.0001;in_between;0.9270673424123491;80.33254156769596;0.6068206429481506;0.6569163064964216;82.3119556611243;094245
backdoor;21;0.0001;2.071303606033325;in_between;4.356025160595433;0.4433887569279493;8.05129800465781;0.03167062549485352;094438
normal;21;0.0001;in_between;0.8703278657093184;82.05067300079176;0.5583798885345459;0.6143239450945518;83.53127474267617;094825
backdoor;22;0.0001;1.906447172164917;in_between;3.9862850766095113;2.8820269200316706;7.834928095463431;0.1187648456057007;095017
normal;22;0.0001;in_between;0.7898013527961544;83.729216152019;0.5063183903694153;0.5796537234683123;84.3784639746635;095407
backdoor;23;0.0001;2.003434896469116;in_between;3.7583031202061066;3.8954869358669835;7.869337619228771;0.1583531274742676;095601
normal;23;0.0001;in_between;0.7810155033404546;84.05384006334126;0.4727729856967926;0.5492912464640203;85.45526524148852;095954
backdoor;24;0.0001;1.9174708127975464;in_between;3.7034788879249554;5.328582739509105;7.746631709904493;0.2850356294536817;100147
normal;24;0.0001;in_between;0.7247612168651106;85.11480601741884;0.4412393569946289;0.5190299519639305;86.34996041171813;100538
backdoor;25;0.0001;1.8707672357559204;in_between;3.5930423014709523;6.777513855898654;7.671266542798644;0.2850356294536817;100731
normal;25;0.0001;in_between;0.691676434466316;85.63737133808392;0.41298428177833557;0.4983532299244111;86.88836104513064;101118
backdoor;26;0.0001;1.7946628332138062;in_between;3.3519994305318437;10.736342042755345;7.539445102960461;0.5304829770387965;101312
normal;26;0.0001;in_between;0.6630226848055613;86.08076009501188;0.3851022720336914;0.47895303637096076;87.45051464766429;101702
backdoor;27;0.0001;1.788120150566101;in_between;3.1641635970284048;13.784639746634996;7.4084560802033845;0.5938242280285035;101900
normal;27;0.0001;in_between;0.6429387253423767;86.5083135391924;0.366697758436203;0.45783311446696545;88.05225653206651;102248
backdoor;28;0.0001;1.7539222240447998;in_between;3.167411044280112;14.315122723673792;7.331902472102633;0.7996832937450514;102441
normal;28;0.0001;in_between;0.625973102995449;86.9754552652415;0.3462212383747101;0.44170203159842714;88.55898653998416;102829
backdoor;29;0.0001;1.7023075819015503;in_between;3.132373114530755;15.035629453681711;7.198964074407413;0.997624703087886;103022
normal;29;0.0001;in_between;0.6126865559122625;87.14172604908947;0.32820186018943787;0.4256291163694453;89.00237529691212;103413
backdoor;30;0.0001;1.592171311378479;in_between;2.9006662835417902;20.546318289786225;7.032734579900287;1.3143309580364213;103607
normal;30;0.0001;in_between;0.566663644508247;87.99683293745052;0.30714958906173706;0.4118203399489064;89.2874109263658;103957
backdoor;31;0.0001;1.6609315872192383;in_between;2.774162615053444;22.897862232779097;6.891204249245348;1.536025336500396;104152
normal;31;0.0001;in_between;0.6314083567518898;86.75376088677751;0.29865387082099915;0.4028342886567588;89.5249406175772;104544
backdoor;32;0.0001;1.6320439577102661;in_between;2.5791358639678594;27.220902612826603;6.655990549844121;2.4386381631037213;104737
normal;32;0.0001;in_between;0.6128282868663942;87.26049089469517;0.2861984074115753;0.3898036070315496;89.98416468725257;105127
backdoor;33;0.0001;1.5142099857330322;in_between;2.3912964447093974;32.961203483768806;6.379449603034689;3.5154394299287413;105322
normal;33;0.0001;in_between;0.5460930667976869;88.1710213776722;0.2719385325908661;0.37786979569580853;90.26920031670626;105712
backdoor;34;0.0001;1.5673490762710571;in_between;2.1567384938823735;39.05779889152811;6.08866331171442;5.510688836104513;105907
normal;34;0.0001;in_between;0.6456134805203617;86.34204275534442;0.2655234634876251;0.37038756013388496;90.39588281868566;110257
backdoor;35;0.0001;1.4538947343826294;in_between;1.9821815520926118;44.441805225653205;5.825112617836996;7.608867775138559;110449
normal;35;0.0001;in_between;0.584294814640628;87.37133808392716;0.2506861984729767;0.3589531574566404;90.79968329374505;110838
backdoor;36;0.0001;1.4051162004470825;in_between;1.7502145219019076;50.46714172604909;5.431367672688416;10.823436262866192;111032
normal;36;0.0001;in_between;0.5792130522376852;87.32383214568488;0.24356848001480103;0.3541885244591502;90.64133016627079;111421
backdoor;37;0.0001;1.39065682888031;in_between;1.6757873051900856;52.95328582739509;5.132288380529988;14.893111638954869;111614
normal;37;0.0001;in_between;0.6204888764394245;86.44497228820269;0.24048446118831635;0.34477615235631465;90.87885985748218;112002
backdoor;38;0.0001;1.3136101961135864;in_between;1.4117802297512123;59.992082343626286;4.631786877412411;21.14806017418844;112156
normal;38;0.0001;in_between;0.5901956894996142;86.81710213776722;0.23012928664684296;0.33420385978378575;91.1797307996833;112546
backdoor;39;0.0001;1.2209928035736084;in_between;1.1753119486055956;66.70625494853523;4.098241520607556;28.21852731591449;112737
normal;39;0.0001;in_between;0.5578145487008356;87.40300870942201;0.2221754938364029;0.330643057804304;91.23515439429929;113127
backdoor;40;0.0001;1.1048822402954102;in_between;0.9869310875875272;72.24069675376089;3.482446849638757;37.3950910530483;113319
normal;40;0.0001;in_between;0.5224079222690464;87.94140934283452;0.21398445963859558;0.3259737087258817;91.27474267616786;113705
backdoor;41;0.0001;0.9849371910095215;in_between;0.7827030619834966;78.06809184481394;2.960223403169537;45.83531274742676;113900
normal;41;0.0001;in_between;0.4983961288077626;88.40855106888361;0.20354430377483368;0.3224697037528454;91.40142517814726;114253
backdoor;42;0.0001;0.8351085782051086;in_between;0.649603550564365;81.81314330958037;2.508027471329424;52.6603325415677;114448
normal;42;0.0001;in_between;0.45903272591029853;89.01821060965955;0.19198836386203766;0.3174344975704818;91.61520190023752;114837
backdoor;43;0.0001;0.7370850443840027;in_between;0.5009844045269045;85.53444180522565;2.058321140799745;60.28503562945368;115030
normal;43;0.0001;in_between;0.44015640808492074;89.3428345209818;0.1859814077615738;0.31370367622526507;91.6627078384798;115419
backdoor;44;0.0001;0.5472705960273743;in_between;0.4035198522765582;88.65399841646872;1.8080991091090162;64.48139350752177;115614
normal;44;0.0001;in_between;0.3783755787949853;90.34045922406968;0.1700565665960312;0.3056557637967482;91.8289786223278;120003
backdoor;45;0.0001;0.6080110669136047;in_between;0.48092933709151386;86.63499604117182;1.5210166466019026;69.5249406175772;120155
normal;45;0.0001;in_between;0.41805860862218475;89.63578780680919;0.17367684841156006;0.30227913633755815;92.13776722090262;120545
backdoor;46;0.0001;0.3723463714122772;in_between;0.29752489816359085;91.81314330958037;1.362975750437636;72.42280285035629;120739
normal;46;0.0001;in_between;0.3401383681610663;91.15597783056215;0.15075811743736267;0.2974018509201086;92.02692003167063;121130
backdoor;47;0.0001;0.3555610179901123;in_between;0.23838816240300098;93.4837688044339;1.1289995037933616;76.40538400633413;121322
normal;47;0.0001;in_between;0.33136223727337255;91.17181314330958;0.1439817100763321;0.2941601908027607;92.21694378463975;121711
backdoor;48;0.0001;0.3242807686328888;in_between;0.20826285053413252;94.26761678543151;1.107659996679069;76.8646080760095;121904
normal;48;0.0001;in_between;0.32234486468897294;91.56769596199526;0.13945479691028595;0.28738053005457115;92.47030878859857;122302
backdoor;49;0.0001;0.3150787651538849;in_between;0.19498800064775554;94.6159936658749;0.9779492037690828;79.67537608867775;122455
normal;49;0.0001;in_between;0.3185229133068335;91.62311955661124;0.13443025946617126;0.28369638272343606;92.42280285035629;122844
backdoor;50;0.0001;0.2752673625946045;in_between;0.19035780779067618;94.79809976247031;0.9203985653693773;80.8867775138559;123038
normal;50;0.0001;in_between;0.3070331991804279;92.04275534441805;0.12468426674604416;0.2786901123638863;92.69992082343626;123427
backdoor;51;0.0001;0.26233479380607605;in_between;0.15242560983931178;95.81155977830562;0.8139055724759378;82.90577988915281;123623
normal;51;0.0001;in_between;0.30596520083345125;92.09026128266034;0.12134361267089844;0.2783460005445322;92.73950910530483;124015
backdoor;52;0.0001;0.25452640652656555;in_between;0.14613192838425684;96.0332541567696;0.682637045672274;85.41567695961996;124210
normal;52;0.0001;in_between;0.2991153010280002;92.25653206650831;0.11730153858661652;0.27364789006828977;92.90577988915281;124600
backdoor;53;0.0001;0.21545268595218658;in_between;0.14108445053523436;96.12826603325416;0.7803317156842278;83.72129849564529;124753
normal;53;0.0001;in_between;0.29757616068763765;92.42280285035629;0.11284895986318588;0.2671609608219053;93.03246239113223;125144
backdoor;54;0.0001;0.2206883430480957;in_between;0.14118384982703322;96.19160728424386;0.6151571652857161;86.79334916864607;125336
normal;54;0.0001;in_between;0.29054356746416854;92.43863816310372;0.10855060070753098;0.2690196698748301;93.1353919239905;125727
backdoor;55;0.0001;0.18762335181236267;in_between;0.13352643131549077;96.55581947743468;0.6821606223015019;85.55027711797308;125920
normal;55;0.0001;in_between;0.2885610486058517;92.58115597783056;0.10219481587409973;0.26367248231611456;93.26999208234362;130311
backdoor;56;0.0001;0.19815443456172943;in_between;0.10840366511522355;97.1021377672209;0.5821094914645499;87.42676167854314;130510
normal;56;0.0001;in_between;0.2859112898886251;92.85827395091053;0.0994541347026825;0.2634166018319149;93.30166270783847;130907
backdoor;57;0.0001;0.19279886782169342;in_between;0.1061432097700033;97.18131433095803;0.5964421493518192;87.61678543151227;131101
normal;57;0.0001;in_between;0.2859320524280636;92.81076801266825;0.09719710052013397;0.25658133416919604;93.61836896278702;131451
backdoor;58;0.0001;0.17436754703521729;in_between;0.11148422706344255;97.09422011084719;0.5354705387698405;88.756927949327;131645
normal;58;0.0001;in_between;0.2748217738250467;93.22248614410135;0.091974176466465;0.2575375307767238;93.49960411718132;132035
backdoor;59;0.0001;0.16469009220600128;in_between;0.10210695621614313;97.35550277117973;0.518099540656083;88.97862232779097;132228
normal;59;0.0001;in_between;0.27744732960197344;93.07996832937451;0.09348343312740326;0.25202148162648497;93.59461599366587;132617
backdoor;60;0.0001;0.15420663356781006;in_between;0.09056384780533429;97.61678543151227;0.4761568300514493;89.90498812351544;132812
normal;60;0.0001;in_between;0.27658110420003545;93.11955661124307;0.08810122311115265;0.25626048128093315;93.61836896278702;133203
backdoor;61;0.0001;0.14275167882442474;in_between;0.0907584961312023;97.57719714964371;0.5492306562047673;88.50356294536817;133357
normal;61;0.0001;in_between;0.27405478778757564;93.24623911322249;0.08412560820579529;0.25307983381825594;93.62628661916072;133749
backdoor;62;0.0001;0.14927434921264648;in_between;0.08110597630105883;97.83056215360253;0.41894339155980925;90.97387173396675;133941
normal;62;0.0001;in_between;0.27293083579032457;93.1908155186065;0.08332927525043488;0.2505247261820572;93.74505146476643;134333
backdoor;63;0.0001;0.13058093190193176;in_between;0.09099418914988223;97.58511480601742;0.43285074241559657;90.87094220110848;134528
normal;63;0.0001;in_between;0.26864817370900257;93.46001583531275;0.07993205636739731;0.24620162106088864;93.94299287410927;134916
backdoor;64;0.0001;0.13612839579582214;in_between;0.09033288902832418;97.6880443388757;0.4185553785552133;91.243072050673;135111
normal;64;0.0001;in_between;0.2633681060960155;93.46793349168647;0.07929583638906479;0.24616853075186035;93.88756927949326;135501
backdoor;65;0.0001;0.12732331454753876;in_between;0.08182536636376701;97.8147268408551;0.3525694701375229;92.35946159936658;135656
normal;65;0.0001;in_between;0.2602141111499246;93.4916864608076;0.07500360906124115;0.2427335195473424;93.99049881235155;140047
backdoor;66;0.0001;0.121037557721138;in_between;0.07032418194406106;98.14726840855107;0.35744904845079917;92.27236737925574;140240
normal;66;0.0001;in_between;0.2605590609643352;93.51543942992875;0.07570058107376099;0.24227857272585326;93.99841646872525;140631
backdoor;67;0.0001;0.11830302327871323;in_between;0.075430181643742;98.08392715756136;0.3484340024390866;92.59699129057799;140827
normal;67;0.0001;in_between;0.2571484486450775;93.6104513064133;0.07449241727590561;0.23902443178287122;94.10134600158354;141223
backdoor;68;0.0001;0.11088555306196213;in_between;0.06851115404190945;98.23436262866191;0.3806053753608951;92.00316706254948;141417
normal;68;0.0001;in_between;0.25826621474676065;93.65003958828187;0.06847682595252991;0.23798475424071105;94.08551068883611;141809
backdoor;69;0.0001;0.11681438982486725;in_between;0.0662412923192185;98.2818685669042;0.3031504071523345;93.42042755344418;142003
normal;69;0.0001;in_between;0.25948288465244657;93.673792557403;0.06632173806428909;0.24201197560024185;94.03008709422011;142401
backdoor;70;0.0001;0.10790340602397919;in_between;0.06764575100473628;98.29770387965162;0.34739472728255055;92.64449722882027;142558
normal;70;0.0001;in_between;0.2554589543376569;93.6658749010293;0.0681963786482811;0.23619446331607097;94.15676959619952;142954
backdoor;71;0.0001;0.10865519940853119;in_between;0.05812802152414692;98.51148060174188;0.3155084206769132;93.1987331749802;143150
normal;71;0.0001;in_between;0.25551438561905404;93.63420427553444;0.06413409858942032;0.2375886323238684;94.1409342834521;143540
backdoor;72;0.0001;0.10521445423364639;in_between;0.05620621472054404;98.54315122723673;0.2954508566233438;93.64212193190815;143737
normal;72;0.0001;in_between;0.25683431179865146;93.65795724465558;0.06416044384241104;0.23438275900513808;94.29136975455265;144130
backdoor;73;0.0001;0.1017201766371727;in_between;0.05582819332325166;98.61441013460016;0.28124125609771655;93.75296912114014;144329
normal;73;0.0001;in_between;0.2543058060127313;93.784639746635;0.062119513750076294;0.23550433546233912;94.16468725257324;144652
backdoor;74;0.0001;0.0959184542298317;in_between;0.060508612499101146;98.50356294536817;0.27262971867480545;94.08551068883611;144823
normal;74;0.0001;in_between;0.25046578963786387;93.87965162311956;0.062384165823459625;0.23140932405551842;94.22802850356294;145134
backdoor;75;0.0001;0.09082740545272827;in_between;0.05330515455274665;98.61441013460016;0.2847724703126546;93.784639746635;145310
normal;75;0.0001;in_between;0.25199180147710154;93.75296912114014;0.05999743938446045;0.2311159591493584;94.33887569279493;145619
backdoor;76;0.0001;0.09107107669115067;in_between;0.05000360848312801;98.63024544734759;0.24579058456118863;94.63182897862232;145756
normal;76;0.0001;in_between;0.24894024077994617;93.83214568487728;0.05637181177735329;0.2321697143741949;94.36262866191608;150106
backdoor;77;0.0001;0.09007330983877182;in_between;0.05554252384394195;98.52731591448931;0.2502661806953774;94.71100554235946;150239
normal;77;0.0001;in_between;0.25053082660182735;94.03008709422011;0.056224629282951355;0.23223540241153864;94.3230403800475;150548
backdoor;78;0.0001;0.08886188268661499;in_between;0.04985683838337636;98.701504354711;0.21681679659954442;95.27315914489311;150721
normal;78;0.0001;in_between;0.24997433611823752;93.95882818685669;0.055364109575748444;0.2309696950708602;94.35471100554236;151032
backdoor;79;0.0001;0.08252118527889252;in_between;0.047825219493391774;98.68566904196358;0.2283992703906714;95.1464766429137;151205
normal;79;0.0001;in_between;0.24703641164331142;93.90340459224069;0.05257589370012283;0.22984137576624974;94.38638163103721;151515
backdoor;80;0.0001;0.07793446630239487;in_between;0.04447787576314484;98.93903404592241;0.21556054218742268;95.46318289786224;151648
normal;80;0.0001;in_between;0.2507650906569601;93.90340459224069;0.05164731293916702;0.2290429310485284;94.43388756927949;151958
backdoor;81;0.0001;0.07995209842920303;in_between;0.042530080107404236;98.89944576405384;0.23036823166992962;95.08313539192399;152131
normal;81;0.0001;in_between;0.2486768306481489;93.95091053048297;0.05137662589550018;0.22765595103103023;94.41013460015836;152443
backdoor;82;0.0001;0.07434183359146118;in_between;0.039180136935067195;98.92319873317498;0.20961888449964122;95.53444180522565;152630
normal;82;0.0001;in_between;0.24864675430485114;93.97466349960412;0.05083804577589035;0.22885275559111992;94.47347585114807;153020
backdoor;83;0.0001;0.07151376456022263;in_between;0.043631815023112655;98.85985748218528;0.21754211582839253;95.39192399049881;153216
normal;83;0.0001;in_between;0.2448492908326766;94.10134600158354;0.051795843988657;0.2294536742348569;94.48139350752177;153608
backdoor;84;0.0001;0.0747365951538086;in_between;0.0357278219594525;99.04196357878068;0.1914661905827828;95.86698337292161;153803
normal;84;0.0001;in_between;0.24533999840229725;94.05384006334126;0.05001077800989151;0.22954450019842468;94.47347585114807;154237
backdoor;85;0.0001;0.07137039303779602;in_between;0.04249011502790715;98.86777513855898;0.18502749445319458;95.85114806017418;154523
normal;85;0.0001;in_between;0.24354795156163256;94.07759303246239;0.04707247391343117;0.22582277862778374;94.54473475851148;155058
backdoor;86;0.0001;0.06673504412174225;in_between;0.045170004747259365;98.8202692003167;0.22534297541409187;95.22565320665083;155344
normal;86;0.0001;in_between;0.24195887968829013;94.22011084718923;0.049052488058805466;0.22676707216415345;94.59224069675376;155922
backdoor;87;0.0001;0.07164404541254044;in_between;0.04034606281576512;98.91528107680126;0.18872232172853495;95.85114806017418;160209
normal;87;0.0001;in_between;0.23709267373134102;94.22011084718923;0.04565992206335068;0.22468854057722779;94.63182897862232;160742
backdoor;88;0.0001;0.055531468242406845;in_between;0.040905962949316366;98.93903404592241;0.20883243950415678;95.55819477434679;161026
normal;88;0.0001;in_between;0.23470358505007397;94.37054631828978;0.04386435076594353;0.22427177096961134;94.58432304038004;161554
backdoor;89;0.0001;0.06617484241724014;in_between;0.04192149237046049;98.93903404592241;0.15339994604211898;96.69833729216153;161851
normal;89;0.0001;in_between;0.2325783036383767;94.3230403800475;0.04482743889093399;0.22493471544315582;94.60015835312747;162420
backdoor;90;0.0001;0.062175165861845016;in_between;0.030353446367328733;99.15281076801267;0.14441072489662202;96.76959619952494;162705
normal;90;0.0001;in_between;0.2390700562643986;94.18052256532067;0.04287922382354736;0.2230607416737391;94.57640538400634;163235
backdoor;91;0.0001;0.0546707920730114;in_between;0.0328272324842965;99.12114014251782;0.15114599214313715;96.70625494853523;163514
normal;91;0.0001;in_between;0.2376058766885306;94.23594615993666;0.041722413152456284;0.22593120280844958;94.63974663499604;164039
backdoor;92;0.0001;0.060073018074035645;in_between;0.03597842087749442;99.04196357878068;0.1750836092238377;96.20744259699129;164333
normal;92;0.0001;in_between;0.2403541906995615;94.27553444180522;0.044334881007671356;0.22324106870713162;94.7347585114806;164900
backdoor;93;0.0001;0.0600753016769886;in_between;0.030772766874408497;99.15281076801267;0.11330604160577648;97.52969121140143;165147
normal;93;0.0001;in_between;0.23932366905378522;94.29136975455265;0.04029260203242302;0.22533275214623386;94.58432304038004;165711
backdoor;94;0.0001;0.04680826514959335;in_between;0.03941937791668793;98.9865399841647;0.13604612237200883;96.95170229612035;165956
normal;94;0.0001;in_between;0.23421895326552464;94.42596991290579;0.03961170092225075;0.22228028723293133;94.65558194774347;170526
backdoor;95;0.0001;0.05740741267800331;in_between;0.03395812290581275;99.08155186064924;0.1330727502455904;97.19714964370546;170815
normal;95;0.0001;in_between;0.24146706168838464;94.29928741092637;0.04012911394238472;0.22210980001556807;94.71100554235946;171345
backdoor;96;0.0001;0.054532766342163086;in_between;0.03444098927912406;99.08946951702296;0.13581746993136615;97.09422011084719;171630
normal;96;0.0001;in_between;0.23572340823314725;94.48139350752177;0.038853198289871216;0.21919880268220757;94.83768804433888;172159
backdoor;97;0.0001;0.05111983045935631;in_between;0.03418261025127493;99.08155186064924;0.13429724269694784;97.18923198733175;172445
normal;97;0.0001;in_between;0.23139380015556715;94.47347585114807;0.03662339970469475;0.2239114966924853;94.74267616785431;173014
backdoor;98;0.0001;0.04931517690420151;in_between;0.03756787337109104;99.03404592240696;0.1644812407988173;96.48456057007125;173306
normal;98;0.0001;in_between;0.2335230230435623;94.44972288202692;0.03683948516845703;0.22227179754941312;94.83768804433888;173839
backdoor;99;0.0001;0.05192449316382408;in_between;0.030667128849860135;99.18448139350753;0.13199919763294743;97.23673792557403;174126
normal;99;0.0001;in_between;0.2401428505058621;94.43388756927949;0.03627028688788414;0.22102727937207559;94.87727632620744;174700
backdoor;100;0.0001;0.047043830156326294;in_between;0.02719620678600393;99.25574030087094;0.11205327267318327;97.70387965162313;174948
normal;100;0.0001;in_between;0.24154055518756665;94.34679334916865;0.036690033972263336;0.2255541228341943;94.82977038796517;175530
