tensor([0.0000, 0.9583, 0.0000, 0.0000, 0.0561, 0.0000, 0.0000, 0.0000, 0.0000,
        0.0000, 0.0000, 0.0000, 0.0000, 0.0000, 0.0000, 0.0000, 0.0000, 0.0000,
        0.0000, 0.0000, 0.0000, 0.0000, 0.0000, 0.0000, 0.0000, 0.0000, 0.0000,
        0.0000, 0.0000, 0.0000, 0.0000, 0.0000, 0.0000, 0.0000, 0.0000, 0.0000,
        0.0000, 0.0000, 0.0000, 0.0000, 0.0000, 0.0000, 0.0000])
tensor([1., 0., 0., 0., 0., 0., 0., 0., 0., 0., 0., 0., 0., 0., 0., 0., 0., 0.,
        0., 0., 0., 0., 0., 0., 0., 0., 0., 0., 0., 0., 0., 0., 0., 0., 0., 0.,
        0., 0., 0., 0., 0., 0., 0.])
tensor([1., 0., 0., 0., 0., 0., 0., 0., 0., 0., 0., 0., 0., 0., 0., 0., 0., 0.,
        0., 0., 0., 0., 0., 0., 0., 0., 0., 0., 0., 0., 0., 0., 0., 0., 0., 0.,
        0., 0., 0., 0., 0., 0., 0.])
tensor([1., 0., 0., 0., 0., 0., 0., 0., 0., 0., 0., 0., 0., 0., 0., 0., 0., 0.,
        0., 0., 0., 0., 0., 0., 0., 0., 0., 0., 0., 0., 0., 0., 0., 0., 0., 0.,
        0., 0., 0., 0., 0., 0., 0.])
tensor([1., 0., 0., 0., 0., 0., 0., 0., 0., 0., 0., 0., 0., 0., 0., 0., 0., 0.,
        0., 0., 0., 0., 0., 0., 0., 0., 0., 0., 0., 0., 0., 0., 0., 0., 0., 0.,
        0., 0., 0., 0., 0., 0., 0.])
tensor([1., 0., 0., 0., 0., 0., 0., 0., 0., 0., 0., 0., 0., 0., 0., 0., 0., 0.,
        0., 0., 0., 0., 0., 0., 0., 0., 0., 0., 0., 0., 0., 0., 0., 0., 0., 0.,
        0., 0., 0., 0., 0., 0., 0.])
tensor([1., 0., 0., 0., 0., 0., 0., 0., 0., 0., 0., 0., 0., 0., 0., 0., 0., 0.,
        0., 0., 0., 0., 0., 0., 0., 0., 0., 0., 0., 0., 0., 0., 0., 0., 0., 0.,
        0., 0., 0., 0., 0., 0., 0.])
tensor([1., 0., 0., 0., 0., 0., 0., 0., 0., 0., 0., 0., 0., 0., 0., 0., 0., 0.,
        0., 0., 0., 0., 0., 0., 0., 0., 0., 0., 0., 0., 0., 0., 0., 0., 0., 0.,
        0., 0., 0., 0., 0., 0., 0.])
tensor([1.0000, 0.0000, 0.0000, 0.0000, 0.0000, 0.0000, 0.0000, 0.0000, 0.0000,
        0.0000, 0.0000, 0.0000, 0.0188, 0.0000, 0.0000, 0.0000, 0.0000, 0.0000,
        0.0000, 0.0000, 0.0000, 0.0000, 0.0000, 0.0000, 0.0000, 0.0000, 0.0000,
        0.0000, 0.0000, 0.0000, 0.0000, 0.0000, 0.0000, 0.0000, 0.0000, 0.0000,
        0.0000, 0.0000, 0.0000, 0.0000, 0.0000, 0.0000, 0.0000])
tensor([1.0000, 0.0000, 0.0000, 0.0000, 0.0000, 0.0000, 0.0000, 0.0000, 0.0000,
        0.0000, 0.0000, 0.0000, 0.2841, 0.0208, 0.0000, 0.0000, 0.0000, 0.0000,
        0.0000, 0.0000, 0.0000, 0.0000, 0.0000, 0.0000, 0.0000, 0.0000, 0.0000,
        0.0000, 0.0000, 0.0000, 0.0000, 0.0000, 0.0000, 0.0000, 0.0000, 0.0000,
        0.0000, 0.0000, 0.0000, 0.0000, 0.0000, 0.0000, 0.0000])
tensor([1.0000, 0.0000, 0.0000, 0.0000, 0.0000, 0.0000, 0.0000, 0.0000, 0.0000,
        0.0000, 0.0015, 0.0000, 0.3435, 0.2069, 0.0000, 0.0000, 0.0000, 0.0000,
        0.0000, 0.0000, 0.0000, 0.0000, 0.0000, 0.0000, 0.0000, 0.0000, 0.0000,
        0.0000, 0.0000, 0.0000, 0.0000, 0.0000, 0.0000, 0.0000, 0.0000, 0.0000,
        0.0000, 0.0000, 0.0000, 0.0000, 0.0000, 0.0000, 0.0000])
tensor([1.0000, 0.0000, 0.0000, 0.0000, 0.0000, 0.0000, 0.0000, 0.0000, 0.0000,
        0.0000, 0.0015, 0.0000, 0.3319, 0.1847, 0.0000, 0.0000, 0.0000, 0.0000,
        0.0000, 0.0000, 0.0000, 0.0000, 0.0000, 0.0000, 0.0000, 0.0000, 0.0000,
        0.0000, 0.0000, 0.0000, 0.0000, 0.0000, 0.0000, 0.0000, 0.0000, 0.0051,
        0.0000, 0.0000, 0.0899, 0.0000, 0.0000, 0.0000, 0.0000])
tensor([1.0000, 0.0000, 0.0000, 0.0000, 0.0000, 0.0000, 0.0000, 0.0000, 0.0000,
        0.0000, 0.0136, 0.0143, 0.3145, 0.3833, 0.0000, 0.0000, 0.0000, 0.0778,
        0.0000, 0.0000, 0.0000, 0.0000, 0.0000, 0.0000, 0.0000, 0.0521, 0.0000,
        0.0000, 0.0000, 0.0000, 0.0000, 0.0000, 0.0000, 0.0000, 0.0000, 0.0000,
        0.0000, 0.0000, 0.0000, 0.0000, 0.0000, 0.0000, 0.0000])
tensor([1.0000, 0.0000, 0.0000, 0.0000, 0.0000, 0.0000, 0.0000, 0.0000, 0.0000,
        0.0000, 0.0136, 0.0381, 0.3565, 0.4389, 0.0000, 0.0000, 0.0000, 0.0833,
        0.0000, 0.0000, 0.0000, 0.0000, 0.0000, 0.0000, 0.0000, 0.1354, 0.0000,
        0.0000, 0.0000, 0.0000, 0.0000, 0.0000, 0.0000, 0.0000, 0.0000, 0.0000,
        0.0000, 0.0000, 0.0000, 0.0000, 0.0000, 0.0000, 0.0000])
tensor([1.0000, 0.0000, 0.0000, 0.0000, 0.0000, 0.0000, 0.0000, 0.0000, 0.0000,
        0.0000, 0.0045, 0.0357, 0.3580, 0.4361, 0.0000, 0.0000, 0.0000, 0.0389,
        0.0000, 0.0000, 0.0000, 0.0000, 0.0000, 0.0000, 0.0000, 0.0917, 0.0000,
        0.0000, 0.0000, 0.0000, 0.0000, 0.0000, 0.0000, 0.0000, 0.0000, 0.0000,
        0.0000, 0.0000, 0.0000, 0.0000, 0.0000, 0.0000, 0.0000])
tensor([1.0000, 0.0000, 0.0000, 0.0000, 0.0000, 0.0000, 0.0000, 0.0000, 0.0000,
        0.0000, 0.0091, 0.0452, 0.3522, 0.4444, 0.0000, 0.0000, 0.0000, 0.0000,
        0.0000, 0.0000, 0.0000, 0.0000, 0.0000, 0.0000, 0.0000, 0.0979, 0.0000,
        0.0000, 0.0000, 0.0000, 0.0000, 0.0000, 0.0000, 0.0000, 0.0000, 0.0000,
        0.0000, 0.0000, 0.0000, 0.0000, 0.0000, 0.0000, 0.0000])
tensor([1.0000, 0.0000, 0.0000, 0.0000, 0.0000, 0.0000, 0.0000, 0.0000, 0.0000,
        0.0000, 0.0045, 0.0286, 0.3565, 0.4222, 0.0000, 0.0000, 0.0000, 0.0000,
        0.0000, 0.0000, 0.0000, 0.0000, 0.0000, 0.0000, 0.0000, 0.1187, 0.0000,
        0.0000, 0.0000, 0.0000, 0.0000, 0.0000, 0.0000, 0.0000, 0.0000, 0.0000,
        0.0000, 0.0000, 0.0000, 0.0000, 0.0000, 0.0000, 0.0000])
tensor([1.0000, 0.0000, 0.0000, 0.0000, 0.0000, 0.0000, 0.0000, 0.0000, 0.0000,
        0.0000, 0.0015, 0.0500, 0.3377, 0.3986, 0.0000, 0.0000, 0.0000, 0.0000,
        0.0000, 0.0000, 0.0000, 0.0000, 0.0000, 0.0000, 0.0000, 0.0479, 0.0000,
        0.0000, 0.0000, 0.0000, 0.0000, 0.0000, 0.0000, 0.0000, 0.0000, 0.0000,
        0.0000, 0.0000, 0.0000, 0.0000, 0.0000, 0.0000, 0.0000])
tensor([1.0000, 0.0000, 0.0000, 0.0000, 0.0000, 0.0000, 0.0000, 0.0000, 0.0000,
        0.0000, 0.0061, 0.0333, 0.3116, 0.4486, 0.0000, 0.0000, 0.0000, 0.0000,
        0.0000, 0.0000, 0.0000, 0.0000, 0.0000, 0.0000, 0.0000, 0.0771, 0.0000,
        0.0000, 0.0000, 0.0000, 0.0000, 0.0000, 0.0000, 0.0000, 0.0000, 0.0000,
        0.0000, 0.0000, 0.0000, 0.0000, 0.0000, 0.0000, 0.0000])
tensor([1.0000, 0.0000, 0.0000, 0.0000, 0.0000, 0.0000, 0.0000, 0.0000, 0.0000,
        0.0000, 0.0015, 0.0429, 0.2957, 0.3764, 0.0000, 0.0000, 0.0000, 0.0000,
        0.0000, 0.0000, 0.0000, 0.0000, 0.0000, 0.0000, 0.0000, 0.0562, 0.0000,
        0.0000, 0.0000, 0.0000, 0.0000, 0.0000, 0.0000, 0.0000, 0.0000, 0.0000,
        0.0000, 0.0000, 0.0000, 0.0000, 0.0000, 0.0000, 0.0000])
tensor([1.0000, 0.0000, 0.0000, 0.0000, 0.0000, 0.0000, 0.0000, 0.0000, 0.0000,
        0.0000, 0.0121, 0.0476, 0.2710, 0.3069, 0.0000, 0.0000, 0.0000, 0.0000,
        0.0000, 0.0000, 0.0000, 0.0000, 0.0000, 0.0000, 0.0000, 0.1042, 0.0000,
        0.0000, 0.0000, 0.0000, 0.0000, 0.0000, 0.0000, 0.0000, 0.0000, 0.0000,
        0.0000, 0.0000, 0.0000, 0.0000, 0.0000, 0.0000, 0.0000])
tensor([1.0000, 0.0000, 0.0000, 0.0000, 0.0000, 0.0000, 0.0000, 0.0000, 0.0000,
        0.0000, 0.0152, 0.0381, 0.3029, 0.3431, 0.0000, 0.0000, 0.0000, 0.0000,
        0.0000, 0.0000, 0.0000, 0.0000, 0.0000, 0.0000, 0.0000, 0.1417, 0.0111,
        0.0000, 0.0000, 0.0000, 0.0000, 0.0000, 0.0000, 0.0095, 0.0000, 0.0769,
        0.0000, 0.0000, 0.0000, 0.0000, 0.0000, 0.0000, 0.0111])
tensor([1.0000, 0.0000, 0.0000, 0.0000, 0.0000, 0.0000, 0.0000, 0.0000, 0.0000,
        0.0000, 0.0091, 0.0381, 0.2406, 0.3486, 0.0000, 0.0000, 0.0000, 0.0000,
        0.0000, 0.0000, 0.0000, 0.0000, 0.0000, 0.0000, 0.0000, 0.1458, 0.0167,
        0.0000, 0.0000, 0.0000, 0.0000, 0.0000, 0.0000, 0.0048, 0.0000, 0.0564,
        0.0083, 0.0000, 0.0000, 0.0000, 0.0000, 0.0000, 0.0111])
tensor([1.0000, 0.0000, 0.0000, 0.0000, 0.0000, 0.0000, 0.0000, 0.0000, 0.0000,
        0.0000, 0.0182, 0.0381, 0.2551, 0.3014, 0.0000, 0.0000, 0.0000, 0.0000,
        0.0000, 0.0000, 0.0000, 0.0000, 0.0000, 0.0000, 0.0000, 0.1125, 0.0389,
        0.0000, 0.0000, 0.0000, 0.0000, 0.0000, 0.0000, 0.0095, 0.0000, 0.0821,
        0.0083, 0.0000, 0.0000, 0.0000, 0.0000, 0.0167, 0.0111])
tensor([1.0000, 0.0000, 0.0000, 0.0000, 0.0000, 0.0000, 0.0000, 0.0000, 0.0000,
        0.0000, 0.0682, 0.0548, 0.2928, 0.3889, 0.0000, 0.0000, 0.0000, 0.0000,
        0.0000, 0.0000, 0.0000, 0.0000, 0.0000, 0.0000, 0.0000, 0.1833, 0.0833,
        0.0000, 0.0000, 0.0000, 0.0000, 0.0037, 0.0000, 0.0095, 0.0000, 0.0718,
        0.0417, 0.0000, 0.0000, 0.0000, 0.0000, 0.0000, 0.0111])
tensor([1.0000, 0.0000, 0.0000, 0.0000, 0.0000, 0.0000, 0.0000, 0.0000, 0.0000,
        0.0000, 0.0136, 0.0500, 0.3058, 0.3722, 0.0000, 0.0000, 0.0000, 0.0000,
        0.0000, 0.0000, 0.0000, 0.0000, 0.0000, 0.0000, 0.0000, 0.1312, 0.0222,
        0.0000, 0.0000, 0.0000, 0.0000, 0.0000, 0.0000, 0.0095, 0.0000, 0.1462,
        0.0333, 0.0000, 0.0000, 0.0000, 0.0000, 0.0167, 0.0333])
tensor([1.0000, 0.0000, 0.0000, 0.0000, 0.0000, 0.0000, 0.0000, 0.0000, 0.0000,
        0.0042, 0.1106, 0.0810, 0.3174, 0.4000, 0.0000, 0.0000, 0.0000, 0.0000,
        0.0000, 0.0000, 0.0000, 0.0000, 0.0000, 0.0000, 0.0000, 0.2104, 0.1111,
        0.0000, 0.0000, 0.0000, 0.0000, 0.0111, 0.0000, 0.0095, 0.0000, 0.0846,
        0.0667, 0.0000, 0.0000, 0.0000, 0.0000, 0.1000, 0.0111])
tensor([1.0000, 0.0000, 0.0000, 0.0044, 0.0000, 0.0000, 0.0000, 0.0000, 0.0000,
        0.0000, 0.0909, 0.0667, 0.3275, 0.3417, 0.0000, 0.0000, 0.0000, 0.0000,
        0.0000, 0.0000, 0.0000, 0.0000, 0.0000, 0.0000, 0.0000, 0.1229, 0.0444,
        0.0000, 0.0000, 0.0000, 0.0000, 0.0000, 0.0000, 0.0095, 0.0000, 0.1385,
        0.0417, 0.0000, 0.0000, 0.0000, 0.0000, 0.0333, 0.0556])
tensor([1.0000, 0.0000, 0.0000, 0.0000, 0.0000, 0.0000, 0.0067, 0.0000, 0.0000,
        0.0292, 0.1288, 0.1190, 0.3696, 0.4708, 0.0000, 0.0000, 0.0000, 0.0028,
        0.0000, 0.0167, 0.0000, 0.0000, 0.0083, 0.0000, 0.0000, 0.2542, 0.2111,
        0.0000, 0.0333, 0.0000, 0.0000, 0.0556, 0.0000, 0.0095, 0.0000, 0.1179,
        0.0750, 0.0000, 0.0000, 0.0000, 0.0000, 0.1167, 0.0111])
tensor([1.0000, 0.0000, 0.0000, 0.0022, 0.0000, 0.0000, 0.0000, 0.0000, 0.0000,
        0.0208, 0.1030, 0.0690, 0.3232, 0.4333, 0.0000, 0.0000, 0.0000, 0.0000,
        0.0000, 0.0000, 0.0000, 0.0000, 0.0000, 0.0000, 0.0000, 0.1875, 0.1167,
        0.0000, 0.0200, 0.0000, 0.0000, 0.0074, 0.0000, 0.0000, 0.0000, 0.1333,
        0.0667, 0.0000, 0.0000, 0.0000, 0.0000, 0.0667, 0.0222])
tensor([1.0000, 0.0000, 0.0000, 0.0022, 0.0000, 0.0000, 0.0200, 0.0000, 0.0000,
        0.0771, 0.1848, 0.1381, 0.4536, 0.5222, 0.0000, 0.0000, 0.0000, 0.0028,
        0.0000, 0.0167, 0.0000, 0.0000, 0.0333, 0.0400, 0.0000, 0.2958, 0.2500,
        0.0000, 0.0667, 0.0000, 0.0000, 0.0815, 0.0000, 0.0190, 0.0000, 0.1359,
        0.1333, 0.0000, 0.0000, 0.0000, 0.0000, 0.2333, 0.0556])
tensor([1.0000, 0.0000, 0.0000, 0.0044, 0.0000, 0.0000, 0.0133, 0.0000, 0.0000,
        0.0333, 0.1818, 0.1048, 0.3725, 0.4236, 0.0000, 0.0000, 0.0000, 0.0028,
        0.0000, 0.0167, 0.0000, 0.0000, 0.0167, 0.0200, 0.0000, 0.2542, 0.1778,
        0.0000, 0.0333, 0.0000, 0.0000, 0.0407, 0.0000, 0.0048, 0.0000, 0.1333,
        0.1000, 0.0000, 0.0000, 0.0000, 0.0000, 0.1333, 0.0556])
tensor([1.0000, 0.0000, 0.0000, 0.0089, 0.0000, 0.0000, 0.0333, 0.0000, 0.0000,
        0.0958, 0.2045, 0.1571, 0.4522, 0.5278, 0.0000, 0.0000, 0.0067, 0.0444,
        0.0026, 0.0167, 0.0000, 0.0000, 0.0583, 0.0600, 0.0000, 0.2896, 0.3222,
        0.0000, 0.0933, 0.0111, 0.0000, 0.0741, 0.0000, 0.0095, 0.0000, 0.1308,
        0.1500, 0.0000, 0.0014, 0.0000, 0.0000, 0.1833, 0.0556])
tensor([1.0000, 0.0000, 0.0000, 0.0244, 0.0000, 0.0000, 0.0667, 0.0000, 0.0000,
        0.1021, 0.2682, 0.2048, 0.4812, 0.5639, 0.0000, 0.0000, 0.0133, 0.0167,
        0.0051, 0.0167, 0.0000, 0.0000, 0.0500, 0.0667, 0.0000, 0.2854, 0.2944,
        0.0000, 0.1333, 0.0111, 0.0000, 0.1000, 0.0000, 0.0190, 0.0167, 0.1436,
        0.1750, 0.0000, 0.0014, 0.0000, 0.0000, 0.2167, 0.1222])
tensor([1.0000, 0.0000, 0.0000, 0.0311, 0.0000, 0.0000, 0.0600, 0.0000, 0.0000,
        0.1146, 0.3394, 0.2190, 0.5043, 0.5694, 0.0037, 0.0000, 0.0467, 0.0667,
        0.0077, 0.1333, 0.0000, 0.0000, 0.0667, 0.0933, 0.0000, 0.3396, 0.3500,
        0.0000, 0.1533, 0.0222, 0.0000, 0.1222, 0.0000, 0.0095, 0.0333, 0.1385,
        0.2083, 0.0000, 0.0014, 0.0000, 0.0000, 0.2667, 0.0667])
tensor([1.0000, 0.0000, 0.0000, 0.0356, 0.0000, 0.0000, 0.1800, 0.0000, 0.0000,
        0.1167, 0.3773, 0.2357, 0.5609, 0.5625, 0.0000, 0.0000, 0.0600, 0.0611,
        0.0103, 0.0167, 0.0111, 0.0000, 0.0500, 0.0933, 0.0000, 0.3000, 0.3389,
        0.0000, 0.1467, 0.0667, 0.0000, 0.0519, 0.0167, 0.0333, 0.0333, 0.1872,
        0.2583, 0.0000, 0.0029, 0.0000, 0.0000, 0.2833, 0.3333])
tensor([1.0000, 0.0000, 0.0000, 0.0644, 0.0000, 0.0032, 0.0533, 0.0000, 0.0000,
        0.1979, 0.3848, 0.2738, 0.5522, 0.6125, 0.0259, 0.0143, 0.0800, 0.1222,
        0.0410, 0.1500, 0.0222, 0.0000, 0.2167, 0.1467, 0.0000, 0.3750, 0.3611,
        0.0000, 0.2400, 0.2000, 0.0000, 0.1407, 0.0000, 0.0048, 0.0000, 0.0974,
        0.2500, 0.0000, 0.0014, 0.0000, 0.0000, 0.2833, 0.0556])
tensor([1.0000, 0.0000, 0.0000, 0.0756, 0.0000, 0.0048, 0.1933, 0.0000, 0.0044,
        0.2542, 0.5000, 0.2905, 0.6232, 0.5708, 0.0111, 0.0143, 0.1067, 0.0861,
        0.0333, 0.0500, 0.0222, 0.0000, 0.1333, 0.1867, 0.0000, 0.3854, 0.4778,
        0.0000, 0.2800, 0.1444, 0.0000, 0.1185, 0.0167, 0.0476, 0.0667, 0.1974,
        0.3417, 0.0000, 0.0101, 0.0000, 0.0000, 0.3167, 0.3333])
tensor([1.0000, 0.0000, 0.0000, 0.1156, 0.0000, 0.0127, 0.1867, 0.0000, 0.0044,
        0.2812, 0.5924, 0.3214, 0.5913, 0.6292, 0.0296, 0.0524, 0.1067, 0.1000,
        0.0538, 0.0833, 0.0333, 0.0000, 0.2583, 0.2267, 0.0000, 0.3750, 0.4500,
        0.0000, 0.2867, 0.2222, 0.0000, 0.1259, 0.0167, 0.0286, 0.0333, 0.1718,
        0.2500, 0.0000, 0.0072, 0.0000, 0.0000, 0.3167, 0.3222])
tensor([1.0000, 0.0000, 0.0013, 0.0956, 0.0000, 0.0317, 0.0933, 0.0000, 0.0133,
        0.2771, 0.5348, 0.3048, 0.6420, 0.6431, 0.0556, 0.1048, 0.1200, 0.1250,
        0.0821, 0.1500, 0.0444, 0.0000, 0.3250, 0.1933, 0.0000, 0.3958, 0.4167,
        0.0000, 0.3333, 0.3222, 0.0000, 0.1815, 0.0000, 0.0238, 0.0417, 0.1282,
        0.3167, 0.0000, 0.0058, 0.0000, 0.0000, 0.3667, 0.0667])
tensor([1.0000, 0.0000, 0.0040, 0.1733, 0.0000, 0.0270, 0.2133, 0.0000, 0.0156,
        0.3250, 0.6227, 0.3476, 0.6493, 0.6500, 0.0519, 0.1143, 0.2067, 0.1306,
        0.2231, 0.1500, 0.0333, 0.0000, 0.3667, 0.3000, 0.0889, 0.4062, 0.4444,
        0.0000, 0.3933, 0.3000, 0.0000, 0.2037, 0.0833, 0.0571, 0.0583, 0.2000,
        0.3750, 0.0000, 0.0145, 0.0000, 0.0000, 0.3333, 0.3333])
tensor([1.0000, 0.0000, 0.0253, 0.1933, 0.0000, 0.0524, 0.1867, 0.0000, 0.0467,
        0.3792, 0.6076, 0.3381, 0.7072, 0.6653, 0.1222, 0.1429, 0.1533, 0.3056,
        0.1487, 0.1500, 0.0556, 0.0000, 0.4417, 0.2400, 0.0556, 0.4563, 0.5111,
        0.0000, 0.3867, 0.4111, 0.0000, 0.2222, 0.0167, 0.0810, 0.0750, 0.1795,
        0.4333, 0.0000, 0.0145, 0.0000, 0.0000, 0.3667, 0.2667])
tensor([1.0000, 0.0000, 0.0440, 0.3644, 0.0000, 0.0683, 0.3467, 0.0067, 0.0667,
        0.6354, 0.7909, 0.4143, 0.6928, 0.7167, 0.1037, 0.1476, 0.3467, 0.2444,
        0.3026, 0.2000, 0.0667, 0.0000, 0.4500, 0.4267, 0.2333, 0.5042, 0.5333,
        0.0000, 0.4333, 0.4444, 0.0067, 0.2370, 0.2167, 0.1381, 0.1083, 0.3282,
        0.4250, 0.0000, 0.0217, 0.0000, 0.0000, 0.4667, 0.3778])
tensor([1.0000, 0.0000, 0.0373, 0.3289, 0.0000, 0.0778, 0.3000, 0.0089, 0.0978,
        0.6604, 0.7939, 0.4024, 0.7435, 0.6847, 0.1630, 0.2143, 0.3400, 0.3417,
        0.2974, 0.1667, 0.1222, 0.0000, 0.4583, 0.3733, 0.2222, 0.4708, 0.5333,
        0.0000, 0.4467, 0.5222, 0.0000, 0.2259, 0.2000, 0.1286, 0.1500, 0.2385,
        0.4250, 0.0000, 0.0203, 0.0000, 0.0000, 0.5000, 0.3444])
tensor([1.0000, 0.0014, 0.0773, 0.3600, 0.0000, 0.1270, 0.2733, 0.0178, 0.1200,
        0.6667, 0.8227, 0.4095, 0.7130, 0.6861, 0.1519, 0.2476, 0.4000, 0.3111,
        0.3487, 0.2667, 0.1556, 0.0000, 0.5000, 0.4067, 0.2444, 0.4854, 0.5333,
        0.0667, 0.5333, 0.5444, 0.0067, 0.2815, 0.2000, 0.1190, 0.0833, 0.2974,
        0.4250, 0.0000, 0.0203, 0.0000, 0.0000, 0.4667, 0.3444])
tensor([1.0000, 0.0069, 0.0800, 0.4311, 0.0000, 0.1429, 0.3600, 0.0244, 0.2267,
        0.6979, 0.8121, 0.3857, 0.7203, 0.7181, 0.2185, 0.3095, 0.3867, 0.3611,
        0.4615, 0.3000, 0.1667, 0.0000, 0.5500, 0.3533, 0.2556, 0.5667, 0.5111,
        0.0667, 0.4933, 0.5333, 0.0067, 0.2667, 0.3333, 0.1476, 0.0833, 0.3462,
        0.4833, 0.0000, 0.0246, 0.0000, 0.0000, 0.4167, 0.3667])
tensor([1.0000, 0.0083, 0.1440, 0.5044, 0.0000, 0.1778, 0.3800, 0.0244, 0.2000,
        0.7292, 0.8485, 0.4095, 0.7493, 0.7139, 0.2593, 0.3381, 0.3800, 0.4111,
        0.3923, 0.3167, 0.3111, 0.0000, 0.5583, 0.4600, 0.2444, 0.5521, 0.5778,
        0.0667, 0.5600, 0.5667, 0.0133, 0.2704, 0.3500, 0.1667, 0.1750, 0.3641,
        0.5083, 0.0000, 0.0203, 0.0000, 0.0000, 0.5000, 0.3778])
tensor([1.0000, 0.0264, 0.2613, 0.5800, 0.0000, 0.2619, 0.3933, 0.0489, 0.2889,
        0.7854, 0.8682, 0.4881, 0.7536, 0.7333, 0.2593, 0.4048, 0.3933, 0.3917,
        0.5256, 0.5167, 0.4111, 0.0222, 0.6000, 0.5333, 0.3000, 0.6000, 0.5611,
        0.1000, 0.6533, 0.6222, 0.0600, 0.3667, 0.4167, 0.2143, 0.1583, 0.3949,
        0.5250, 0.0000, 0.0232, 0.0111, 0.0000, 0.5000, 0.3667])
tensor([1.0000, 0.0681, 0.3013, 0.6000, 0.0152, 0.3206, 0.4533, 0.1067, 0.3533,
        0.8167, 0.8909, 0.4929, 0.7580, 0.7306, 0.2852, 0.4762, 0.4400, 0.4778,
        0.5487, 0.4500, 0.4222, 0.0222, 0.6500, 0.5733, 0.3333, 0.6146, 0.6722,
        0.1000, 0.6800, 0.6778, 0.0733, 0.4481, 0.5000, 0.2143, 0.2250, 0.4462,
        0.5583, 0.0000, 0.0333, 0.0444, 0.0000, 0.5333, 0.4111])
tensor([1.0000, 0.1000, 0.3133, 0.6111, 0.0121, 0.3508, 0.3733, 0.1156, 0.3533,
        0.8313, 0.8955, 0.4810, 0.7710, 0.7556, 0.2778, 0.5000, 0.4600, 0.5639,
        0.5718, 0.6500, 0.5444, 0.0222, 0.6833, 0.5867, 0.3333, 0.6229, 0.6500,
        0.1333, 0.6933, 0.7556, 0.1200, 0.3889, 0.6000, 0.2286, 0.2417, 0.4000,
        0.6417, 0.0000, 0.0290, 0.0667, 0.0000, 0.5333, 0.3333])
tensor([1.0000, 0.1514, 0.2987, 0.5933, 0.0818, 0.3444, 0.5067, 0.1933, 0.4156,
        0.8333, 0.9045, 0.6000, 0.7986, 0.7569, 0.2630, 0.5857, 0.4867, 0.6056,
        0.6487, 0.6167, 0.5000, 0.0333, 0.7083, 0.6867, 0.4444, 0.6771, 0.6611,
        0.2333, 0.7467, 0.7444, 0.2200, 0.5407, 0.7333, 0.2762, 0.2000, 0.5231,
        0.6417, 0.0000, 0.0478, 0.1889, 0.0000, 0.6167, 0.4222])
tensor([1.0000, 0.1708, 0.3960, 0.7111, 0.0333, 0.5317, 0.5333, 0.2200, 0.3889,
        0.8542, 0.9303, 0.5357, 0.7855, 0.7639, 0.3741, 0.5238, 0.4533, 0.5194,
        0.6128, 0.6333, 0.5556, 0.0333, 0.6583, 0.7267, 0.4222, 0.6750, 0.6500,
        0.1833, 0.7333, 0.7556, 0.2267, 0.5481, 0.7167, 0.2286, 0.1250, 0.4949,
        0.6417, 0.0000, 0.0580, 0.1556, 0.0000, 0.5833, 0.4111])
tensor([1.0000, 0.2778, 0.5573, 0.7067, 0.2318, 0.5952, 0.5400, 0.3578, 0.5222,
        0.8875, 0.9500, 0.6762, 0.8275, 0.8125, 0.4852, 0.6571, 0.5667, 0.6417,
        0.6923, 0.7167, 0.6889, 0.1222, 0.7500, 0.8133, 0.5111, 0.7479, 0.6278,
        0.3500, 0.7600, 0.7778, 0.3333, 0.7296, 0.8500, 0.4095, 0.2500, 0.6205,
        0.6667, 0.0000, 0.0855, 0.2556, 0.0111, 0.6833, 0.4778])
tensor([1.0000, 0.3056, 0.5067, 0.7311, 0.1758, 0.6111, 0.5400, 0.3533, 0.5289,
        0.8938, 0.9561, 0.6690, 0.8203, 0.8125, 0.4296, 0.6905, 0.5467, 0.6306,
        0.6897, 0.7833, 0.7556, 0.0556, 0.7917, 0.8400, 0.5111, 0.7708, 0.6889,
        0.3833, 0.7867, 0.8000, 0.3933, 0.7444, 0.9000, 0.3524, 0.2833, 0.5923,
        0.6833, 0.0000, 0.0971, 0.2556, 0.0111, 0.6667, 0.4556])
tensor([1.0000, 0.3556, 0.5627, 0.7333, 0.3348, 0.6683, 0.5533, 0.4889, 0.6200,
        0.8833, 0.9606, 0.7071, 0.8362, 0.7944, 0.5667, 0.6429, 0.5933, 0.7000,
        0.7051, 0.8667, 0.7889, 0.0444, 0.7833, 0.8533, 0.5333, 0.7563, 0.7000,
        0.4333, 0.8200, 0.8000, 0.5067, 0.7778, 0.8833, 0.3429, 0.1417, 0.5974,
        0.6667, 0.0000, 0.1217, 0.2444, 0.0556, 0.6667, 0.4889])
tensor([1.0000, 0.5500, 0.6773, 0.7978, 0.5091, 0.7508, 0.6067, 0.7067, 0.7422,
        0.9104, 0.9712, 0.7905, 0.8522, 0.8708, 0.7296, 0.8619, 0.6867, 0.7583,
        0.7385, 0.9667, 0.9000, 0.2333, 0.8583, 0.9000, 0.6333, 0.8125, 0.7222,
        0.4667, 0.8733, 0.7444, 0.6133, 0.8593, 0.9167, 0.4238, 0.2917, 0.6769,
        0.7417, 0.0000, 0.1667, 0.2778, 0.1000, 0.7333, 0.5444])
tensor([1.0000, 0.5222, 0.7293, 0.8133, 0.4712, 0.7794, 0.6333, 0.7200, 0.7222,
        0.9125, 0.9712, 0.8119, 0.8551, 0.9014, 0.7037, 0.8667, 0.7267, 0.7139,
        0.7359, 0.9667, 0.8444, 0.3111, 0.8750, 0.9200, 0.6222, 0.8354, 0.7222,
        0.4667, 0.8667, 0.7778, 0.6267, 0.8778, 0.9500, 0.4619, 0.3250, 0.6795,
        0.7417, 0.0333, 0.2797, 0.2778, 0.1222, 0.7333, 0.5444])
tensor([1.0000, 0.5639, 0.7347, 0.8022, 0.4727, 0.7762, 0.6267, 0.6756, 0.7178,
        0.9104, 0.9727, 0.7881, 0.8319, 0.8806, 0.6815, 0.8810, 0.6667, 0.6583,
        0.7462, 0.9500, 0.9222, 0.2333, 0.8750, 0.9200, 0.6111, 0.8396, 0.7167,
        0.4667, 0.8600, 0.8111, 0.6467, 0.8926, 0.9333, 0.4048, 0.2667, 0.6359,
        0.7250, 0.0167, 0.1812, 0.2556, 0.1444, 0.7333, 0.5444])
tensor([1.0000, 0.6944, 0.7520, 0.8244, 0.5636, 0.8048, 0.6333, 0.7489, 0.7667,
        0.9229, 0.9742, 0.8381, 0.8855, 0.9153, 0.7704, 0.9429, 0.7933, 0.8028,
        0.7513, 0.9667, 0.9444, 0.3556, 0.8833, 0.9000, 0.6667, 0.8625, 0.7389,
        0.4833, 0.8800, 0.8222, 0.6600, 0.8963, 0.9500, 0.5381, 0.3750, 0.6974,
        0.7917, 0.0500, 0.2870, 0.4111, 0.1556, 0.7333, 0.5444])
tensor([1.0000, 0.6778, 0.7600, 0.7556, 0.6621, 0.8032, 0.6067, 0.7578, 0.8044,
        0.9208, 0.9788, 0.8143, 0.9058, 0.9111, 0.7630, 0.9381, 0.8533, 0.8417,
        0.7487, 0.9000, 0.9667, 0.3333, 0.9000, 0.9067, 0.6667, 0.8792, 0.7500,
        0.4833, 0.8733, 0.8111, 0.6733, 0.8963, 0.9500, 0.5238, 0.2417, 0.6974,
        0.8000, 0.0833, 0.3232, 0.4444, 0.1222, 0.7333, 0.5333])
tensor([1.0000, 0.7056, 0.7520, 0.7467, 0.6121, 0.8000, 0.6067, 0.7533, 0.7511,
        0.9229, 0.9788, 0.8667, 0.9072, 0.9153, 0.7259, 0.9143, 0.8667, 0.8194,
        0.7692, 0.9667, 0.9778, 0.3889, 0.9083, 0.9200, 0.6778, 0.8896, 0.7389,
        0.4833, 0.8867, 0.8444, 0.6067, 0.9000, 0.9500, 0.5238, 0.3000, 0.6513,
        0.8083, 0.1667, 0.3449, 0.4444, 0.1444, 0.7333, 0.5444])
tensor([1.0000, 0.7403, 0.8187, 0.7800, 0.6773, 0.8206, 0.6000, 0.7400, 0.7733,
        0.9187, 0.9773, 0.8595, 0.9290, 0.9375, 0.8074, 0.9333, 0.7000, 0.8611,
        0.7564, 0.9000, 0.9667, 0.3889, 0.9083, 0.9133, 0.6667, 0.8979, 0.7444,
        0.4833, 0.8933, 0.8333, 0.6000, 0.9111, 0.9500, 0.5952, 0.4167, 0.6872,
        0.8083, 0.1833, 0.3696, 0.5222, 0.2000, 0.7333, 0.5667])
tensor([1.0000, 0.7667, 0.8400, 0.8133, 0.6985, 0.8397, 0.6533, 0.8067, 0.8378,
        0.9271, 0.9788, 0.8881, 0.9275, 0.9514, 0.7593, 0.9714, 0.9067, 0.8556,
        0.7538, 0.9000, 0.9778, 0.4667, 0.9333, 0.9333, 0.7222, 0.9187, 0.7667,
        0.4833, 0.8933, 0.8667, 0.6400, 0.9519, 1.0000, 0.6429, 0.5750, 0.7436,
        0.8250, 0.2833, 0.5029, 0.6000, 0.2889, 0.7833, 0.6111])
tensor([1.0000, 0.7944, 0.8373, 0.8267, 0.7045, 0.8540, 0.6933, 0.8511, 0.8333,
        0.9271, 0.9788, 0.8881, 0.9145, 0.9569, 0.8185, 0.9762, 0.9333, 0.8583,
        0.7744, 0.9833, 0.9778, 0.4667, 0.9333, 0.9467, 0.7111, 0.9062, 0.7500,
        0.4833, 0.8867, 0.8556, 0.6133, 0.9630, 0.9667, 0.6095, 0.4833, 0.7359,
        0.8250, 0.3167, 0.5623, 0.5111, 0.3444, 0.7667, 0.6111])
tensor([1.0000, 0.8194, 0.8293, 0.8267, 0.6848, 0.8619, 0.6733, 0.8356, 0.8156,
        0.9292, 0.9788, 0.8905, 0.9203, 0.9569, 0.8333, 0.9857, 0.8933, 0.8417,
        0.7667, 0.9333, 0.9667, 0.4667, 0.9250, 0.9400, 0.7000, 0.9187, 0.7556,
        0.4833, 0.8933, 0.8667, 0.6333, 0.9556, 1.0000, 0.6381, 0.4583, 0.7359,
        0.8333, 0.3500, 0.5275, 0.6111, 0.2889, 0.7833, 0.6111])
tensor([1.0000, 0.8236, 0.8307, 0.8289, 0.7136, 0.8635, 0.6800, 0.8356, 0.8333,
        0.9292, 0.9788, 0.8905, 0.9174, 0.9542, 0.8481, 0.9857, 0.9067, 0.8556,
        0.7590, 0.9500, 0.9556, 0.4667, 0.9417, 0.9400, 0.7111, 0.9125, 0.7778,
        0.4833, 0.9200, 0.8667, 0.6333, 0.9741, 1.0000, 0.5810, 0.3417, 0.7231,
        0.8333, 0.2000, 0.4826, 0.5778, 0.2889, 0.7833, 0.6111])
tensor([1.0000, 0.8083, 0.8427, 0.8422, 0.7439, 0.8619, 0.6933, 0.8511, 0.8756,
        0.9312, 0.9818, 0.8976, 0.9348, 0.9472, 0.8185, 0.9762, 0.9400, 0.8417,
        0.7718, 0.9833, 0.9889, 0.4444, 0.9500, 0.9400, 0.7111, 0.9208, 0.7778,
        0.4833, 0.8800, 0.8667, 0.5933, 0.9444, 1.0000, 0.6190, 0.5083, 0.7590,
        0.8500, 0.3833, 0.5580, 0.5778, 0.4333, 0.7833, 0.6111])
tensor([1.0000, 0.8111, 0.8693, 0.8511, 0.7470, 0.8667, 0.7200, 0.8733, 0.8600,
        0.9292, 0.9848, 0.9214, 0.9304, 0.9681, 0.8444, 0.9857, 0.9667, 0.8278,
        0.7615, 0.9667, 0.9667, 0.4667, 0.9583, 0.9467, 0.7333, 0.9229, 0.7944,
        0.4833, 0.9133, 0.8667, 0.6533, 0.9741, 1.0000, 0.6333, 0.4417, 0.7949,
        0.8250, 0.4500, 0.5101, 0.6111, 0.4556, 0.7833, 0.6111])
tensor([0.9833, 0.8750, 0.8520, 0.8467, 0.7652, 0.8683, 0.7333, 0.8844, 0.8733,
        0.9292, 0.9833, 0.9262, 0.9319, 0.9792, 0.8704, 0.9857, 0.9800, 0.8639,
        0.7615, 0.9667, 0.9667, 0.4889, 0.9583, 0.9400, 0.7222, 0.9292, 0.7667,
        0.4833, 0.9200, 0.8667, 0.6733, 0.9741, 1.0000, 0.6381, 0.4917, 0.7256,
        0.8583, 0.4500, 0.6188, 0.5889, 0.4667, 0.7833, 0.6222])
tensor([0.9833, 0.8764, 0.8640, 0.8378, 0.7636, 0.8746, 0.6800, 0.8578, 0.8867,
        0.9333, 0.9833, 0.9333, 0.9391, 0.9736, 0.9037, 0.9857, 0.9667, 0.8861,
        0.7769, 0.9333, 0.9778, 0.4889, 0.9583, 0.9400, 0.7556, 0.9250, 0.7778,
        0.4833, 0.9267, 0.8667, 0.5867, 0.9519, 1.0000, 0.6762, 0.5417, 0.7436,
        0.8667, 0.6333, 0.5797, 0.6667, 0.5556, 0.8333, 0.6222])
tensor([0.9833, 0.8875, 0.8440, 0.8356, 0.8242, 0.8603, 0.6933, 0.8533, 0.9067,
        0.9312, 0.9864, 0.9119, 0.9464, 0.9764, 0.8593, 0.9857, 0.9733, 0.9111,
        0.7744, 0.9833, 0.9667, 0.4889, 0.9583, 0.9467, 0.7333, 0.9229, 0.8056,
        0.4833, 0.9133, 0.8667, 0.5867, 0.9519, 1.0000, 0.6810, 0.4833, 0.7641,
        0.8667, 0.7500, 0.5841, 0.7333, 0.5556, 0.8167, 0.6222])
tensor([0.9833, 0.9111, 0.8800, 0.8422, 0.8076, 0.8825, 0.7667, 0.8978, 0.9089,
        0.9354, 0.9894, 0.9381, 0.9377, 0.9778, 0.9074, 0.9905, 0.9867, 0.8889,
        0.7846, 0.9833, 0.9556, 0.4889, 0.9667, 0.9467, 0.7778, 0.9417, 0.7611,
        0.4833, 0.9133, 0.8667, 0.6000, 0.9815, 1.0000, 0.6952, 0.6917, 0.8000,
        0.8833, 0.7167, 0.6275, 0.8000, 0.5222, 0.7833, 0.6333])
tensor([0.9833, 0.9264, 0.8947, 0.8600, 0.8288, 0.8730, 0.7867, 0.9044, 0.9267,
        0.9354, 0.9879, 0.9357, 0.9623, 0.9833, 0.9074, 0.9905, 0.9867, 0.9250,
        0.7795, 0.9667, 0.9667, 0.5111, 0.9667, 0.9400, 0.7556, 0.9417, 0.8000,
        0.5000, 0.9267, 0.8667, 0.6333, 0.9667, 1.0000, 0.6810, 0.6250, 0.8103,
        0.8917, 0.7500, 0.6812, 0.7889, 0.7000, 0.7833, 0.6444])
tensor([0.9833, 0.9083, 0.8787, 0.8111, 0.7833, 0.8810, 0.7000, 0.8800, 0.8733,
        0.9312, 0.9864, 0.9262, 0.9507, 0.9792, 0.8556, 0.9857, 0.9867, 0.8806,
        0.7769, 0.9500, 0.9778, 0.4889, 0.9583, 0.9400, 0.7333, 0.9271, 0.7833,
        0.4833, 0.8800, 0.8667, 0.5400, 0.9630, 1.0000, 0.6524, 0.5583, 0.7821,
        0.8833, 0.7167, 0.6246, 0.7333, 0.5556, 0.8333, 0.6333])
tensor([0.9833, 0.9167, 0.9040, 0.8622, 0.8273, 0.8762, 0.7867, 0.8911, 0.9311,
        0.9333, 0.9879, 0.9405, 0.9594, 0.9819, 0.9111, 0.9905, 0.9933, 0.9222,
        0.7718, 0.9833, 0.9778, 0.5111, 0.9667, 0.9467, 0.7778, 0.9354, 0.8056,
        0.4833, 0.9067, 0.8667, 0.6333, 0.9630, 1.0000, 0.6857, 0.6833, 0.7923,
        0.8917, 0.7667, 0.6174, 0.7667, 0.7333, 0.8333, 0.6556])
tensor([0.9833, 0.9250, 0.9147, 0.8711, 0.8197, 0.8778, 0.7867, 0.8867, 0.9244,
        0.9354, 0.9879, 0.9381, 0.9594, 0.9819, 0.9259, 0.9905, 0.9867, 0.9500,
        0.7846, 1.0000, 0.9778, 0.5000, 0.9667, 0.9533, 0.7778, 0.9417, 0.8056,
        0.5000, 0.9133, 0.8667, 0.6267, 0.9667, 1.0000, 0.7000, 0.6417, 0.8026,
        0.9000, 0.7667, 0.6971, 0.8222, 0.6667, 0.8500, 0.6556])
tensor([0.9500, 0.9528, 0.9160, 0.8644, 0.8591, 0.8873, 0.7933, 0.9044, 0.9489,
        0.9438, 0.9879, 0.9595, 0.9638, 0.9847, 0.9593, 0.9905, 0.9933, 0.9778,
        0.7897, 1.0000, 0.9889, 0.5667, 0.9750, 0.9600, 0.8000, 0.9458, 0.8111,
        0.5000, 0.9267, 0.8667, 0.6067, 0.9667, 1.0000, 0.7619, 0.8167, 0.8795,
        0.9417, 0.8500, 0.7203, 0.8667, 0.8333, 0.8500, 0.6778])
tensor([0.9667, 0.9292, 0.9173, 0.8600, 0.8621, 0.8857, 0.7800, 0.9022, 0.9467,
        0.9354, 0.9879, 0.9571, 0.9652, 0.9847, 0.9407, 0.9905, 0.9933, 0.9778,
        0.7923, 0.9833, 0.9889, 0.5667, 0.9750, 0.9400, 0.7889, 0.9417, 0.8167,
        0.5000, 0.9267, 0.8667, 0.5933, 0.9667, 1.0000, 0.7048, 0.7500, 0.8436,
        0.9083, 0.7833, 0.7406, 0.8333, 0.7444, 0.8833, 0.6556])
tensor([0.9833, 0.9444, 0.8907, 0.8733, 0.8212, 0.8921, 0.8000, 0.9089, 0.9244,
        0.9354, 0.9879, 0.9429, 0.9609, 0.9861, 0.9185, 0.9952, 0.9867, 0.9639,
        0.7872, 0.9833, 0.9667, 0.5556, 0.9667, 0.9600, 0.7667, 0.9458, 0.8000,
        0.5000, 0.9200, 0.8667, 0.6133, 0.9815, 1.0000, 0.7476, 0.7583, 0.8256,
        0.9000, 0.8000, 0.7333, 0.8444, 0.7889, 0.8333, 0.6556])
tensor([0.9833, 0.9417, 0.9280, 0.8956, 0.7894, 0.8921, 0.7867, 0.8889, 0.9378,
        0.9438, 0.9879, 0.9619, 0.9638, 0.9847, 0.9630, 0.9905, 0.9933, 0.9750,
        0.7872, 0.9833, 0.9778, 0.5667, 0.9750, 0.9600, 0.7889, 0.9417, 0.8056,
        0.4833, 0.9400, 0.8778, 0.5667, 0.9667, 1.0000, 0.7762, 0.8250, 0.8590,
        0.9417, 0.8000, 0.7609, 0.8556, 0.7556, 0.8833, 0.6667])
tensor([0.9667, 0.9569, 0.9400, 0.8933, 0.8697, 0.8889, 0.8133, 0.9378, 0.9578,
        0.9438, 0.9879, 0.9762, 0.9652, 0.9875, 0.9593, 1.0000, 0.9867, 0.9667,
        0.7897, 0.9833, 0.9778, 0.5667, 0.9750, 0.9733, 0.8000, 0.9375, 0.8111,
        0.5000, 0.9333, 0.8667, 0.6467, 0.9741, 1.0000, 0.8190, 0.8250, 0.8615,
        0.9333, 0.8000, 0.7594, 0.8889, 0.8000, 0.8333, 0.6778])
tensor([0.9667, 0.9542, 0.9107, 0.8756, 0.8667, 0.8841, 0.7933, 0.9067, 0.9378,
        0.9375, 0.9879, 0.9524, 0.9725, 0.9847, 0.9370, 0.9952, 0.9867, 0.9528,
        0.7923, 0.9833, 0.9778, 0.5222, 0.9750, 0.9533, 0.7778, 0.9417, 0.8056,
        0.5000, 0.9067, 0.8667, 0.5867, 0.9667, 1.0000, 0.7714, 0.7667, 0.8205,
        0.9250, 0.8333, 0.7710, 0.8444, 0.8000, 0.9000, 0.6667])
tensor([0.9667, 0.9597, 0.9293, 0.8622, 0.8697, 0.8921, 0.7933, 0.9200, 0.9489,
        0.9375, 0.9879, 0.9690, 0.9667, 0.9847, 0.9407, 1.0000, 0.9933, 0.9389,
        0.7923, 0.9833, 0.9778, 0.5667, 0.9750, 0.9467, 0.8111, 0.9417, 0.8167,
        0.4833, 0.9267, 0.8667, 0.6000, 0.9667, 1.0000, 0.7857, 0.8000, 0.8282,
        0.9417, 0.8667, 0.7449, 0.9000, 0.8111, 0.9000, 0.7000])
tensor([0.9667, 0.9556, 0.9400, 0.9044, 0.8833, 0.8968, 0.8133, 0.9356, 0.9556,
        0.9438, 0.9879, 0.9738, 0.9609, 0.9903, 0.9630, 1.0000, 0.9933, 0.9444,
        0.8000, 1.0000, 0.9778, 0.5667, 0.9750, 0.9733, 0.8333, 0.9458, 0.8167,
        0.4833, 0.9333, 0.8667, 0.6133, 0.9667, 0.9833, 0.7667, 0.8167, 0.8949,
        0.9417, 0.8167, 0.7551, 0.8667, 0.8000, 0.8833, 0.7111])
tensor([0.9667, 0.9528, 0.9253, 0.8800, 0.8773, 0.8937, 0.7933, 0.9044, 0.9600,
        0.9438, 0.9879, 0.9571, 0.9609, 0.9861, 0.9407, 1.0000, 0.9933, 0.9667,
        0.8000, 1.0000, 0.9889, 0.5667, 0.9750, 0.9400, 0.8444, 0.9396, 0.8222,
        0.4833, 0.9400, 0.8778, 0.6333, 0.9667, 1.0000, 0.7619, 0.8667, 0.8692,
        0.9417, 0.8500, 0.7739, 0.8889, 0.8111, 0.9000, 0.7000])
tensor([0.9833, 0.9556, 0.9533, 0.9311, 0.8667, 0.8937, 0.8133, 0.9133, 0.9489,
        0.9521, 0.9909, 0.9690, 0.9710, 0.9889, 0.9407, 1.0000, 0.9933, 0.9694,
        0.7949, 0.9667, 0.9889, 0.5667, 0.9750, 0.9600, 0.8222, 0.9458, 0.8111,
        0.5000, 0.9467, 0.8556, 0.6200, 0.9667, 1.0000, 0.8524, 0.8917, 0.9026,
        0.9500, 0.9167, 0.8043, 0.9333, 0.8000, 0.9000, 0.7222])
tensor([0.9833, 0.9500, 0.9200, 0.9156, 0.8561, 0.8937, 0.8200, 0.9089, 0.9489,
        0.9396, 0.9879, 0.9738, 0.9681, 0.9903, 0.9630, 1.0000, 0.9867, 0.9667,
        0.8026, 0.9833, 0.9667, 0.5667, 0.9750, 0.9800, 0.8111, 0.9417, 0.8167,
        0.5000, 0.9533, 0.8778, 0.6000, 0.9741, 1.0000, 0.8238, 0.8417, 0.8872,
        0.9417, 0.8500, 0.7812, 0.8889, 0.8000, 0.9000, 0.7000])
tensor([0.9667, 0.9542, 0.9373, 0.8800, 0.8909, 0.9016, 0.8133, 0.9111, 0.9556,
        0.9375, 0.9924, 0.9738, 0.9667, 0.9903, 0.9630, 1.0000, 0.9867, 0.9667,
        0.7872, 0.9833, 0.9778, 0.5556, 0.9750, 0.9600, 0.8111, 0.9396, 0.8056,
        0.5000, 0.9333, 0.8667, 0.6000, 0.9667, 1.0000, 0.8143, 0.8333, 0.8410,
        0.9250, 0.8667, 0.7870, 0.8667, 0.8000, 0.9000, 0.7000])
tensor([0.9500, 0.9681, 0.9280, 0.8844, 0.8879, 0.8968, 0.8133, 0.9067, 0.9689,
        0.9438, 0.9924, 0.9738, 0.9681, 0.9889, 0.9852, 1.0000, 0.9933, 0.9722,
        0.8000, 0.9667, 0.9889, 0.5556, 0.9750, 0.9733, 0.8333, 0.9438, 0.8167,
        0.4833, 0.9400, 0.8667, 0.5933, 0.9667, 1.0000, 0.8524, 0.9000, 0.9051,
        0.9500, 0.9167, 0.8145, 0.9444, 0.8000, 0.9000, 0.7111])
tensor([0.9667, 0.9625, 0.9373, 0.9022, 0.8742, 0.9016, 0.8400, 0.9333, 0.9667,
        0.9542, 0.9924, 0.9810, 0.9609, 0.9903, 0.9926, 1.0000, 0.9867, 0.9667,
        0.7974, 0.9667, 0.9667, 0.5667, 0.9750, 0.9800, 0.8333, 0.9396, 0.8222,
        0.4833, 0.9533, 0.8778, 0.6200, 0.9778, 1.0000, 0.8286, 0.9000, 0.9103,
        0.9500, 0.9167, 0.8203, 0.8889, 0.8000, 0.8500, 0.7222])
tensor([0.9667, 0.9569, 0.9413, 0.9111, 0.8864, 0.8952, 0.8267, 0.9244, 0.9644,
        0.9479, 0.9909, 0.9738, 0.9681, 0.9889, 0.9815, 1.0000, 0.9933, 0.9722,
        0.8026, 0.9667, 0.9667, 0.5556, 0.9750, 0.9733, 0.8111, 0.9396, 0.8222,
        0.5000, 0.9533, 0.8778, 0.6133, 0.9704, 1.0000, 0.8714, 0.8917, 0.8949,
        0.9500, 0.9167, 0.8029, 0.8667, 0.8222, 0.9000, 0.7222])
tensor([0.9500, 0.9667, 0.9507, 0.8489, 0.9061, 0.9048, 0.7933, 0.9111, 0.9622,
        0.9542, 0.9879, 0.9738, 0.9710, 0.9903, 0.9963, 1.0000, 0.9933, 0.9750,
        0.7974, 0.9667, 0.9889, 0.5667, 0.9750, 0.9533, 0.8556, 0.9417, 0.8278,
        0.4833, 0.9533, 0.8444, 0.6133, 0.9630, 0.9833, 0.8476, 0.9083, 0.8590,
        0.9500, 0.9167, 0.8348, 0.9444, 0.8333, 0.9000, 0.7111])
tensor([0.9667, 0.9597, 0.9293, 0.9133, 0.8697, 0.8984, 0.8333, 0.9200, 0.9578,
        0.9458, 0.9909, 0.9643, 0.9725, 0.9889, 0.9444, 1.0000, 0.9933, 0.9667,
        0.7923, 0.9667, 0.9778, 0.5556, 0.9750, 0.9733, 0.8111, 0.9438, 0.8167,
        0.4833, 0.9533, 0.8778, 0.6067, 0.9667, 1.0000, 0.8381, 0.9083, 0.9051,
        0.9500, 0.9167, 0.8029, 0.8889, 0.8000, 0.9000, 0.7222])
tensor([0.9500, 0.9667, 0.9427, 0.9156, 0.8924, 0.9048, 0.8400, 0.9200, 0.9733,
        0.9563, 0.9939, 0.9738, 0.9768, 0.9917, 1.0000, 1.0000, 0.9800, 0.9806,
        0.8026, 0.9833, 0.9778, 0.5556, 0.9750, 0.9800, 0.8333, 0.9438, 0.8278,
        0.4833, 0.9533, 0.8778, 0.6067, 0.9667, 1.0000, 0.8667, 0.9583, 0.9256,
        0.9500, 0.9333, 0.8609, 0.9222, 0.8333, 0.9000, 0.7444])
tensor([0.9500, 0.9694, 0.9507, 0.9178, 0.8894, 0.9127, 0.8400, 0.9311, 0.9622,
        0.9563, 0.9939, 0.9738, 0.9725, 0.9917, 0.9852, 1.0000, 0.9800, 0.9694,
        0.8026, 1.0000, 0.9667, 0.5556, 0.9750, 0.9800, 0.8222, 0.9438, 0.8278,
        0.4833, 0.9533, 0.8667, 0.6133, 0.9667, 1.0000, 0.8619, 0.9417, 0.8949,
        0.9500, 0.9167, 0.8609, 0.8667, 0.7889, 0.9000, 0.7333])
tensor([0.9667, 0.9583, 0.9560, 0.9156, 0.8955, 0.9063, 0.8333, 0.9133, 0.9689,
        0.9563, 0.9939, 0.9738, 0.9783, 0.9917, 0.9741, 1.0000, 0.9867, 0.9722,
        0.8000, 1.0000, 0.9889, 0.5889, 0.9750, 0.9667, 0.8444, 0.9417, 0.8333,
        0.5000, 0.9533, 0.8556, 0.6133, 0.9667, 1.0000, 0.8857, 0.9583, 0.9051,
        0.9583, 0.9333, 0.8623, 0.8889, 0.8333, 0.9000, 0.7444])
tensor([0.9500, 0.9736, 0.9600, 0.9400, 0.9061, 0.9079, 0.8333, 0.9311, 0.9644,
        0.9563, 0.9909, 0.9786, 0.9783, 0.9931, 1.0000, 1.0000, 0.9800, 0.9806,
        0.8026, 0.9667, 0.9778, 0.5556, 0.9750, 0.9600, 0.8111, 0.9458, 0.8278,
        0.5000, 0.9533, 0.8444, 0.6200, 0.9667, 1.0000, 0.9238, 0.9583, 0.9231,
        0.9583, 0.9667, 0.8812, 0.9333, 0.8000, 0.9000, 0.7556])
tensor([0.9667, 0.9708, 0.9533, 0.9067, 0.8879, 0.9079, 0.8400, 0.9289, 0.9622,
        0.9458, 0.9939, 0.9762, 0.9768, 0.9917, 0.9815, 1.0000, 0.9933, 0.9722,
        0.7949, 0.9500, 0.9778, 0.5556, 0.9750, 0.9733, 0.8000, 0.9479, 0.8222,
        0.5000, 0.9533, 0.8778, 0.6333, 0.9704, 1.0000, 0.8714, 0.9250, 0.8923,
        0.9500, 0.9333, 0.8478, 0.9222, 0.8000, 0.9000, 0.7444])
tensor([0.9667, 0.9708, 0.9507, 0.9289, 0.8985, 0.9079, 0.8400, 0.9289, 0.9644,
        0.9563, 0.9939, 0.9738, 0.9812, 0.9917, 1.0000, 1.0000, 0.9867, 0.9806,
        0.8000, 0.9667, 0.9778, 0.5556, 0.9750, 0.9733, 0.8111, 0.9479, 0.8222,
        0.5000, 0.9533, 0.8778, 0.6067, 0.9704, 1.0000, 0.8905, 0.9250, 0.9077,
        0.9500, 0.9333, 0.8275, 0.9111, 0.8000, 0.8833, 0.7444])
tensor([0.9500, 0.9708, 0.9627, 0.9244, 0.9091, 0.9127, 0.8400, 0.9311, 0.9622,
        0.9542, 0.9939, 0.9762, 0.9826, 0.9917, 0.9926, 1.0000, 0.9933, 0.9806,
        0.8051, 0.9500, 0.9889, 0.5667, 0.9750, 0.9667, 0.8556, 0.9479, 0.8222,
        0.5000, 0.9533, 0.8556, 0.6067, 0.9667, 1.0000, 0.8667, 0.9250, 0.9154,
        0.9583, 0.9667, 0.8522, 0.9333, 0.8222, 0.9000, 0.7556])
