tensor([0.0000, 0.0000, 0.3493, 0.0000, 0.0000, 0.0000, 0.0000, 0.0000, 0.0000,
        0.0000, 0.0000, 0.0000, 0.0000, 0.0000, 0.0000, 0.0000, 0.0000, 0.0000,
        0.0000, 0.0000, 0.0000, 0.0000, 0.0000, 0.0000, 0.0000, 0.0000, 0.0000,
        0.0000, 0.0000, 0.0000, 0.0000, 0.0000, 0.0000, 0.0000, 0.0000, 0.0000,
        0.0000, 0.0000, 0.5391, 0.0000, 0.0000, 0.0000, 0.0000])
tensor([0., 0., 1., 0., 0., 0., 0., 0., 0., 0., 0., 0., 0., 0., 0., 0., 0., 0.,
        0., 0., 0., 0., 0., 0., 0., 0., 0., 0., 0., 0., 0., 0., 0., 0., 0., 0.,
        0., 0., 0., 0., 0., 0., 0.])
tensor([0., 0., 0., 0., 0., 0., 0., 0., 0., 0., 0., 0., 0., 1., 0., 0., 0., 0.,
        0., 0., 0., 0., 0., 0., 0., 0., 0., 0., 0., 0., 0., 0., 0., 0., 0., 0.,
        0., 0., 0., 0., 0., 0., 0.])
tensor([0., 0., 1., 0., 0., 0., 0., 0., 0., 0., 0., 0., 0., 0., 0., 0., 0., 0.,
        0., 0., 0., 0., 0., 0., 0., 0., 0., 0., 0., 0., 0., 0., 0., 0., 0., 0.,
        0., 0., 0., 0., 0., 0., 0.])
tensor([0., 0., 1., 0., 0., 0., 0., 0., 0., 0., 0., 0., 0., 0., 0., 0., 0., 0.,
        0., 0., 0., 0., 0., 0., 0., 0., 0., 0., 0., 0., 0., 0., 0., 0., 0., 0.,
        0., 0., 0., 0., 0., 0., 0.])
tensor([0., 0., 1., 0., 0., 0., 0., 0., 0., 0., 0., 0., 0., 0., 0., 0., 0., 0.,
        0., 0., 0., 0., 0., 0., 0., 0., 0., 0., 0., 0., 0., 0., 0., 0., 0., 0.,
        0., 0., 0., 0., 0., 0., 0.])
tensor([0., 0., 1., 0., 0., 0., 0., 0., 0., 0., 0., 0., 0., 0., 0., 0., 0., 0.,
        0., 0., 0., 0., 0., 0., 0., 0., 0., 0., 0., 0., 0., 0., 0., 0., 0., 0.,
        0., 0., 0., 0., 0., 0., 0.])
tensor([0.0000, 0.0000, 0.5240, 0.0000, 0.0000, 0.0000, 0.0000, 0.0000, 0.0000,
        0.0000, 0.6864, 0.0000, 0.5478, 0.0000, 0.0000, 0.0000, 0.0000, 0.0000,
        0.0000, 0.0000, 0.0000, 0.0000, 0.0000, 0.0000, 0.0000, 0.0000, 0.0000,
        0.0000, 0.0000, 0.0000, 0.0000, 0.0000, 0.0000, 0.0000, 0.0000, 0.1872,
        0.0000, 0.0000, 0.0000, 0.0000, 0.0000, 0.0000, 0.0000])
tensor([0.0000, 0.3708, 0.2987, 0.0000, 0.0000, 0.0032, 0.0000, 0.0000, 0.0000,
        0.0000, 0.8379, 0.0000, 0.3783, 0.0000, 0.0000, 0.0000, 0.0000, 0.0000,
        0.0000, 0.0000, 0.0000, 0.0000, 0.0000, 0.0000, 0.0000, 0.0000, 0.0000,
        0.0000, 0.0000, 0.0000, 0.0000, 0.0000, 0.0000, 0.0000, 0.0000, 0.0128,
        0.0000, 0.8000, 0.0304, 0.0000, 0.0000, 0.0000, 0.0000])
tensor([0.0000, 0.2319, 0.4213, 0.0000, 0.0545, 0.0032, 0.0000, 0.0000, 0.0000,
        0.0000, 0.7000, 0.0000, 0.6188, 0.2236, 0.0000, 0.0000, 0.0000, 0.7944,
        0.0000, 0.0000, 0.0000, 0.0000, 0.0000, 0.0000, 0.0000, 0.0000, 0.0000,
        0.0000, 0.0000, 0.0000, 0.0000, 0.0000, 0.0000, 0.0000, 0.0000, 0.6692,
        0.0000, 0.0000, 0.0986, 0.0000, 0.0000, 0.0000, 0.0000])
tensor([0.0000, 0.2833, 0.4093, 0.0000, 0.0864, 0.0810, 0.0000, 0.0000, 0.1133,
        0.0000, 0.5106, 0.2476, 0.8261, 0.6917, 0.0000, 0.0000, 0.0000, 0.9000,
        0.0436, 0.0000, 0.0000, 0.0000, 0.0000, 0.0000, 0.0000, 0.0271, 0.0000,
        0.0000, 0.0000, 0.0000, 0.0000, 0.0000, 0.0000, 0.0000, 0.0000, 0.5462,
        0.0000, 0.0000, 0.2246, 0.0000, 0.0000, 0.0000, 0.0000])
tensor([0.0000, 0.5514, 0.1560, 0.0822, 0.1030, 0.0683, 0.0000, 0.0000, 0.1156,
        0.1312, 0.5773, 0.5190, 0.8174, 0.8708, 0.2407, 0.0000, 0.0000, 0.9111,
        0.2333, 0.0000, 0.0000, 0.0000, 0.0000, 0.0000, 0.0000, 0.0312, 0.0000,
        0.0000, 0.0000, 0.0000, 0.0000, 0.0000, 0.0000, 0.0000, 0.0000, 0.0154,
        0.0000, 0.0000, 0.8942, 0.0000, 0.0000, 0.0000, 0.0000])
tensor([0.0000, 0.6111, 0.1480, 0.0556, 0.0606, 0.0810, 0.1267, 0.0111, 0.2511,
        0.2146, 0.7136, 0.6571, 0.8043, 0.9389, 0.1667, 0.0000, 0.0000, 0.8944,
        0.3667, 0.0000, 0.0000, 0.0000, 0.0000, 0.0000, 0.0000, 0.0521, 0.0333,
        0.0000, 0.0133, 0.0000, 0.0000, 0.0852, 0.0000, 0.0000, 0.0000, 0.2462,
        0.0000, 0.0000, 0.5275, 0.0000, 0.0000, 0.0000, 0.0000])
tensor([0.0000, 0.6153, 0.1747, 0.0044, 0.0576, 0.0968, 0.2400, 0.0400, 0.1978,
        0.4208, 0.8303, 0.7238, 0.8174, 0.9514, 0.1741, 0.0619, 0.0867, 0.8694,
        0.4282, 0.0000, 0.0000, 0.0000, 0.0000, 0.0000, 0.0000, 0.1063, 0.0500,
        0.0000, 0.0533, 0.0000, 0.0000, 0.0519, 0.0000, 0.0000, 0.0000, 0.2641,
        0.0000, 0.0000, 0.4928, 0.0000, 0.0000, 0.0000, 0.0000])
tensor([0.0000, 0.6639, 0.1720, 0.0000, 0.0727, 0.1286, 0.2400, 0.1133, 0.0822,
        0.6062, 0.8485, 0.7714, 0.8029, 0.9486, 0.4481, 0.2143, 0.3533, 0.8111,
        0.4436, 0.0000, 0.0000, 0.0000, 0.0083, 0.0000, 0.0000, 0.3146, 0.0444,
        0.0000, 0.0667, 0.0000, 0.0000, 0.0037, 0.0000, 0.0000, 0.0000, 0.2769,
        0.0000, 0.0000, 0.4681, 0.0000, 0.0000, 0.0833, 0.0000])
tensor([0.0000, 0.5792, 0.2067, 0.0622, 0.0955, 0.1286, 0.2533, 0.1489, 0.1111,
        0.6854, 0.8561, 0.7976, 0.7971, 0.9472, 0.3667, 0.2714, 0.5533, 0.8472,
        0.4641, 0.0000, 0.0000, 0.0111, 0.0833, 0.0000, 0.0000, 0.4292, 0.0444,
        0.0000, 0.0800, 0.0000, 0.0000, 0.0000, 0.0000, 0.0000, 0.0000, 0.2513,
        0.0000, 0.0000, 0.5812, 0.0000, 0.0000, 0.2667, 0.0778])
tensor([0.0000, 0.4847, 0.2413, 0.1556, 0.1076, 0.1667, 0.2733, 0.1311, 0.0600,
        0.7021, 0.8606, 0.7929, 0.7913, 0.9500, 0.4778, 0.3333, 0.5933, 0.8778,
        0.4795, 0.0000, 0.0000, 0.0111, 0.3333, 0.0000, 0.0000, 0.5437, 0.0556,
        0.0000, 0.1133, 0.0000, 0.0000, 0.0000, 0.0000, 0.0000, 0.0000, 0.2538,
        0.0000, 0.0000, 0.6087, 0.0000, 0.0000, 0.3000, 0.0889])
tensor([0.0000, 0.4861, 0.2347, 0.2244, 0.1242, 0.1444, 0.3000, 0.1822, 0.1333,
        0.7417, 0.8652, 0.7929, 0.7899, 0.9444, 0.7148, 0.3810, 0.5867, 0.8667,
        0.5179, 0.0000, 0.0000, 0.0222, 0.5333, 0.0000, 0.0000, 0.6125, 0.1000,
        0.0000, 0.1133, 0.0000, 0.0000, 0.0444, 0.0000, 0.0095, 0.0000, 0.2846,
        0.0000, 0.0000, 0.6478, 0.0000, 0.0000, 0.4167, 0.1111])
tensor([0.0000, 0.4625, 0.2680, 0.2867, 0.1485, 0.1238, 0.3733, 0.2556, 0.1756,
        0.7375, 0.8470, 0.8143, 0.7942, 0.9486, 0.7741, 0.4762, 0.6067, 0.8722,
        0.5359, 0.0000, 0.0000, 0.0333, 0.6333, 0.0000, 0.0000, 0.6833, 0.1389,
        0.0000, 0.2200, 0.0444, 0.0000, 0.2111, 0.0000, 0.0286, 0.0000, 0.2821,
        0.0000, 0.0000, 0.7304, 0.0000, 0.0000, 0.5167, 0.1222])
tensor([0.0000, 0.5069, 0.2573, 0.3400, 0.1636, 0.1413, 0.3800, 0.3156, 0.2089,
        0.7437, 0.8591, 0.8333, 0.7971, 0.9542, 0.8370, 0.5810, 0.6133, 0.8528,
        0.5538, 0.0000, 0.0111, 0.1444, 0.6500, 0.0000, 0.0000, 0.7208, 0.1611,
        0.0000, 0.3267, 0.1333, 0.0000, 0.4593, 0.2000, 0.0333, 0.0000, 0.3462,
        0.0000, 0.0333, 0.7580, 0.0000, 0.0000, 0.6000, 0.1667])
tensor([0.0000, 0.5056, 0.2880, 0.4000, 0.1985, 0.1349, 0.4467, 0.4244, 0.2311,
        0.7292, 0.8545, 0.8405, 0.7986, 0.9500, 0.8704, 0.5905, 0.6333, 0.8528,
        0.5641, 0.0000, 0.0333, 0.1778, 0.6500, 0.0000, 0.0000, 0.7563, 0.2111,
        0.0000, 0.4600, 0.3444, 0.0200, 0.6111, 0.2500, 0.0429, 0.0000, 0.3769,
        0.0000, 0.2167, 0.8304, 0.0000, 0.0111, 0.7000, 0.2333])
tensor([0.0000, 0.5556, 0.2600, 0.5022, 0.2697, 0.1778, 0.5000, 0.4756, 0.2578,
        0.7417, 0.8545, 0.7857, 0.8116, 0.9556, 0.9000, 0.6619, 0.6667, 0.8417,
        0.5513, 0.0000, 0.0667, 0.1778, 0.6667, 0.0200, 0.0000, 0.7854, 0.2556,
        0.0000, 0.4667, 0.4556, 0.0200, 0.6741, 0.2833, 0.1000, 0.0417, 0.4154,
        0.2667, 0.3833, 0.8580, 0.2667, 0.1333, 0.6667, 0.3556])
tensor([0.0000, 0.5333, 0.3440, 0.5356, 0.3182, 0.1937, 0.5267, 0.5022, 0.2844,
        0.7437, 0.8530, 0.7857, 0.8217, 0.9556, 0.9037, 0.6810, 0.7600, 0.8500,
        0.5231, 0.0000, 0.0444, 0.2556, 0.6667, 0.0267, 0.0000, 0.8104, 0.2944,
        0.0000, 0.4800, 0.5222, 0.0400, 0.7222, 0.3000, 0.2333, 0.6833, 0.4436,
        0.4167, 0.5667, 0.8565, 0.3333, 0.3667, 0.7333, 0.5778])
tensor([0.0167, 0.5597, 0.3773, 0.6111, 0.3909, 0.1968, 0.5333, 0.5156, 0.3311,
        0.7479, 0.8485, 0.7881, 0.8362, 0.9472, 0.9185, 0.8381, 0.8200, 0.8639,
        0.5000, 0.0000, 0.0778, 0.3111, 0.7167, 0.0733, 0.0000, 0.8354, 0.2944,
        0.0000, 0.5533, 0.5778, 0.0533, 0.7481, 0.3000, 0.4238, 0.7500, 0.6128,
        0.6333, 0.6833, 0.8609, 0.3333, 0.4333, 0.6833, 0.6000])
tensor([0.0167, 0.5847, 0.4213, 0.5978, 0.5182, 0.2079, 0.6067, 0.5111, 0.3400,
        0.7729, 0.8455, 0.7833, 0.8435, 0.9458, 0.9074, 0.8238, 0.8467, 0.9250,
        0.5795, 0.0500, 0.0889, 0.3111, 0.7917, 0.2667, 0.0111, 0.8667, 0.2667,
        0.0000, 0.5867, 0.5889, 0.0600, 0.7630, 0.3167, 0.6476, 0.8000, 0.6821,
        0.6833, 0.7667, 0.8986, 0.3889, 0.4333, 0.7000, 0.6556])
tensor([0.0167, 0.6028, 0.4560, 0.6511, 0.5515, 0.2810, 0.6133, 0.5044, 0.3267,
        0.7604, 0.8455, 0.7857, 0.8536, 0.9417, 0.9222, 0.8810, 0.8600, 0.9194,
        0.5846, 0.1000, 0.1333, 0.3778, 0.7917, 0.4200, 0.0333, 0.8958, 0.2500,
        0.0000, 0.5933, 0.6333, 0.0600, 0.7519, 0.3333, 0.7476, 0.8417, 0.7821,
        0.6917, 0.7500, 0.8986, 0.4222, 0.4667, 0.7000, 0.6889])
tensor([0.0167, 0.6264, 0.4760, 0.6800, 0.6030, 0.2952, 0.6067, 0.5178, 0.3644,
        0.7708, 0.8394, 0.7881, 0.8507, 0.9403, 0.9259, 0.8667, 0.8667, 0.9222,
        0.5974, 0.1167, 0.2000, 0.4667, 0.8250, 0.4667, 0.0667, 0.9042, 0.2500,
        0.0000, 0.6200, 0.6333, 0.0667, 0.7593, 0.3333, 0.7238, 0.8583, 0.8564,
        0.7333, 0.7833, 0.9232, 0.6333, 0.4667, 0.7000, 0.7444])
tensor([0.0500, 0.6333, 0.5213, 0.7111, 0.6364, 0.3333, 0.6200, 0.5178, 0.3978,
        0.7625, 0.8545, 0.7881, 0.8522, 0.9361, 0.9296, 0.9190, 0.8733, 0.9306,
        0.5744, 0.1333, 0.2222, 0.4444, 0.8250, 0.5067, 0.0778, 0.9292, 0.2444,
        0.0333, 0.6467, 0.6333, 0.0667, 0.7852, 0.3667, 0.7667, 0.9250, 0.8667,
        0.7750, 0.7833, 0.9232, 0.6667, 0.4444, 0.6667, 0.7444])
tensor([0.0833, 0.6292, 0.5987, 0.7200, 0.6621, 0.3365, 0.6267, 0.5400, 0.3956,
        0.7708, 0.8530, 0.7952, 0.8536, 0.9361, 0.9296, 0.9048, 0.8667, 0.9306,
        0.6103, 0.1333, 0.2778, 0.4000, 0.8583, 0.5533, 0.1000, 0.9333, 0.2333,
        0.0500, 0.6867, 0.6222, 0.0933, 0.8296, 0.4500, 0.7619, 0.9417, 0.8923,
        0.7750, 0.8167, 0.9304, 0.7111, 0.4889, 0.6833, 0.7444])
tensor([0.1167, 0.6389, 0.6120, 0.7356, 0.6985, 0.3905, 0.6133, 0.5533, 0.4400,
        0.7833, 0.8576, 0.8024, 0.8594, 0.9403, 0.9333, 0.9238, 0.8800, 0.9444,
        0.6256, 0.2000, 0.2778, 0.4111, 0.8500, 0.5867, 0.1111, 0.9354, 0.2278,
        0.0500, 0.6533, 0.6778, 0.0867, 0.8333, 0.4500, 0.7857, 0.9417, 0.9077,
        0.8083, 0.8167, 0.9362, 0.7556, 0.4444, 0.6833, 0.7778])
tensor([0.1500, 0.6444, 0.6493, 0.7200, 0.7030, 0.4095, 0.6133, 0.5689, 0.4778,
        0.8083, 0.8636, 0.8095, 0.8623, 0.9389, 0.9370, 0.9190, 0.8933, 0.9417,
        0.6333, 0.2167, 0.3222, 0.4111, 0.8833, 0.5533, 0.1000, 0.9375, 0.2389,
        0.1167, 0.6267, 0.7222, 0.1000, 0.8370, 0.5333, 0.8048, 0.9500, 0.9205,
        0.8000, 0.8333, 0.9391, 0.7778, 0.4556, 0.7167, 0.7778])
tensor([0.1500, 0.6611, 0.6867, 0.7511, 0.7273, 0.4206, 0.6267, 0.5889, 0.4533,
        0.8292, 0.8697, 0.8000, 0.8609, 0.9458, 0.9407, 0.9476, 0.8933, 0.9472,
        0.6333, 0.2167, 0.3556, 0.4222, 0.8833, 0.5733, 0.0667, 0.9396, 0.2389,
        0.2833, 0.6200, 0.7222, 0.1200, 0.8519, 0.5833, 0.8238, 0.9500, 0.9564,
        0.8667, 0.8500, 0.9478, 0.6556, 0.4889, 0.7167, 0.7778])
tensor([0.1500, 0.6875, 0.6760, 0.7511, 0.7242, 0.4540, 0.6467, 0.5911, 0.5533,
        0.8396, 0.8682, 0.8048, 0.8609, 0.9486, 0.9444, 0.9476, 0.9200, 0.9417,
        0.6513, 0.2667, 0.3444, 0.4222, 0.9083, 0.5800, 0.1222, 0.9396, 0.2722,
        0.2000, 0.6333, 0.7000, 0.1400, 0.8481, 0.5500, 0.8714, 0.9583, 0.9154,
        0.9000, 0.8667, 0.9580, 0.8000, 0.4667, 0.7333, 0.8111])
tensor([0.1500, 0.6653, 0.7347, 0.7778, 0.7424, 0.4619, 0.6467, 0.6244, 0.5867,
        0.8562, 0.8727, 0.8095, 0.8638, 0.9486, 0.9556, 0.9381, 0.9133, 0.9389,
        0.6333, 0.3000, 0.3444, 0.4556, 0.8917, 0.5867, 0.1889, 0.9438, 0.2944,
        0.2833, 0.6733, 0.6667, 0.1267, 0.8630, 0.6667, 0.8667, 0.9667, 0.9154,
        0.8833, 0.8833, 0.9565, 0.8222, 0.4667, 0.7333, 0.8667])
tensor([0.1667, 0.7028, 0.7360, 0.7622, 0.7545, 0.5175, 0.6467, 0.6289, 0.6200,
        0.8792, 0.8803, 0.8071, 0.8565, 0.9569, 0.9593, 0.9524, 0.9133, 0.9528,
        0.6385, 0.3000, 0.4333, 0.4778, 0.9083, 0.6267, 0.1333, 0.9458, 0.3000,
        0.3000, 0.6733, 0.6778, 0.1200, 0.8630, 0.6667, 0.8810, 0.9667, 0.9282,
        0.9167, 0.8833, 0.9638, 0.8111, 0.4667, 0.7333, 0.8222])
tensor([0.1833, 0.7014, 0.7467, 0.7556, 0.7682, 0.5571, 0.6667, 0.6378, 0.6333,
        0.9146, 0.8848, 0.8167, 0.8609, 0.9556, 0.9667, 0.9619, 0.9133, 0.9444,
        0.6436, 0.3000, 0.4556, 0.4778, 0.9000, 0.6400, 0.1333, 0.9458, 0.3111,
        0.3000, 0.6800, 0.6889, 0.1200, 0.8667, 0.6833, 0.8905, 0.9833, 0.9410,
        0.9333, 0.8833, 0.9696, 0.7667, 0.4667, 0.7333, 0.9111])
tensor([0.1833, 0.7444, 0.7533, 0.7733, 0.7758, 0.5746, 0.6733, 0.6533, 0.6356,
        0.9167, 0.8924, 0.8214, 0.8594, 0.9653, 0.9815, 0.9667, 0.9333, 0.9528,
        0.6333, 0.3167, 0.4444, 0.4889, 0.9000, 0.6333, 0.1333, 0.9479, 0.3278,
        0.3167, 0.6800, 0.6778, 0.1600, 0.8778, 0.7000, 0.8905, 0.9833, 0.9359,
        0.9333, 0.8833, 0.9710, 0.7556, 0.4667, 0.7500, 0.8889])
tensor([0.2000, 0.7389, 0.7640, 0.7911, 0.7833, 0.6127, 0.6667, 0.6578, 0.6822,
        0.9500, 0.8955, 0.8190, 0.8536, 0.9667, 0.9815, 0.9667, 0.9267, 0.9583,
        0.6436, 0.3833, 0.4556, 0.5222, 0.9083, 0.6133, 0.0778, 0.9458, 0.3333,
        0.3167, 0.6867, 0.6333, 0.2200, 0.8667, 0.7333, 0.9095, 0.9833, 0.9385,
        0.9333, 0.8833, 0.9754, 0.8111, 0.4667, 0.7667, 0.8778])
tensor([0.1833, 0.7431, 0.8013, 0.7844, 0.8167, 0.6190, 0.6933, 0.6867, 0.7000,
        0.9667, 0.9015, 0.8286, 0.8536, 0.9681, 0.9815, 0.9667, 0.9333, 0.9639,
        0.6128, 0.3500, 0.4667, 0.5444, 0.9000, 0.5933, 0.1556, 0.9479, 0.4167,
        0.3333, 0.6933, 0.5778, 0.2333, 0.8778, 0.7000, 0.9190, 0.9833, 0.9385,
        0.9583, 0.8833, 0.9725, 0.8222, 0.4556, 0.7667, 0.8889])
tensor([0.1833, 0.7458, 0.8133, 0.8000, 0.8258, 0.6413, 0.6733, 0.6756, 0.7244,
        0.9646, 0.9000, 0.8286, 0.8507, 0.9694, 0.9852, 0.9762, 0.9400, 0.9667,
        0.5897, 0.3667, 0.4778, 0.5778, 0.9250, 0.6200, 0.1444, 0.9458, 0.4556,
        0.3500, 0.6933, 0.5667, 0.2600, 0.8704, 0.7167, 0.9238, 0.9833, 0.9513,
        0.9417, 0.8833, 0.9754, 0.8111, 0.4778, 0.7833, 0.8778])
tensor([0.2000, 0.7681, 0.7973, 0.7978, 0.8455, 0.6841, 0.6667, 0.7156, 0.7156,
        0.9771, 0.9121, 0.8262, 0.8565, 0.9694, 0.9852, 0.9667, 0.9467, 0.9667,
        0.6410, 0.5167, 0.5556, 0.6000, 0.9000, 0.6000, 0.1778, 0.9438, 0.4722,
        0.3167, 0.6933, 0.5444, 0.2533, 0.8519, 0.7333, 0.9048, 0.9833, 0.9564,
        0.9583, 0.9000, 0.9768, 0.8778, 0.4444, 0.7833, 0.8889])
tensor([0.2167, 0.7722, 0.8413, 0.8178, 0.8500, 0.6540, 0.6533, 0.7467, 0.7422,
        0.9729, 0.9182, 0.8310, 0.8580, 0.9750, 0.9889, 0.9810, 0.9467, 0.9639,
        0.6385, 0.4500, 0.5889, 0.6000, 0.9083, 0.6600, 0.1667, 0.9438, 0.4611,
        0.3667, 0.6867, 0.5444, 0.3333, 0.8630, 0.7333, 0.9476, 0.9833, 0.9487,
        0.9417, 0.8833, 0.9739, 0.8222, 0.4667, 0.8000, 0.8667])
tensor([0.2333, 0.7917, 0.8200, 0.8422, 0.8621, 0.7000, 0.6533, 0.7467, 0.7622,
        0.9792, 0.9197, 0.8238, 0.8609, 0.9708, 0.9889, 0.9810, 0.9467, 0.9667,
        0.6205, 0.4500, 0.5889, 0.6111, 0.9000, 0.6667, 0.2000, 0.9396, 0.5889,
        0.3833, 0.7000, 0.5333, 0.3133, 0.8667, 0.6667, 0.9524, 0.9833, 0.9462,
        0.9750, 0.9333, 0.9739, 0.8556, 0.4667, 0.8000, 0.8556])
tensor([0.2333, 0.7972, 0.8507, 0.8356, 0.8712, 0.7079, 0.6800, 0.7733, 0.7400,
        0.9792, 0.9227, 0.8310, 0.8609, 0.9736, 0.9889, 0.9857, 0.9467, 0.9722,
        0.6462, 0.4333, 0.6667, 0.6778, 0.9000, 0.6667, 0.2000, 0.9375, 0.5889,
        0.4000, 0.6733, 0.5222, 0.3267, 0.8593, 0.6500, 0.9333, 0.9833, 0.9513,
        0.9583, 0.8833, 0.9754, 0.8667, 0.5111, 0.8000, 0.8444])
tensor([0.2500, 0.8097, 0.8653, 0.8444, 0.8636, 0.7175, 0.6667, 0.7711, 0.7911,
        0.9771, 0.9318, 0.8405, 0.8623, 0.9750, 0.9926, 0.9857, 0.9533, 0.9722,
        0.6231, 0.4500, 0.6556, 0.6667, 0.9000, 0.6667, 0.1556, 0.9396, 0.6944,
        0.3833, 0.6867, 0.5111, 0.3733, 0.8630, 0.6333, 0.9286, 0.9833, 0.9718,
        0.9667, 0.9500, 0.9754, 0.8444, 0.5000, 0.8000, 0.8444])
tensor([0.3000, 0.8097, 0.8693, 0.8600, 0.8818, 0.7302, 0.6733, 0.7644, 0.8089,
        0.9792, 0.9333, 0.8429, 0.8638, 0.9750, 0.9926, 0.9905, 0.9533, 0.9667,
        0.6282, 0.5667, 0.6778, 0.6778, 0.8833, 0.6667, 0.2000, 0.9312, 0.6833,
        0.4000, 0.6933, 0.5111, 0.4067, 0.8667, 0.6333, 0.9095, 0.9833, 0.9718,
        0.9833, 0.9500, 0.9754, 0.8556, 0.5000, 0.8000, 0.8333])
tensor([0.2833, 0.8361, 0.8853, 0.8756, 0.8924, 0.7206, 0.6533, 0.7889, 0.8022,
        0.9792, 0.9348, 0.8452, 0.8696, 0.9792, 0.9926, 0.9905, 0.9600, 0.9639,
        0.6333, 0.5333, 0.6778, 0.7111, 0.8833, 0.6800, 0.2333, 0.9271, 0.7444,
        0.4000, 0.6933, 0.5111, 0.4133, 0.8667, 0.6167, 0.9476, 0.9833, 0.9513,
        0.9667, 0.9667, 0.9754, 0.8556, 0.4889, 0.8000, 0.8778])
tensor([0.3333, 0.8361, 0.8853, 0.8711, 0.8848, 0.7603, 0.6800, 0.7822, 0.8089,
        0.9792, 0.9318, 0.8476, 0.8725, 0.9792, 0.9926, 1.0000, 0.9467, 0.9528,
        0.6308, 0.5500, 0.6778, 0.7222, 0.9000, 0.6800, 0.1889, 0.9271, 0.7667,
        0.4500, 0.6933, 0.5333, 0.4600, 0.8741, 0.6333, 0.9524, 0.9833, 0.9615,
        0.9833, 0.9667, 0.9710, 0.8444, 0.5000, 0.8000, 0.8889])
tensor([0.3167, 0.8306, 0.8907, 0.8600, 0.9000, 0.7730, 0.6533, 0.7822, 0.8333,
        0.9812, 0.9394, 0.8357, 0.8870, 0.9792, 0.9926, 1.0000, 0.9600, 0.9556,
        0.6513, 0.6500, 0.7000, 0.7444, 0.8917, 0.6733, 0.2667, 0.9271, 0.8278,
        0.4500, 0.6867, 0.5000, 0.4733, 0.8630, 0.6167, 0.9524, 0.9833, 0.9667,
        0.9667, 0.9833, 0.9754, 0.8667, 0.6000, 0.8000, 0.9222])
tensor([0.3167, 0.8389, 0.8947, 0.8889, 0.9045, 0.7714, 0.6733, 0.7978, 0.8244,
        0.9875, 0.9455, 0.8476, 0.8725, 0.9819, 0.9926, 0.9952, 0.9467, 0.9611,
        0.6385, 0.6333, 0.7778, 0.7556, 0.9000, 0.6667, 0.2111, 0.9333, 0.8278,
        0.4667, 0.6800, 0.5333, 0.4933, 0.8778, 0.6000, 0.9524, 0.9833, 0.9744,
        0.9750, 0.9833, 0.9710, 0.8556, 0.5556, 0.8000, 0.9222])
tensor([0.4000, 0.8319, 0.9040, 0.8889, 0.9167, 0.7810, 0.6600, 0.7933, 0.8467,
        0.9833, 0.9424, 0.8524, 0.8710, 0.9792, 0.9926, 0.9905, 0.9600, 0.9556,
        0.6513, 0.6667, 0.7667, 0.7667, 0.9000, 0.6733, 0.2556, 0.9292, 0.8444,
        0.4667, 0.6600, 0.5333, 0.5000, 0.8926, 0.6500, 0.9571, 0.9833, 0.9744,
        0.9750, 0.9833, 0.9710, 0.9111, 0.5667, 0.8000, 0.9111])
tensor([0.4167, 0.8514, 0.9000, 0.8956, 0.9152, 0.8079, 0.6800, 0.7956, 0.8200,
        0.9875, 0.9515, 0.8548, 0.8899, 0.9819, 0.9926, 0.9952, 0.9533, 0.9333,
        0.6641, 0.6833, 0.7667, 0.7667, 0.8833, 0.6867, 0.2889, 0.9312, 0.8722,
        0.4667, 0.6667, 0.5556, 0.4800, 0.8815, 0.5833, 0.9524, 0.9833, 0.9744,
        0.9750, 0.9833, 0.9681, 0.9111, 0.5889, 0.7833, 0.9111])
tensor([0.5833, 0.8528, 0.9133, 0.9133, 0.9091, 0.7746, 0.6600, 0.7889, 0.8400,
        0.9896, 0.9470, 0.8500, 0.8899, 0.9819, 0.9926, 0.9905, 0.9600, 0.9472,
        0.6744, 0.6667, 0.7778, 0.7667, 0.9083, 0.6800, 0.2778, 0.9375, 0.8556,
        0.4667, 0.6800, 0.5444, 0.4867, 0.8815, 0.6167, 0.9571, 0.9833, 0.9744,
        0.9833, 1.0000, 0.9623, 0.9111, 0.5667, 0.7833, 0.9222])
tensor([0.6000, 0.8458, 0.9067, 0.9178, 0.9227, 0.8111, 0.6600, 0.7978, 0.8600,
        0.9875, 0.9515, 0.8429, 0.8884, 0.9806, 0.9926, 0.9952, 0.9733, 0.9306,
        0.6744, 0.6833, 0.7778, 0.7667, 0.9083, 0.6800, 0.2778, 0.9417, 0.8444,
        0.4667, 0.6667, 0.5889, 0.4933, 0.8815, 0.6333, 0.9571, 0.9833, 0.9769,
        0.9750, 1.0000, 0.9638, 0.9111, 0.5667, 0.7833, 0.8556])
tensor([0.6333, 0.8556, 0.9147, 0.9156, 0.9197, 0.8127, 0.6667, 0.8222, 0.8422,
        0.9854, 0.9545, 0.8452, 0.8957, 0.9819, 0.9926, 0.9905, 0.9667, 0.9250,
        0.6667, 0.6333, 0.7778, 0.7778, 0.9000, 0.6867, 0.3111, 0.9417, 0.8722,
        0.4667, 0.6733, 0.5556, 0.5267, 0.8889, 0.7000, 0.9429, 0.9833, 0.9769,
        0.9667, 1.0000, 0.9638, 0.9222, 0.6222, 0.7833, 0.9444])
tensor([0.6833, 0.8597, 0.9080, 0.9133, 0.9167, 0.8190, 0.6800, 0.8022, 0.8578,
        0.9875, 0.9515, 0.8357, 0.8942, 0.9819, 0.9926, 0.9952, 0.9667, 0.9306,
        0.6513, 0.6500, 0.7778, 0.7667, 0.9083, 0.7133, 0.3222, 0.9438, 0.9056,
        0.4667, 0.6667, 0.5667, 0.5400, 0.8963, 0.7167, 0.9476, 0.9833, 0.9769,
        0.9667, 1.0000, 0.9652, 0.9222, 0.5778, 0.7833, 0.9444])
tensor([0.7333, 0.8569, 0.9187, 0.9178, 0.9212, 0.8095, 0.6667, 0.7956, 0.8711,
        0.9875, 0.9545, 0.8357, 0.9043, 0.9819, 0.9926, 0.9905, 0.9800, 0.9139,
        0.6718, 0.6833, 0.7778, 0.7444, 0.9083, 0.6933, 0.3333, 0.9458, 0.9000,
        0.4667, 0.6667, 0.5778, 0.5400, 0.8889, 0.8167, 0.9476, 0.9833, 0.9769,
        0.9667, 1.0000, 0.9696, 0.9222, 0.6222, 0.7833, 0.9333])
tensor([0.7333, 0.8667, 0.9093, 0.9267, 0.9242, 0.8159, 0.6867, 0.7978, 0.8578,
        0.9896, 0.9530, 0.8524, 0.9029, 0.9819, 0.9926, 0.9952, 0.9667, 0.9194,
        0.6949, 0.7000, 0.7778, 0.7667, 0.9083, 0.7067, 0.3111, 0.9438, 0.8833,
        0.4833, 0.6600, 0.5889, 0.4867, 0.8963, 0.7500, 0.9381, 0.9833, 0.9821,
        0.9417, 1.0000, 0.9696, 0.9444, 0.6000, 0.7833, 0.9333])
tensor([0.7500, 0.8625, 0.9080, 0.9289, 0.9258, 0.8238, 0.6733, 0.7867, 0.8422,
        0.9917, 0.9545, 0.8381, 0.8986, 0.9819, 0.9926, 0.9857, 0.9533, 0.9028,
        0.6974, 0.7000, 0.7778, 0.7889, 0.9000, 0.7333, 0.3333, 0.9500, 0.8889,
        0.4667, 0.6867, 0.5667, 0.4733, 0.9148, 0.8167, 0.9476, 0.9833, 0.9795,
        0.9667, 1.0000, 0.9623, 0.9222, 0.6556, 0.7833, 0.9333])
tensor([0.7000, 0.8667, 0.9227, 0.9200, 0.9303, 0.8254, 0.6800, 0.7911, 0.8600,
        0.9896, 0.9576, 0.8571, 0.9000, 0.9833, 0.9926, 0.9810, 0.9600, 0.9083,
        0.7103, 0.7000, 0.7889, 0.7667, 0.9000, 0.7200, 0.4111, 0.9542, 0.8833,
        0.4833, 0.6733, 0.5889, 0.4667, 0.9000, 0.7667, 0.9476, 0.9833, 0.9769,
        0.9500, 1.0000, 0.9638, 0.9333, 0.7444, 0.7833, 0.9333])
tensor([0.6833, 0.8681, 0.9093, 0.9333, 0.9318, 0.8206, 0.6800, 0.8000, 0.8689,
        0.9917, 0.9591, 0.8619, 0.9058, 0.9847, 0.9926, 0.9857, 0.9600, 0.9222,
        0.6974, 0.7667, 0.7889, 0.7333, 0.9083, 0.7333, 0.3778, 0.9521, 0.8889,
        0.4833, 0.7067, 0.5667, 0.4733, 0.9037, 0.8167, 0.9429, 0.9833, 0.9821,
        0.9417, 1.0000, 0.9594, 0.9444, 0.6111, 0.7833, 0.9667])
tensor([0.7500, 0.8681, 0.9080, 0.9267, 0.9288, 0.8222, 0.6867, 0.8222, 0.8933,
        0.9917, 0.9606, 0.8643, 0.9116, 0.9833, 0.9926, 0.9810, 0.9733, 0.9111,
        0.7026, 0.7500, 0.7889, 0.7889, 0.9083, 0.7200, 0.3889, 0.9479, 0.8944,
        0.4833, 0.7133, 0.5556, 0.4867, 0.9000, 0.8167, 0.9429, 0.9833, 0.9872,
        0.9667, 1.0000, 0.9609, 0.9444, 0.7778, 0.7833, 0.9556])
tensor([0.7000, 0.8639, 0.9053, 0.9333, 0.9333, 0.8302, 0.6867, 0.8111, 0.8844,
        0.9896, 0.9591, 0.8476, 0.9000, 0.9847, 0.9926, 0.9810, 0.9600, 0.9083,
        0.7256, 0.6833, 0.8111, 0.7667, 0.9083, 0.7267, 0.4222, 0.9500, 0.8889,
        0.4833, 0.6733, 0.6333, 0.5600, 0.9037, 0.8167, 0.9429, 0.9833, 0.9872,
        0.9583, 1.0000, 0.9623, 0.9444, 0.7444, 0.7833, 0.9778])
tensor([0.6833, 0.8653, 0.9107, 0.9244, 0.9348, 0.8317, 0.6800, 0.8067, 0.9000,
        0.9896, 0.9606, 0.8595, 0.9101, 0.9819, 0.9926, 0.9810, 0.9733, 0.9194,
        0.7359, 0.7000, 0.8000, 0.7667, 0.9083, 0.7400, 0.4444, 0.9542, 0.8722,
        0.4833, 0.7200, 0.5778, 0.5133, 0.9037, 0.8667, 0.9476, 0.9833, 0.9795,
        0.9667, 1.0000, 0.9667, 0.9444, 0.8111, 0.7667, 0.9778])
tensor([0.7000, 0.8667, 0.9080, 0.9400, 0.9333, 0.8238, 0.6933, 0.8022, 0.8956,
        0.9896, 0.9621, 0.8714, 0.9145, 0.9847, 0.9926, 0.9810, 0.9800, 0.9028,
        0.7077, 0.7000, 0.8111, 0.7333, 0.9083, 0.7733, 0.3778, 0.9563, 0.8889,
        0.4833, 0.7000, 0.6000, 0.4867, 0.9296, 0.8667, 0.9429, 0.9833, 0.9897,
        0.9583, 1.0000, 0.9623, 0.9222, 0.7778, 0.7667, 0.9778])
tensor([0.8000, 0.8667, 0.9093, 0.9378, 0.9318, 0.8254, 0.6933, 0.8022, 0.8978,
        0.9917, 0.9606, 0.8690, 0.9087, 0.9847, 0.9926, 0.9810, 0.9733, 0.9167,
        0.7231, 0.7333, 0.8222, 0.7222, 0.9083, 0.7467, 0.4222, 0.9583, 0.8778,
        0.4833, 0.6933, 0.6111, 0.5133, 0.9333, 0.8667, 0.9429, 0.9833, 0.9872,
        0.9417, 1.0000, 0.9623, 0.9444, 0.8111, 0.7667, 0.9778])
tensor([0.7667, 0.8694, 0.9080, 0.9422, 0.9348, 0.8222, 0.6933, 0.7933, 0.9000,
        0.9917, 0.9606, 0.8667, 0.9043, 0.9819, 0.9926, 0.9810, 0.9667, 0.9083,
        0.7282, 0.7000, 0.8667, 0.7333, 0.9083, 0.7600, 0.4556, 0.9563, 0.8778,
        0.5000, 0.6933, 0.6111, 0.5067, 0.9222, 0.8667, 0.9429, 0.9833, 0.9872,
        0.9667, 1.0000, 0.9696, 0.9444, 0.8111, 0.7833, 0.9556])
tensor([0.7833, 0.8736, 0.9093, 0.9444, 0.9333, 0.8238, 0.6733, 0.8044, 0.8978,
        0.9917, 0.9591, 0.8619, 0.9174, 0.9819, 0.9926, 0.9810, 0.9533, 0.8917,
        0.7256, 0.7000, 0.8333, 0.7444, 0.9083, 0.7733, 0.4444, 0.9521, 0.8722,
        0.5000, 0.7333, 0.6111, 0.5200, 0.9296, 0.9000, 0.9429, 0.9833, 0.9846,
        0.9417, 1.0000, 0.9681, 0.9444, 0.8111, 0.7667, 0.9556])
tensor([0.8167, 0.8667, 0.9160, 0.9444, 0.9348, 0.8286, 0.7000, 0.8178, 0.9133,
        0.9917, 0.9606, 0.8643, 0.9087, 0.9833, 0.9926, 0.9810, 0.9667, 0.9167,
        0.7256, 0.7333, 0.8556, 0.7778, 0.9083, 0.7533, 0.5000, 0.9542, 0.8778,
        0.5000, 0.7467, 0.5667, 0.5267, 0.9259, 0.9000, 0.9476, 0.9833, 0.9872,
        0.9417, 1.0000, 0.9696, 0.9333, 0.8444, 0.7667, 0.9556])
tensor([0.7167, 0.8833, 0.9027, 0.9444, 0.9333, 0.8286, 0.7267, 0.8200, 0.8933,
        0.9917, 0.9621, 0.8857, 0.9087, 0.9847, 0.9926, 0.9810, 0.9667, 0.9139,
        0.7385, 0.7833, 0.8556, 0.7556, 0.9083, 0.7933, 0.4556, 0.9563, 0.8778,
        0.5000, 0.7133, 0.6111, 0.4933, 0.9259, 0.9333, 0.9429, 0.9833, 0.9872,
        0.9417, 1.0000, 0.9681, 0.9333, 0.7444, 0.7667, 0.9667])
tensor([0.7500, 0.8792, 0.9173, 0.9444, 0.9348, 0.8333, 0.6733, 0.8067, 0.9200,
        0.9896, 0.9621, 0.8810, 0.9130, 0.9847, 0.9926, 0.9810, 0.9800, 0.9167,
        0.7436, 0.7833, 0.8556, 0.7444, 0.9000, 0.7867, 0.5000, 0.9542, 0.8722,
        0.5000, 0.7400, 0.6111, 0.5267, 0.9222, 0.9500, 0.9524, 0.9833, 0.9821,
        0.9583, 1.0000, 0.9696, 0.9444, 0.8000, 0.7833, 0.9778])
tensor([0.8000, 0.8861, 0.9187, 0.9467, 0.9348, 0.8254, 0.7067, 0.8067, 0.9222,
        0.9896, 0.9621, 0.8690, 0.9101, 0.9847, 0.9926, 0.9810, 0.9667, 0.9083,
        0.7436, 0.8000, 0.8667, 0.7444, 0.9083, 0.7733, 0.5222, 0.9542, 0.8778,
        0.5000, 0.7067, 0.6111, 0.5067, 0.9222, 0.9333, 0.9476, 0.9833, 0.9923,
        0.9167, 1.0000, 0.9725, 0.9444, 0.8111, 0.7667, 0.9778])
tensor([0.6833, 0.8903, 0.9107, 0.9511, 0.9333, 0.8333, 0.7400, 0.8156, 0.9089,
        0.9917, 0.9652, 0.8714, 0.9029, 0.9861, 0.9926, 0.9905, 0.9400, 0.9056,
        0.7487, 0.7833, 0.8667, 0.6667, 0.9000, 0.7933, 0.5222, 0.9563, 0.8500,
        0.5000, 0.7467, 0.6000, 0.5800, 0.9370, 0.9500, 0.9571, 0.9833, 0.9872,
        0.9500, 1.0000, 0.9696, 0.9111, 0.8222, 0.7667, 0.9667])
tensor([0.7333, 0.8972, 0.9173, 0.9400, 0.9348, 0.8492, 0.7000, 0.8200, 0.9111,
        0.9896, 0.9636, 0.8738, 0.9101, 0.9847, 0.9926, 0.9810, 0.9733, 0.9028,
        0.7538, 0.7667, 0.8778, 0.7222, 0.9083, 0.7867, 0.5111, 0.9542, 0.8556,
        0.5000, 0.7200, 0.6111, 0.5200, 0.9296, 0.9500, 0.9429, 0.9833, 0.9846,
        0.9583, 1.0000, 0.9667, 0.9444, 0.8667, 0.7667, 0.9556])
tensor([0.7333, 0.8958, 0.9200, 0.9511, 0.9333, 0.8333, 0.7333, 0.8178, 0.9156,
        0.9917, 0.9636, 0.8667, 0.9188, 0.9847, 0.9926, 0.9952, 0.9533, 0.9083,
        0.7410, 0.8167, 0.8889, 0.6889, 0.9000, 0.8400, 0.5778, 0.9521, 0.8611,
        0.5000, 0.7267, 0.6111, 0.5667, 0.9296, 1.0000, 0.9571, 0.9833, 0.9872,
        0.9583, 1.0000, 0.9725, 0.9111, 0.7667, 0.7667, 0.9778])
tensor([0.8167, 0.8875, 0.9213, 0.9422, 0.9364, 0.8317, 0.7333, 0.8222, 0.9111,
        0.9917, 0.9636, 0.8714, 0.9130, 0.9847, 0.9963, 0.9952, 0.9600, 0.8861,
        0.7513, 0.8000, 0.8778, 0.7333, 0.9083, 0.8133, 0.5444, 0.9542, 0.8611,
        0.5000, 0.7133, 0.6444, 0.6067, 0.9259, 1.0000, 0.9571, 0.9833, 0.9846,
        0.9250, 1.0000, 0.9710, 0.9333, 0.8333, 0.7667, 0.9778])
tensor([0.8167, 0.8833, 0.9107, 0.9422, 0.9379, 0.8556, 0.7333, 0.8311, 0.9044,
        0.9917, 0.9652, 0.8810, 0.9101, 0.9861, 0.9963, 0.9857, 0.9533, 0.8944,
        0.7513, 0.8167, 0.8667, 0.7556, 0.9083, 0.8400, 0.5333, 0.9542, 0.8500,
        0.5000, 0.7533, 0.6111, 0.5467, 0.9259, 1.0000, 0.9476, 0.9750, 0.9872,
        0.9417, 1.0000, 0.9710, 0.9444, 0.8444, 0.7500, 0.9667])
tensor([0.8333, 0.8861, 0.9213, 0.9467, 0.9318, 0.8413, 0.7333, 0.8200, 0.9111,
        0.9896, 0.9636, 0.8690, 0.9203, 0.9861, 0.9963, 0.9905, 0.9667, 0.8944,
        0.7462, 0.7833, 0.8889, 0.7333, 0.9083, 0.8000, 0.5556, 0.9542, 0.8722,
        0.5000, 0.7733, 0.6111, 0.6200, 0.9259, 1.0000, 0.9619, 0.9833, 0.9846,
        0.9167, 1.0000, 0.9739, 0.9444, 0.8222, 0.7667, 0.9778])
tensor([0.7833, 0.8944, 0.9253, 0.9556, 0.9318, 0.8476, 0.7400, 0.8244, 0.9067,
        0.9937, 0.9652, 0.8762, 0.9087, 0.9861, 0.9963, 0.9952, 0.9667, 0.9000,
        0.7590, 0.8000, 0.9000, 0.7222, 0.9083, 0.8200, 0.5778, 0.9500, 0.8500,
        0.5000, 0.7133, 0.6222, 0.5333, 0.9259, 1.0000, 0.9429, 0.9917, 0.9846,
        0.9500, 1.0000, 0.9710, 0.9333, 0.8444, 0.7667, 0.9778])
tensor([0.7833, 0.8958, 0.9187, 0.9511, 0.9348, 0.8540, 0.7267, 0.8178, 0.9156,
        0.9917, 0.9652, 0.8905, 0.9058, 0.9861, 0.9963, 0.9952, 0.9667, 0.9083,
        0.7487, 0.8333, 0.9000, 0.5778, 0.9083, 0.8200, 0.5667, 0.9542, 0.8556,
        0.5000, 0.7533, 0.6111, 0.6200, 0.9407, 1.0000, 0.9619, 0.9750, 0.9846,
        0.9500, 1.0000, 0.9710, 0.9000, 0.8222, 0.7667, 0.9778])
tensor([0.7333, 0.9083, 0.9213, 0.9511, 0.9333, 0.8556, 0.7333, 0.8289, 0.9311,
        0.9917, 0.9682, 0.8762, 0.9101, 0.9819, 0.9963, 0.9952, 0.9467, 0.9000,
        0.7462, 0.8167, 0.9000, 0.6000, 0.9083, 0.8333, 0.5444, 0.9542, 0.8667,
        0.5000, 0.7667, 0.6111, 0.5667, 0.9407, 1.0000, 0.9667, 0.9833, 0.9897,
        0.9500, 1.0000, 0.9696, 0.9000, 0.8333, 0.7667, 0.9778])
tensor([0.7667, 0.9056, 0.9120, 0.9533, 0.9333, 0.8587, 0.7467, 0.8333, 0.9244,
        0.9937, 0.9667, 0.8929, 0.9101, 0.9847, 0.9963, 0.9952, 0.9400, 0.8917,
        0.7513, 0.8333, 0.9000, 0.6667, 0.9083, 0.8267, 0.5778, 0.9563, 0.8556,
        0.5000, 0.7600, 0.6111, 0.6000, 0.9407, 1.0000, 0.9571, 0.9917, 0.9846,
        0.9167, 1.0000, 0.9754, 0.8889, 0.8667, 0.7667, 0.9778])
tensor([0.7667, 0.9083, 0.9200, 0.9489, 0.9348, 0.8619, 0.7467, 0.8533, 0.9244,
        0.9937, 0.9697, 0.8690, 0.9159, 0.9875, 0.9963, 0.9952, 0.9667, 0.8889,
        0.7410, 0.8000, 0.9000, 0.6889, 0.9083, 0.8133, 0.5778, 0.9563, 0.8833,
        0.5000, 0.7400, 0.6222, 0.6333, 0.9444, 1.0000, 0.9524, 0.9833, 0.9872,
        0.9167, 1.0000, 0.9725, 0.9222, 0.8222, 0.7667, 0.9778])
tensor([0.7667, 0.9083, 0.9227, 0.9467, 0.9318, 0.8698, 0.7400, 0.8467, 0.9311,
        0.9958, 0.9682, 0.8762, 0.9101, 0.9875, 0.9963, 1.0000, 0.9600, 0.9056,
        0.7385, 0.8000, 0.9000, 0.6778, 0.9000, 0.8533, 0.6111, 0.9521, 0.8722,
        0.5000, 0.7733, 0.6111, 0.6067, 0.9407, 1.0000, 0.9667, 0.9750, 0.9923,
        0.9250, 0.9833, 0.9725, 0.9222, 0.8333, 0.7667, 0.9778])
tensor([0.7833, 0.9139, 0.9187, 0.9556, 0.9318, 0.8476, 0.7467, 0.8489, 0.9200,
        0.9937, 0.9697, 0.8738, 0.9101, 0.9875, 0.9963, 1.0000, 0.9600, 0.9056,
        0.7410, 0.8167, 0.9222, 0.7000, 0.9083, 0.8533, 0.6222, 0.9583, 0.8444,
        0.5000, 0.7800, 0.6111, 0.6133, 0.9481, 1.0000, 0.9286, 0.9833, 0.9897,
        0.9250, 1.0000, 0.9725, 0.9000, 0.8444, 0.7667, 0.9667])
tensor([0.7833, 0.9083, 0.9373, 0.9400, 0.9348, 0.8556, 0.7467, 0.8444, 0.9178,
        0.9937, 0.9727, 0.8881, 0.9145, 0.9889, 0.9963, 0.9905, 0.9667, 0.9139,
        0.7718, 0.8333, 0.9222, 0.7111, 0.9083, 0.8667, 0.6111, 0.9563, 0.8556,
        0.5000, 0.7733, 0.6111, 0.5933, 0.9296, 1.0000, 0.9667, 0.9750, 0.9897,
        0.9167, 1.0000, 0.9754, 0.9444, 0.8444, 0.7667, 0.9556])
tensor([0.7667, 0.9111, 0.9160, 0.9489, 0.9333, 0.8556, 0.7400, 0.8511, 0.9244,
        0.9937, 0.9712, 0.8714, 0.9116, 0.9889, 0.9963, 1.0000, 0.9400, 0.9306,
        0.7538, 0.8167, 0.9333, 0.6667, 0.9083, 0.9400, 0.6000, 0.9563, 0.8500,
        0.5000, 0.7400, 0.6333, 0.5733, 0.9407, 1.0000, 0.9571, 0.9833, 0.9872,
        0.9333, 1.0000, 0.9739, 0.8889, 0.8556, 0.7333, 0.9778])
tensor([0.8000, 0.9083, 0.9107, 0.9622, 0.9348, 0.8508, 0.7600, 0.8444, 0.9200,
        0.9958, 0.9682, 0.8905, 0.9145, 0.9903, 1.0000, 1.0000, 0.9667, 0.8944,
        0.7487, 0.8167, 0.9333, 0.6556, 0.9083, 0.9400, 0.6444, 0.9458, 0.8500,
        0.5000, 0.7400, 0.6333, 0.5867, 0.9593, 1.0000, 0.9667, 0.9833, 0.9872,
        0.9333, 1.0000, 0.9696, 0.9000, 0.8222, 0.7833, 0.9778])
tensor([0.8000, 0.9111, 0.9200, 0.9578, 0.9318, 0.8413, 0.7533, 0.8467, 0.9156,
        0.9958, 0.9697, 0.8833, 0.9116, 0.9875, 1.0000, 1.0000, 0.9600, 0.9056,
        0.7436, 0.7833, 0.9111, 0.7000, 0.9083, 0.9467, 0.6333, 0.9500, 0.8444,
        0.5000, 0.7867, 0.6222, 0.6000, 0.9444, 1.0000, 0.9667, 0.9750, 0.9872,
        0.9333, 1.0000, 0.9739, 0.8889, 0.8444, 0.7833, 0.9778])
tensor([0.8167, 0.9111, 0.9187, 0.9622, 0.9379, 0.8619, 0.7533, 0.8600, 0.9089,
        0.9958, 0.9697, 0.8810, 0.9174, 0.9903, 1.0000, 0.9952, 0.9533, 0.9194,
        0.7692, 0.7833, 0.9333, 0.7111, 0.9083, 0.9333, 0.5778, 0.9500, 0.8556,
        0.5000, 0.7600, 0.6333, 0.5800, 0.9519, 1.0000, 0.9667, 0.9750, 0.9897,
        0.9167, 1.0000, 0.9725, 0.9111, 0.8556, 0.7833, 0.9778])
tensor([0.8333, 0.9194, 0.9213, 0.9622, 0.9303, 0.8683, 0.7600, 0.8600, 0.9089,
        0.9937, 0.9727, 0.8786, 0.9130, 0.9875, 1.0000, 0.9952, 0.9667, 0.9083,
        0.7692, 0.7833, 0.9333, 0.7000, 0.9167, 0.9533, 0.6222, 0.9479, 0.8500,
        0.5000, 0.7600, 0.6222, 0.5667, 0.9519, 1.0000, 0.9667, 0.9750, 0.9897,
        0.9000, 1.0000, 0.9797, 0.9444, 0.8556, 0.7667, 0.9444])
tensor([0.7833, 0.9181, 0.9213, 0.9622, 0.9348, 0.8540, 0.7533, 0.8622, 0.9222,
        0.9958, 0.9697, 0.8714, 0.9174, 0.9875, 0.9963, 1.0000, 0.9733, 0.9167,
        0.7692, 0.7833, 0.9333, 0.7444, 0.9083, 0.9333, 0.5889, 0.9542, 0.8444,
        0.5000, 0.7600, 0.6222, 0.6267, 0.9519, 1.0000, 0.9667, 0.9750, 0.9923,
        0.9500, 1.0000, 0.9754, 0.9444, 0.8556, 0.7667, 0.9778])
tensor([0.7333, 0.9222, 0.9253, 0.9489, 0.9379, 0.8667, 0.7600, 0.8667, 0.9267,
        0.9958, 0.9742, 0.8619, 0.9145, 0.9903, 0.9963, 0.9952, 0.9733, 0.9056,
        0.7590, 0.7833, 0.9333, 0.7222, 0.9167, 0.9133, 0.6556, 0.9500, 0.8611,
        0.5000, 0.7867, 0.6222, 0.6267, 0.9481, 1.0000, 0.9667, 0.9750, 0.9872,
        0.9500, 0.9833, 0.9696, 0.9222, 0.8333, 0.8000, 0.9778])
tensor([0.7667, 0.9167, 0.9240, 0.9444, 0.9379, 0.8730, 0.7400, 0.8644, 0.9267,
        0.9958, 0.9697, 0.8762, 0.9130, 0.9931, 1.0000, 0.9952, 0.9667, 0.9139,
        0.7692, 0.8000, 0.9333, 0.7444, 0.9000, 0.9267, 0.6556, 0.9521, 0.8556,
        0.5000, 0.7933, 0.6222, 0.6000, 0.9519, 1.0000, 0.9619, 0.9750, 0.9897,
        0.9167, 0.9833, 0.9681, 0.9222, 0.8556, 0.7333, 0.9667])
tensor([0.8000, 0.9222, 0.9267, 0.9578, 0.9318, 0.8476, 0.7800, 0.8711, 0.9222,
        0.9958, 0.9773, 0.8857, 0.9130, 0.9903, 1.0000, 0.9952, 0.9533, 0.9222,
        0.7564, 0.7833, 0.9333, 0.6778, 0.9333, 0.9333, 0.6333, 0.9604, 0.8444,
        0.5000, 0.7867, 0.6222, 0.6067, 0.9481, 1.0000, 0.9619, 0.9750, 0.9923,
        0.9167, 0.9333, 0.9754, 0.9000, 0.8556, 0.7500, 0.9556])
tensor([0.8167, 0.9111, 0.9213, 0.9600, 0.9424, 0.8587, 0.7467, 0.8711, 0.9178,
        0.9958, 0.9727, 0.8881, 0.9188, 0.9875, 1.0000, 0.9952, 0.9733, 0.9306,
        0.7718, 0.8000, 0.9333, 0.7222, 0.9083, 0.9533, 0.6222, 0.9500, 0.8333,
        0.5000, 0.7533, 0.7222, 0.6333, 0.9593, 1.0000, 0.9667, 0.9750, 0.9897,
        0.9417, 0.9667, 0.9797, 0.9111, 0.8556, 0.7667, 0.9667])
tensor([0.8167, 0.9222, 0.9213, 0.9511, 0.9303, 0.8635, 0.7467, 0.8711, 0.9289,
        0.9958, 0.9742, 0.8952, 0.9174, 0.9917, 1.0000, 0.9952, 0.9733, 0.9167,
        0.7590, 0.8000, 0.9444, 0.7333, 0.8917, 0.9533, 0.6556, 0.9521, 0.8833,
        0.5000, 0.7667, 0.7111, 0.6333, 0.9593, 1.0000, 0.9667, 0.9750, 0.9872,
        0.9000, 0.9833, 0.9783, 0.9444, 0.8556, 0.8000, 0.9778])
tensor([0.8667, 0.9181, 0.9320, 0.9533, 0.9273, 0.8492, 0.7933, 0.8778, 0.9289,
        0.9958, 0.9742, 0.8905, 0.9116, 0.9889, 1.0000, 0.9952, 0.9667, 0.9333,
        0.7462, 0.8000, 0.9333, 0.6889, 0.8917, 0.9533, 0.7111, 0.9500, 0.8889,
        0.5000, 0.8000, 0.6222, 0.6067, 0.9593, 1.0000, 0.9667, 0.9750, 0.9897,
        0.9500, 0.9333, 0.9797, 0.9111, 0.8444, 0.7667, 0.9778])
tensor([0.8167, 0.9236, 0.9320, 0.9556, 0.9303, 0.8587, 0.7600, 0.8800, 0.9333,
        0.9958, 0.9742, 0.8762, 0.9174, 0.9931, 1.0000, 0.9952, 0.9667, 0.9083,
        0.7487, 0.8500, 0.9333, 0.7000, 0.9000, 0.9600, 0.7222, 0.9521, 0.8722,
        0.5000, 0.7933, 0.6333, 0.6200, 0.9481, 1.0000, 0.9667, 0.9750, 0.9897,
        0.9583, 0.9333, 0.9768, 0.9111, 0.8333, 0.8000, 0.9667])
tensor([0.8167, 0.9250, 0.9200, 0.9511, 0.9348, 0.8857, 0.8067, 0.8733, 0.9200,
        0.9937, 0.9727, 0.8929, 0.9174, 0.9903, 1.0000, 0.9952, 0.9733, 0.9167,
        0.7615, 0.8167, 0.9111, 0.6889, 0.9083, 0.9533, 0.7000, 0.9521, 0.8778,
        0.5000, 0.7600, 0.6556, 0.6400, 0.9593, 1.0000, 0.9667, 0.9750, 0.9949,
        0.9500, 0.9833, 0.9725, 0.9000, 0.8556, 0.7167, 0.9778])
