tensor([0., 0., 1., 0., 0., 0., 0., 0., 0., 0., 0., 0., 0., 0., 0., 0., 0., 0.,
        0., 0., 0., 0., 0., 0., 0., 0., 0., 0., 0., 0., 0., 0., 0., 0., 0., 0.,
        0., 0., 0., 0., 0., 0., 0.])
tensor([0., 0., 0., 0., 1., 0., 0., 0., 0., 0., 0., 0., 0., 0., 0., 0., 0., 0.,
        0., 0., 0., 0., 0., 0., 0., 0., 0., 0., 0., 0., 0., 0., 0., 0., 0., 0.,
        0., 0., 0., 0., 0., 0., 0.])
tensor([0., 0., 0., 0., 0., 0., 0., 0., 0., 0., 0., 0., 0., 1., 0., 0., 0., 0.,
        0., 0., 0., 0., 0., 0., 0., 0., 0., 0., 0., 0., 0., 0., 0., 0., 0., 0.,
        0., 0., 0., 0., 0., 0., 0.])
tensor([0., 0., 1., 0., 0., 0., 0., 0., 0., 0., 0., 0., 0., 0., 0., 0., 0., 0.,
        0., 0., 0., 0., 0., 0., 0., 0., 0., 0., 0., 0., 0., 0., 0., 0., 0., 0.,
        0., 0., 0., 0., 0., 0., 0.])
tensor([0., 0., 0., 0., 0., 0., 0., 0., 0., 0., 0., 0., 0., 1., 0., 0., 0., 0.,
        0., 0., 0., 0., 0., 0., 0., 0., 0., 0., 0., 0., 0., 0., 0., 0., 0., 0.,
        0., 0., 0., 0., 0., 0., 0.])
tensor([0.0000, 0.0000, 0.4253, 0.0000, 0.0000, 0.0000, 0.0000, 0.0000, 0.0000,
        0.0000, 0.0000, 0.0000, 0.9638, 0.0000, 0.0000, 0.0000, 0.0000, 0.0000,
        0.0000, 0.0000, 0.0000, 0.0000, 0.0000, 0.0000, 0.0000, 0.0000, 0.0000,
        0.0000, 0.0000, 0.0000, 0.0000, 0.0000, 0.0000, 0.0000, 0.0000, 0.0000,
        0.0000, 0.0000, 0.0000, 0.0000, 0.0000, 0.0000, 0.0000])
tensor([0.0000, 0.0000, 0.1533, 0.0000, 0.0000, 0.0000, 0.0000, 0.0000, 0.0000,
        0.0000, 0.0000, 0.0000, 0.9565, 0.0000, 0.0000, 0.0000, 0.0000, 0.0000,
        0.0000, 0.0000, 0.0000, 0.0000, 0.0000, 0.0000, 0.0000, 0.0000, 0.0000,
        0.0000, 0.0000, 0.0000, 0.0000, 0.0000, 0.0000, 0.0000, 0.0000, 0.0000,
        0.0000, 0.6667, 0.1652, 0.0000, 0.0000, 0.0000, 0.0000])
tensor([0.0000, 0.0333, 0.3893, 0.0000, 0.0000, 0.0063, 0.0000, 0.0000, 0.0000,
        0.0000, 0.0303, 0.0000, 0.9507, 0.0514, 0.0000, 0.0000, 0.0000, 0.0000,
        0.0000, 0.0000, 0.0000, 0.0000, 0.0000, 0.0000, 0.0000, 0.0000, 0.0000,
        0.0000, 0.0000, 0.0000, 0.0000, 0.0000, 0.0000, 0.0000, 0.0000, 0.9692,
        0.0000, 0.0000, 0.0623, 0.0000, 0.0000, 0.0000, 0.0000])
tensor([0.0000, 0.0375, 0.2520, 0.0000, 0.0636, 0.0238, 0.0000, 0.0000, 0.0022,
        0.0042, 0.5742, 0.0405, 0.8391, 0.0903, 0.8481, 0.0000, 0.0000, 0.0944,
        0.0000, 0.0000, 0.0000, 0.0000, 0.0000, 0.0000, 0.0000, 0.0083, 0.0000,
        0.0000, 0.0000, 0.0000, 0.0000, 0.0000, 0.0000, 0.0000, 0.0000, 0.0000,
        0.0000, 0.0000, 0.8855, 0.0000, 0.0000, 0.0000, 0.0000])
tensor([0.0000, 0.6125, 0.0800, 0.1578, 0.1273, 0.0016, 0.0000, 0.0356, 0.0000,
        0.0500, 0.5818, 0.0786, 0.7043, 0.6403, 0.7667, 0.0095, 0.0000, 0.2139,
        0.3462, 0.0000, 0.0000, 0.0000, 0.0000, 0.0000, 0.0000, 0.1708, 0.0000,
        0.0000, 0.0000, 0.0000, 0.0000, 0.0000, 0.0000, 0.0000, 0.0000, 0.0000,
        0.0000, 0.0000, 0.8594, 0.0000, 0.0000, 0.0000, 0.0000])
tensor([0.0000, 0.6944, 0.0080, 0.0911, 0.3561, 0.0000, 0.0000, 0.0000, 0.1133,
        0.2417, 0.4758, 0.4024, 0.8565, 0.8208, 0.7222, 0.1810, 0.0000, 0.4917,
        0.6282, 0.0000, 0.0000, 0.0000, 0.0000, 0.0000, 0.0000, 0.0229, 0.0000,
        0.0000, 0.0333, 0.0000, 0.0000, 0.0000, 0.0000, 0.0000, 0.0000, 0.0974,
        0.0000, 0.0000, 0.9101, 0.0000, 0.0000, 0.0000, 0.0000])
tensor([0.0000, 0.6153, 0.0147, 0.0000, 0.2879, 0.1349, 0.0000, 0.0000, 0.0044,
        0.1021, 0.8515, 0.4714, 0.7899, 0.8750, 0.9370, 0.0238, 0.0000, 0.1472,
        0.4615, 0.0000, 0.0000, 0.0000, 0.0000, 0.0000, 0.0000, 0.3542, 0.0000,
        0.0000, 0.0667, 0.0000, 0.0000, 0.0000, 0.0000, 0.0000, 0.0000, 0.1026,
        0.0000, 0.0000, 0.8522, 0.0000, 0.0000, 0.0000, 0.0000])
tensor([0.0000, 0.7000, 0.0427, 0.0000, 0.2212, 0.0825, 0.0000, 0.0000, 0.1733,
        0.1542, 0.8591, 0.7548, 0.8058, 0.9236, 0.8926, 0.1619, 0.0000, 0.1056,
        0.5026, 0.0000, 0.0000, 0.0000, 0.0083, 0.0000, 0.0000, 0.2688, 0.0000,
        0.0000, 0.0733, 0.0000, 0.0000, 0.0000, 0.0000, 0.0000, 0.0000, 0.1231,
        0.0000, 0.0000, 0.8087, 0.0000, 0.0000, 0.0000, 0.0111])
tensor([0.0000, 0.7806, 0.0360, 0.0000, 0.2318, 0.0206, 0.0000, 0.0689, 0.2222,
        0.4271, 0.8364, 0.8000, 0.8348, 0.9250, 0.8481, 0.3143, 0.0000, 0.2472,
        0.6051, 0.0000, 0.0000, 0.0000, 0.0083, 0.0000, 0.0000, 0.0354, 0.0000,
        0.0000, 0.0533, 0.0000, 0.0000, 0.0000, 0.0000, 0.0000, 0.0000, 0.3744,
        0.0000, 0.0000, 0.7725, 0.0000, 0.0000, 0.0333, 0.0000])
tensor([0.0000, 0.7944, 0.0320, 0.0000, 0.2742, 0.0000, 0.0000, 0.1089, 0.0044,
        0.5542, 0.8076, 0.8310, 0.8275, 0.9319, 0.8111, 0.3857, 0.0133, 0.4278,
        0.6590, 0.0000, 0.0000, 0.0000, 0.0333, 0.0000, 0.0000, 0.0312, 0.0000,
        0.0000, 0.0267, 0.0000, 0.0000, 0.0000, 0.0000, 0.0000, 0.0000, 0.5128,
        0.0000, 0.0000, 0.7464, 0.0000, 0.0000, 0.1333, 0.0000])
tensor([0.0000, 0.8014, 0.0373, 0.0000, 0.3167, 0.0000, 0.0000, 0.1267, 0.0000,
        0.5854, 0.7348, 0.8524, 0.8145, 0.9264, 0.7667, 0.4667, 0.3600, 0.5083,
        0.6923, 0.0000, 0.0000, 0.0000, 0.0250, 0.0000, 0.0000, 0.0229, 0.0000,
        0.0000, 0.0667, 0.0000, 0.0000, 0.0000, 0.0000, 0.0000, 0.0000, 0.5641,
        0.0000, 0.0000, 0.7913, 0.0000, 0.0000, 0.3333, 0.0111])
tensor([0.0000, 0.7750, 0.0733, 0.0067, 0.3621, 0.0000, 0.0000, 0.0889, 0.0000,
        0.6167, 0.6470, 0.8595, 0.8087, 0.9250, 0.8185, 0.4571, 0.5000, 0.5917,
        0.7128, 0.0000, 0.0000, 0.0000, 0.1417, 0.0000, 0.0000, 0.1312, 0.0000,
        0.0000, 0.1400, 0.0000, 0.0000, 0.0000, 0.0000, 0.0000, 0.0000, 0.6564,
        0.0000, 0.0000, 0.8986, 0.0000, 0.0000, 0.3667, 0.0556])
tensor([0.0000, 0.7250, 0.1667, 0.0333, 0.4652, 0.0000, 0.0000, 0.0244, 0.0111,
        0.6354, 0.6439, 0.7810, 0.7899, 0.9319, 0.8593, 0.4381, 0.6000, 0.7917,
        0.7128, 0.0000, 0.0000, 0.0222, 0.6750, 0.1600, 0.0000, 0.5042, 0.0056,
        0.0000, 0.4467, 0.0000, 0.0000, 0.0630, 0.0000, 0.0048, 0.0000, 0.8513,
        0.0000, 0.0167, 0.9087, 0.0667, 0.0000, 0.3500, 0.0222])
tensor([0.0333, 0.7222, 0.2480, 0.1178, 0.4273, 0.0016, 0.1333, 0.0178, 0.0356,
        0.6458, 0.7152, 0.7310, 0.7609, 0.9389, 0.8556, 0.4524, 0.7000, 0.9417,
        0.5872, 0.0000, 0.0000, 0.1889, 0.9250, 0.4333, 0.0000, 0.7208, 0.0889,
        0.0000, 0.6933, 0.0000, 0.0133, 0.4407, 0.0000, 0.0143, 0.5750, 0.9179,
        0.2333, 0.2000, 0.8826, 0.5556, 0.2222, 0.3167, 0.1222])
tensor([0.1333, 0.7264, 0.4000, 0.1978, 0.3364, 0.0365, 0.3533, 0.0511, 0.1200,
        0.6875, 0.7652, 0.6762, 0.7420, 0.9458, 0.8926, 0.4095, 0.7467, 0.9556,
        0.5410, 0.0000, 0.0000, 0.3667, 0.9667, 0.4333, 0.0000, 0.8375, 0.2778,
        0.0500, 0.6333, 0.0667, 0.0400, 0.6704, 0.0167, 0.0095, 0.7500, 0.9410,
        0.5500, 0.4333, 0.8406, 0.6111, 0.3000, 0.3000, 0.2444])
tensor([0.4833, 0.5875, 0.5093, 0.2378, 0.2697, 0.0302, 0.1933, 0.0178, 0.0178,
        0.6604, 0.7682, 0.6381, 0.7826, 0.9458, 0.9259, 0.4905, 0.7533, 0.9583,
        0.4487, 0.0167, 0.0000, 0.3222, 0.8833, 0.4200, 0.0000, 0.9000, 0.4444,
        0.0000, 0.6667, 0.1222, 0.0067, 0.8704, 0.0667, 0.0190, 0.8000, 0.9359,
        0.6500, 0.7500, 0.8594, 0.4889, 0.2000, 0.2167, 0.1889])
tensor([0.2833, 0.6792, 0.6453, 0.4222, 0.3106, 0.0984, 0.3467, 0.0489, 0.1511,
        0.6979, 0.8333, 0.7000, 0.8507, 0.9250, 0.9407, 0.6286, 0.8133, 0.9639,
        0.3641, 0.0000, 0.0000, 0.2667, 0.8917, 0.3467, 0.0000, 0.9187, 0.6500,
        0.0000, 0.6667, 0.2667, 0.0000, 0.9074, 0.0000, 0.1143, 0.7833, 0.9590,
        0.6750, 0.8000, 0.9290, 0.5778, 0.2000, 0.4000, 0.4778])
tensor([0.0500, 0.7722, 0.5840, 0.5289, 0.5970, 0.0841, 0.4200, 0.0400, 0.2756,
        0.7063, 0.9121, 0.7452, 0.8609, 0.9306, 0.9074, 0.8667, 0.8267, 0.9194,
        0.3590, 0.0000, 0.0000, 0.3222, 0.8833, 0.1800, 0.0000, 0.8750, 0.7333,
        0.0000, 0.5733, 0.3111, 0.0000, 0.8519, 0.1500, 0.3762, 0.8000, 0.9256,
        0.6583, 0.8167, 0.9406, 0.6667, 0.2333, 0.4667, 0.5000])
tensor([0.0000, 0.7278, 0.6640, 0.6400, 0.6742, 0.1016, 0.4600, 0.0978, 0.3689,
        0.7563, 0.8742, 0.7452, 0.8725, 0.9250, 0.8111, 0.8762, 0.8400, 0.8972,
        0.6026, 0.0500, 0.0333, 0.3333, 0.9167, 0.4000, 0.0444, 0.8458, 0.4556,
        0.0167, 0.6533, 0.0889, 0.1000, 0.8148, 0.0833, 0.8000, 0.8750, 0.8385,
        0.7167, 0.5500, 0.9594, 0.6778, 0.3667, 0.5000, 0.7889])
tensor([0.0000, 0.7347, 0.6493, 0.4756, 0.7591, 0.0540, 0.4800, 0.1889, 0.1933,
        0.8146, 0.8424, 0.7286, 0.8913, 0.9389, 0.8111, 0.8429, 0.8400, 0.8694,
        0.6154, 0.0333, 0.0444, 0.5556, 0.9333, 0.4267, 0.2333, 0.8021, 0.4167,
        0.1500, 0.6933, 0.1444, 0.2133, 0.7185, 0.1833, 0.8143, 0.9833, 0.8359,
        0.7333, 0.7833, 0.9420, 0.7333, 0.4111, 0.4833, 0.7889])
tensor([0.0000, 0.7208, 0.7413, 0.4222, 0.7379, 0.0683, 0.4933, 0.2667, 0.2356,
        0.8854, 0.8364, 0.7500, 0.8986, 0.9236, 0.8889, 0.8714, 0.9000, 0.8861,
        0.6410, 0.0833, 0.0556, 0.7556, 0.9417, 0.5467, 0.3111, 0.8396, 0.4444,
        0.1333, 0.7733, 0.1556, 0.3733, 0.8111, 0.1000, 0.8476, 0.9833, 0.8692,
        0.7667, 0.9167, 0.9435, 0.6889, 0.3889, 0.5000, 0.8000])
tensor([0.1833, 0.7583, 0.7573, 0.2867, 0.7439, 0.0270, 0.4733, 0.2000, 0.3311,
        0.8792, 0.8545, 0.7048, 0.8913, 0.9222, 0.8556, 0.8762, 0.9133, 0.8750,
        0.5923, 0.0667, 0.0333, 0.7889, 0.9750, 0.6067, 0.3222, 0.8542, 0.6167,
        0.1333, 0.8133, 0.1556, 0.3067, 0.7333, 0.2333, 0.8143, 0.9833, 0.9051,
        0.7500, 0.9500, 0.9333, 0.6444, 0.3667, 0.5333, 0.8000])
tensor([0.0000, 0.7403, 0.8427, 0.3667, 0.7212, 0.0540, 0.4267, 0.2156, 0.4844,
        0.7896, 0.7803, 0.7762, 0.8725, 0.8917, 0.8889, 0.9048, 0.8933, 0.8833,
        0.6154, 0.1833, 0.0111, 0.8889, 0.9750, 0.6333, 0.3111, 0.8625, 0.6056,
        0.2000, 0.8267, 0.1222, 0.2667, 0.7519, 0.1500, 0.8048, 0.9833, 0.9538,
        0.7667, 0.9333, 0.9449, 0.6889, 0.3444, 0.5333, 0.8000])
tensor([0.2167, 0.7681, 0.8000, 0.1467, 0.7561, 0.0254, 0.5533, 0.2222, 0.6844,
        0.8500, 0.9045, 0.7381, 0.8565, 0.9278, 0.8593, 0.9095, 0.8667, 0.8944,
        0.4538, 0.5833, 0.0000, 0.8778, 0.9583, 0.5800, 0.1889, 0.8625, 0.6944,
        0.0667, 0.7800, 0.2444, 0.0400, 0.7000, 0.3500, 0.7667, 0.9833, 0.9590,
        0.8000, 0.9500, 0.9333, 0.6667, 0.3000, 0.5500, 0.8222])
tensor([0.0000, 0.7694, 0.8787, 0.4756, 0.7258, 0.1746, 0.5400, 0.4044, 0.6644,
        0.8938, 0.9152, 0.8381, 0.8797, 0.9194, 0.9037, 0.9619, 0.8400, 0.9028,
        0.6179, 0.5667, 0.0556, 0.8778, 0.9500, 0.6867, 0.2889, 0.9125, 0.5611,
        0.0667, 0.7400, 0.2444, 0.1733, 0.7815, 0.2333, 0.9143, 0.9833, 0.9128,
        0.7917, 0.9500, 0.9638, 0.6444, 0.2222, 0.5333, 0.7778])
tensor([0.1500, 0.8486, 0.7880, 0.1978, 0.7439, 0.0635, 0.5467, 0.4756, 0.6422,
        0.9167, 0.9258, 0.7286, 0.8739, 0.9653, 0.9074, 0.9143, 0.8133, 0.9028,
        0.5462, 0.1833, 0.0667, 0.8333, 0.9333, 0.6400, 0.0000, 0.9292, 0.5833,
        0.0667, 0.6867, 0.4333, 0.0800, 0.6852, 0.7000, 0.9000, 0.9583, 0.9026,
        0.7167, 0.9000, 0.8841, 0.6444, 0.3333, 0.4667, 0.7444])
tensor([0.0000, 0.8194, 0.9013, 0.5200, 0.7182, 0.2190, 0.5533, 0.6600, 0.5822,
        0.9604, 0.9258, 0.8190, 0.8884, 0.9542, 0.9815, 0.9762, 0.7933, 0.9111,
        0.6103, 0.0000, 0.2000, 0.7000, 0.9500, 0.7133, 0.0667, 0.9458, 0.5111,
        0.1667, 0.7067, 0.3111, 0.3667, 0.8778, 0.4667, 0.9143, 0.9417, 0.8949,
        0.7167, 0.9167, 0.9420, 0.7222, 0.7556, 0.5000, 0.7667])
tensor([0.1833, 0.8903, 0.7707, 0.1111, 0.6924, 0.0730, 0.0800, 0.6067, 0.4511,
        0.8875, 0.9273, 0.7214, 0.8362, 0.9639, 0.9296, 0.9190, 0.7667, 0.9028,
        0.5462, 0.0667, 0.1556, 0.5556, 0.9167, 0.6533, 0.0000, 0.9417, 0.5833,
        0.1167, 0.6600, 0.4333, 0.1133, 0.6963, 0.6833, 0.8714, 0.9000, 0.7718,
        0.7083, 0.7667, 0.8826, 0.6556, 0.2778, 0.4833, 0.5111])
tensor([0.0000, 0.8361, 0.9053, 0.5733, 0.7470, 0.2841, 0.5867, 0.7178, 0.5444,
        0.9708, 0.9364, 0.8262, 0.8913, 0.9625, 0.9889, 0.9762, 0.8000, 0.9083,
        0.6308, 0.0167, 0.2778, 0.6333, 0.9417, 0.7000, 0.1444, 0.9563, 0.6056,
        0.2000, 0.6933, 0.2444, 0.3867, 0.8815, 0.5000, 0.9190, 0.9500, 0.9026,
        0.7083, 0.8833, 0.9478, 0.5889, 0.8889, 0.5000, 0.7889])
tensor([0.1833, 0.8889, 0.7413, 0.1733, 0.7394, 0.0873, 0.3667, 0.7378, 0.3578,
        0.8813, 0.9212, 0.7333, 0.8580, 0.9639, 0.9111, 0.9381, 0.7400, 0.8972,
        0.6077, 0.0667, 0.1778, 0.7111, 0.9250, 0.6867, 0.0111, 0.9333, 0.6667,
        0.0833, 0.6600, 0.3778, 0.0667, 0.6889, 0.8833, 0.8762, 0.9083, 0.8590,
        0.7250, 0.8167, 0.9203, 0.6444, 0.4111, 0.5000, 0.8333])
tensor([0.0000, 0.8806, 0.9080, 0.5511, 0.7848, 0.3048, 0.5933, 0.8267, 0.4289,
        0.9271, 0.9242, 0.8524, 0.8797, 0.9569, 0.9889, 0.9810, 0.7800, 0.9250,
        0.6718, 0.0167, 0.1667, 0.7778, 0.9667, 0.7600, 0.2667, 0.9542, 0.6556,
        0.1667, 0.7400, 0.3111, 0.2867, 0.8593, 0.5000, 0.9190, 0.9583, 0.9026,
        0.7167, 0.9667, 0.9710, 0.8111, 0.8667, 0.5500, 0.7444])
tensor([0.3167, 0.8847, 0.7653, 0.1356, 0.7136, 0.0571, 0.3867, 0.7556, 0.3400,
        0.8438, 0.9045, 0.7333, 0.8565, 0.9681, 0.9222, 0.9476, 0.6867, 0.9306,
        0.6128, 0.0167, 0.0778, 0.7222, 0.9500, 0.6933, 0.0444, 0.9187, 0.6944,
        0.0667, 0.7133, 0.4667, 0.0533, 0.6333, 0.9667, 0.9143, 0.9417, 0.9103,
        0.7417, 0.8833, 0.9203, 0.6333, 0.2333, 0.5500, 0.8222])
tensor([0.0000, 0.9347, 0.8760, 0.5156, 0.7318, 0.2651, 0.5933, 0.8356, 0.4911,
        0.9375, 0.9455, 0.8857, 0.8826, 0.9708, 0.9963, 0.9857, 0.7667, 0.9361,
        0.6769, 0.0667, 0.1444, 0.8333, 0.9500, 0.7800, 0.1889, 0.9500, 0.6778,
        0.1833, 0.7533, 0.4444, 0.2200, 0.8667, 0.6167, 0.9190, 0.9667, 0.9513,
        0.7250, 0.9667, 0.9449, 0.8667, 0.7667, 0.5667, 0.7889])
tensor([0.1333, 0.9111, 0.6573, 0.4000, 0.6682, 0.0206, 0.4400, 0.6067, 0.5111,
        0.8729, 0.9197, 0.7071, 0.8812, 0.9736, 0.9296, 0.9429, 0.7200, 0.9444,
        0.5769, 0.4500, 0.0667, 0.6333, 0.9500, 0.6867, 0.0333, 0.9292, 0.7889,
        0.0667, 0.6533, 0.5889, 0.0933, 0.6519, 0.9833, 0.9238, 0.9833, 0.8795,
        0.7333, 0.8167, 0.9174, 0.6111, 0.0111, 0.5333, 0.7444])
tensor([0.0000, 0.9583, 0.7960, 0.7489, 0.7561, 0.2683, 0.6533, 0.7511, 0.7111,
        0.9750, 0.9545, 0.8619, 0.9159, 0.9681, 0.9852, 0.9762, 0.8400, 0.9583,
        0.6974, 0.5333, 0.2333, 0.8333, 0.9667, 0.8067, 0.1222, 0.9583, 0.8056,
        0.0833, 0.6067, 0.6444, 0.3200, 0.8222, 0.7667, 0.9095, 0.9833, 0.9667,
        0.7167, 0.9833, 0.9536, 0.7556, 0.8000, 0.5667, 0.8111])
tensor([0.0500, 0.9292, 0.5640, 0.7911, 0.7667, 0.0905, 0.6400, 0.4978, 0.7733,
        0.9625, 0.9530, 0.7214, 0.9203, 0.9708, 0.9259, 0.9381, 0.8667, 0.9222,
        0.6282, 0.6000, 0.2556, 0.5889, 0.9250, 0.7667, 0.0111, 0.9292, 0.8222,
        0.0500, 0.6267, 0.6111, 0.1867, 0.6704, 1.0000, 0.9286, 0.9833, 0.9333,
        0.7417, 0.8333, 0.9362, 0.5556, 0.2556, 0.5667, 0.7556])
tensor([0.0000, 0.9542, 0.7307, 0.8600, 0.7803, 0.3460, 0.6933, 0.6000, 0.8244,
        0.9750, 0.9545, 0.8786, 0.9391, 0.9653, 0.9667, 0.9667, 0.8933, 0.9361,
        0.7538, 0.5833, 0.4889, 0.7333, 0.9750, 0.8600, 0.0222, 0.9604, 0.7889,
        0.0833, 0.6667, 0.6444, 0.3533, 0.7593, 0.9667, 0.9238, 0.9833, 0.9795,
        0.7167, 0.9833, 0.9826, 0.5333, 0.8000, 0.5667, 0.7778])
tensor([0.4000, 0.8903, 0.7227, 0.8644, 0.7742, 0.3381, 0.6733, 0.5533, 0.7644,
        0.9771, 0.9591, 0.7976, 0.9304, 0.9722, 0.9296, 0.9381, 0.8600, 0.9222,
        0.6436, 0.4167, 0.3778, 0.4556, 0.9250, 0.8933, 0.0000, 0.9417, 0.7833,
        0.1167, 0.6867, 0.5667, 0.1533, 0.7519, 0.9833, 0.9286, 0.9917, 0.9487,
        0.7333, 0.8667, 0.9435, 0.4889, 0.2667, 0.5667, 0.7444])
tensor([0.0000, 0.8889, 0.8507, 0.8889, 0.8652, 0.6810, 0.7133, 0.6711, 0.8156,
        0.9667, 0.9515, 0.8881, 0.9362, 0.9583, 0.9815, 0.9857, 0.9200, 0.8972,
        0.7949, 0.2333, 0.5889, 0.5333, 0.9583, 0.8867, 0.0111, 0.9479, 0.7500,
        0.1667, 0.6800, 0.5222, 0.2533, 0.7630, 0.9667, 0.9238, 0.9833, 0.9872,
        0.7167, 0.9833, 0.9899, 0.6111, 0.7778, 0.6000, 0.7667])
tensor([0.4333, 0.8333, 0.8387, 0.8911, 0.8485, 0.6873, 0.7067, 0.6978, 0.7622,
        0.9708, 0.9606, 0.8381, 0.8957, 0.9750, 0.9333, 0.9667, 0.8467, 0.9000,
        0.6462, 0.3000, 0.4778, 0.5000, 0.9250, 0.8600, 0.0000, 0.9146, 0.7222,
        0.3000, 0.6733, 0.5556, 0.2400, 0.8000, 0.9833, 0.9619, 0.9917, 0.9308,
        0.7583, 0.8833, 0.9435, 0.4556, 0.4000, 0.5833, 0.7667])
tensor([0.0167, 0.8403, 0.9027, 0.8889, 0.8773, 0.7365, 0.6400, 0.7200, 0.7911,
        0.8813, 0.9333, 0.8833, 0.9174, 0.9542, 0.9926, 0.9571, 0.9200, 0.9056,
        0.7974, 0.3167, 0.5889, 0.5778, 0.9750, 0.7467, 0.1333, 0.9438, 0.7278,
        0.3167, 0.7333, 0.5333, 0.4333, 0.7704, 0.9833, 0.9429, 0.9833, 0.9231,
        0.7583, 0.9833, 0.9884, 0.6111, 0.8222, 0.6167, 0.8000])
tensor([0.3833, 0.8806, 0.8720, 0.8711, 0.7273, 0.6984, 0.6467, 0.7111, 0.7022,
        0.9292, 0.9576, 0.8190, 0.8841, 0.9806, 0.9370, 0.9714, 0.7133, 0.8889,
        0.5179, 0.3167, 0.3000, 0.5222, 0.8750, 0.7333, 0.0333, 0.8979, 0.8611,
        0.3333, 0.6867, 0.7000, 0.3733, 0.7889, 0.9833, 0.9667, 0.9833, 0.8308,
        0.7833, 0.8667, 0.9319, 0.4556, 0.4222, 0.5833, 0.7667])
tensor([0.0167, 0.8750, 0.9027, 0.9089, 0.8939, 0.7413, 0.6867, 0.8044, 0.7956,
        0.9396, 0.9348, 0.8929, 0.9217, 0.9639, 0.9815, 0.9762, 0.9333, 0.8833,
        0.8000, 0.5333, 0.5333, 0.6667, 0.9667, 0.8400, 0.2222, 0.9375, 0.7278,
        0.4167, 0.7733, 0.6667, 0.6600, 0.8444, 1.0000, 0.9381, 0.9917, 0.9667,
        0.7917, 0.9833, 0.9841, 0.8444, 0.8111, 0.6500, 0.8111])
tensor([0.3500, 0.9139, 0.9200, 0.9200, 0.8682, 0.6857, 0.6867, 0.8311, 0.7289,
        0.9625, 0.9561, 0.8405, 0.9072, 0.9736, 0.9407, 0.9524, 0.9000, 0.9250,
        0.7462, 0.6000, 0.5111, 0.4222, 0.9750, 0.9000, 0.0667, 0.9271, 0.8167,
        0.3833, 0.7067, 0.8111, 0.5533, 0.8222, 0.9833, 0.9762, 0.9833, 0.9462,
        0.7833, 0.9833, 0.9507, 0.4556, 0.7000, 0.6167, 0.7556])
tensor([0.0167, 0.9139, 0.9360, 0.9022, 0.8712, 0.7302, 0.7267, 0.8356, 0.7956,
        0.9521, 0.9561, 0.8976, 0.9290, 0.9681, 0.9889, 0.9810, 0.8733, 0.9000,
        0.7487, 0.5500, 0.6778, 0.6333, 0.9667, 0.8733, 0.3111, 0.9438, 0.8444,
        0.3333, 0.7533, 0.7444, 0.5267, 0.8111, 1.0000, 0.9429, 0.9833, 0.9538,
        0.7750, 1.0000, 0.9870, 0.7333, 0.8889, 0.6500, 0.8889])
tensor([0.3667, 0.9306, 0.9120, 0.9067, 0.8530, 0.7190, 0.7000, 0.8222, 0.7489,
        0.9583, 0.9606, 0.8357, 0.9188, 0.9694, 0.9407, 0.9333, 0.9067, 0.9361,
        0.7538, 0.5333, 0.5889, 0.5000, 0.9583, 0.9000, 0.1000, 0.9250, 0.7944,
        0.3500, 0.7600, 0.7667, 0.4533, 0.7778, 0.9833, 0.9762, 0.9917, 0.9333,
        0.7667, 0.9833, 0.9478, 0.4667, 0.6444, 0.6500, 0.7556])
tensor([0.0167, 0.9319, 0.9413, 0.9022, 0.8697, 0.7413, 0.7533, 0.8067, 0.8267,
        0.9646, 0.9591, 0.8929, 0.9406, 0.9708, 0.9963, 0.9810, 0.8800, 0.9083,
        0.7615, 0.5000, 0.7111, 0.6111, 0.9667, 0.8800, 0.4444, 0.9458, 0.8333,
        0.3500, 0.7533, 0.8222, 0.5200, 0.8185, 1.0000, 0.9476, 0.9833, 0.9513,
        0.7583, 1.0000, 0.9841, 0.7889, 0.8889, 0.6500, 0.8556])
tensor([0.3833, 0.9264, 0.9493, 0.9000, 0.8561, 0.7286, 0.7133, 0.8044, 0.7822,
        0.9729, 0.9697, 0.8357, 0.9217, 0.9722, 0.9630, 0.9333, 0.8867, 0.9250,
        0.7205, 0.3500, 0.6333, 0.4222, 0.9583, 0.9333, 0.0889, 0.9187, 0.8222,
        0.3667, 0.7400, 0.8000, 0.4600, 0.7926, 1.0000, 0.9857, 0.9833, 0.9282,
        0.7583, 0.9833, 0.9493, 0.4667, 0.7222, 0.6333, 0.7778])
tensor([0.0167, 0.9347, 0.9493, 0.9089, 0.8606, 0.7984, 0.7467, 0.8333, 0.8089,
        0.9521, 0.9636, 0.8905, 0.9290, 0.9681, 0.9963, 0.9619, 0.8800, 0.9111,
        0.7744, 0.4667, 0.8444, 0.6778, 0.9500, 0.7933, 0.4333, 0.9458, 0.7889,
        0.4500, 0.7267, 0.7889, 0.3933, 0.7852, 1.0000, 0.9667, 0.9833, 0.9231,
        0.7333, 1.0000, 0.9870, 0.6333, 0.8778, 0.6500, 0.8222])
tensor([0.4000, 0.9153, 0.9347, 0.8867, 0.8273, 0.7365, 0.6867, 0.7311, 0.6822,
        0.9000, 0.9621, 0.8571, 0.8957, 0.9681, 0.9259, 0.9000, 0.8600, 0.9111,
        0.7590, 0.4500, 0.7444, 0.4444, 0.9500, 0.7800, 0.1000, 0.9187, 0.7722,
        0.4667, 0.6933, 0.7889, 0.2733, 0.7111, 1.0000, 0.9762, 0.9833, 0.8769,
        0.7583, 0.9833, 0.9623, 0.4556, 0.7889, 0.6500, 0.7889])
tensor([0.0167, 0.9292, 0.9467, 0.8844, 0.8485, 0.8000, 0.7600, 0.7933, 0.7422,
        0.8792, 0.9500, 0.8905, 0.8957, 0.9639, 0.9148, 0.8714, 0.8733, 0.8667,
        0.7821, 0.3667, 0.8000, 0.5889, 0.9583, 0.7667, 0.3333, 0.9396, 0.8111,
        0.4333, 0.7200, 0.7556, 0.3267, 0.7333, 1.0000, 0.9714, 0.9833, 0.9179,
        0.7250, 1.0000, 0.9899, 0.4889, 0.9111, 0.6667, 0.8222])
tensor([0.4833, 0.9181, 0.9160, 0.8844, 0.7909, 0.7444, 0.6400, 0.6711, 0.6444,
        0.8646, 0.9379, 0.8286, 0.8391, 0.9611, 0.8556, 0.8952, 0.8933, 0.8917,
        0.7564, 0.3333, 0.7111, 0.4444, 0.9083, 0.7667, 0.1111, 0.9083, 0.7556,
        0.4667, 0.6600, 0.6667, 0.2333, 0.7296, 1.0000, 0.9810, 0.9833, 0.8487,
        0.7500, 1.0000, 0.9754, 0.4667, 0.7889, 0.6667, 0.7889])
tensor([0.0333, 0.9389, 0.9747, 0.9244, 0.8879, 0.7730, 0.7600, 0.8911, 0.7889,
        0.9937, 0.9636, 0.8762, 0.9116, 0.9722, 0.9704, 0.9667, 0.8733, 0.8750,
        0.7667, 0.4000, 0.8889, 0.4889, 0.9500, 0.9600, 0.6667, 0.9312, 0.7833,
        0.4667, 0.8000, 0.7222, 0.4800, 0.9222, 1.0000, 0.9429, 0.9750, 0.9410,
        0.7667, 0.9833, 0.9899, 0.9222, 0.8111, 0.6500, 0.8556])
tensor([0.5500, 0.9333, 0.9173, 0.9400, 0.8636, 0.7000, 0.7400, 0.7822, 0.7733,
        0.9521, 0.9439, 0.8643, 0.8841, 0.9750, 0.9630, 0.9810, 0.8133, 0.9333,
        0.6949, 0.7167, 0.8333, 0.3889, 0.9333, 0.9400, 0.1889, 0.9062, 0.7889,
        0.4833, 0.8667, 0.7333, 0.3533, 0.8407, 1.0000, 0.9667, 0.9917, 0.9333,
        0.8417, 0.9500, 0.9435, 0.6667, 0.7889, 0.6500, 0.8111])
tensor([0.0333, 0.9611, 0.9267, 0.9600, 0.9061, 0.7683, 0.7267, 0.8578, 0.8556,
        0.9812, 0.9394, 0.9143, 0.9043, 0.9764, 0.9926, 0.9952, 0.8533, 0.9056,
        0.7590, 0.7500, 0.8778, 0.4778, 0.9500, 0.9133, 0.4333, 0.9396, 0.7278,
        0.4667, 0.8667, 0.8333, 0.5800, 0.8889, 1.0000, 0.9619, 0.9750, 0.9538,
        0.8833, 0.9667, 0.9551, 0.9222, 0.8000, 0.6500, 0.8778])
tensor([0.5000, 0.9514, 0.9053, 0.9689, 0.8788, 0.6587, 0.7400, 0.8089, 0.8622,
        0.9854, 0.9152, 0.8357, 0.9116, 0.9708, 0.9778, 0.9952, 0.8733, 0.9194,
        0.7641, 0.7000, 0.6778, 0.4667, 0.9500, 0.9467, 0.1556, 0.9187, 0.7833,
        0.4667, 0.8600, 0.7889, 0.6400, 0.8370, 1.0000, 0.9905, 0.9833, 0.9538,
        0.8417, 0.9667, 0.9377, 0.8111, 0.8000, 0.6500, 0.8111])
tensor([0.0167, 0.9681, 0.9520, 0.9667, 0.8833, 0.7540, 0.7267, 0.8511, 0.8400,
        0.9917, 0.9379, 0.8643, 0.9145, 0.9764, 0.9963, 1.0000, 0.8733, 0.9111,
        0.7564, 0.6333, 0.9222, 0.4667, 0.9417, 0.9533, 0.6000, 0.9500, 0.7833,
        0.4667, 0.8467, 0.8333, 0.6267, 0.8852, 1.0000, 0.9667, 0.9833, 0.9667,
        0.8500, 0.9667, 0.9623, 0.9111, 0.8444, 0.6833, 0.9222])
tensor([0.5667, 0.9389, 0.9507, 0.9578, 0.8712, 0.7397, 0.7600, 0.8422, 0.8533,
        0.9792, 0.9470, 0.8190, 0.8928, 0.9681, 0.9852, 0.9714, 0.8867, 0.9194,
        0.7615, 0.6333, 0.8778, 0.4000, 0.9167, 0.9600, 0.2778, 0.9146, 0.7667,
        0.4833, 0.8400, 0.7889, 0.5400, 0.8481, 1.0000, 0.9905, 0.9917, 0.9308,
        0.8083, 0.9833, 0.9551, 0.7000, 0.8333, 0.6500, 0.8556])
tensor([0.0667, 0.9431, 0.9693, 0.9600, 0.8864, 0.7873, 0.7733, 0.8756, 0.8711,
        0.9958, 0.9636, 0.8905, 0.9188, 0.9764, 1.0000, 1.0000, 0.8667, 0.9361,
        0.7821, 0.5333, 0.9556, 0.4333, 0.9333, 0.9600, 0.6556, 0.9479, 0.7833,
        0.4833, 0.8733, 0.8111, 0.5667, 0.9074, 1.0000, 0.9619, 0.9833, 0.9462,
        0.8250, 0.9667, 0.9652, 0.8889, 0.8333, 0.6667, 0.9111])
tensor([0.7167, 0.9153, 0.9640, 0.9533, 0.8848, 0.7460, 0.7400, 0.8600, 0.8756,
        0.9958, 0.9576, 0.8214, 0.8957, 0.9722, 0.9889, 0.9810, 0.8133, 0.9361,
        0.7564, 0.4000, 0.8778, 0.4444, 0.9250, 0.9800, 0.2111, 0.9167, 0.7667,
        0.4833, 0.8533, 0.7222, 0.4333, 0.8593, 1.0000, 0.9857, 0.9917, 0.9205,
        0.8167, 0.9833, 0.9449, 0.7556, 0.8111, 0.6333, 0.8111])
tensor([0.1667, 0.9375, 0.9693, 0.9556, 0.8955, 0.8270, 0.7667, 0.8711, 0.9022,
        0.9958, 0.9727, 0.8905, 0.9246, 0.9736, 1.0000, 1.0000, 0.8400, 0.9167,
        0.7974, 0.4833, 0.9667, 0.4889, 0.9583, 0.9667, 0.6333, 0.9458, 0.7556,
        0.4667, 0.8600, 0.8222, 0.6000, 0.8963, 1.0000, 0.9667, 0.9833, 0.9487,
        0.8083, 0.9833, 0.9681, 0.8889, 0.8444, 0.6667, 0.9222])
tensor([0.8000, 0.9194, 0.9467, 0.9489, 0.8879, 0.7540, 0.7400, 0.8511, 0.8822,
        0.9958, 0.9606, 0.8310, 0.9029, 0.9736, 0.9926, 0.9762, 0.7933, 0.9306,
        0.7385, 0.3667, 0.8778, 0.4556, 0.9167, 0.9800, 0.2111, 0.9062, 0.7611,
        0.4833, 0.8533, 0.7222, 0.3800, 0.8407, 1.0000, 0.9857, 0.9833, 0.9205,
        0.8250, 0.9667, 0.9464, 0.8000, 0.8111, 0.6333, 0.7889])
tensor([0.2000, 0.9431, 0.9707, 0.9578, 0.8818, 0.8079, 0.7800, 0.8578, 0.9156,
        0.9937, 0.9727, 0.8905, 0.9362, 0.9708, 0.9963, 0.9952, 0.8933, 0.9167,
        0.8000, 0.5500, 0.9667, 0.4667, 0.9583, 0.9733, 0.6333, 0.9438, 0.7611,
        0.4667, 0.8933, 0.7333, 0.6000, 0.8778, 1.0000, 0.9667, 0.9917, 0.9538,
        0.8333, 0.9833, 0.9783, 0.8222, 0.8556, 0.7333, 0.9222])
tensor([0.8333, 0.9222, 0.9333, 0.9444, 0.8333, 0.7016, 0.7467, 0.8044, 0.8844,
        0.9958, 0.9591, 0.8286, 0.9029, 0.9736, 0.9963, 0.9810, 0.7867, 0.9444,
        0.7282, 0.3667, 0.9111, 0.4444, 0.9167, 0.9800, 0.2556, 0.9000, 0.7611,
        0.4833, 0.8667, 0.7667, 0.3867, 0.8481, 1.0000, 0.9857, 0.9833, 0.9026,
        0.8417, 0.9500, 0.9406, 0.7556, 0.8111, 0.6333, 0.7889])
tensor([0.2833, 0.9500, 0.9720, 0.9600, 0.8727, 0.8048, 0.7733, 0.8333, 0.9289,
        0.9937, 0.9682, 0.8881, 0.9478, 0.9708, 0.9963, 0.9952, 0.8933, 0.9111,
        0.8128, 0.4000, 0.9667, 0.5000, 0.9667, 0.9800, 0.6222, 0.9417, 0.7889,
        0.4667, 0.9067, 0.7667, 0.6067, 0.8741, 1.0000, 0.9667, 0.9917, 0.9538,
        0.8167, 0.9833, 0.9797, 0.8111, 0.8556, 0.7500, 0.8889])
tensor([0.8500, 0.9139, 0.9547, 0.9578, 0.8576, 0.7016, 0.7667, 0.8111, 0.9044,
        0.9958, 0.9470, 0.8238, 0.9029, 0.9736, 0.9926, 0.9857, 0.8000, 0.9250,
        0.7205, 0.5167, 0.8778, 0.4667, 0.9167, 0.9800, 0.2556, 0.8875, 0.7667,
        0.4833, 0.8867, 0.7444, 0.5000, 0.8333, 1.0000, 0.9857, 0.9917, 0.9205,
        0.8417, 0.9667, 0.9435, 0.8333, 0.8111, 0.6500, 0.8111])
tensor([0.4333, 0.9347, 0.9693, 0.9667, 0.8652, 0.7889, 0.7733, 0.8378, 0.9311,
        0.9792, 0.9500, 0.8976, 0.9507, 0.9667, 0.9963, 0.9905, 0.9200, 0.9083,
        0.8128, 0.4833, 0.9667, 0.4778, 0.9500, 0.9667, 0.6667, 0.9396, 0.7944,
        0.4667, 0.9000, 0.8000, 0.6667, 0.8481, 1.0000, 0.9810, 0.9833, 0.9615,
        0.8167, 0.9833, 0.9841, 0.7556, 0.8333, 0.8000, 0.8889])
tensor([0.9333, 0.8944, 0.9707, 0.9600, 0.8591, 0.6984, 0.7800, 0.8578, 0.9156,
        0.9937, 0.9470, 0.8167, 0.9130, 0.9681, 1.0000, 0.9857, 0.8667, 0.9111,
        0.7410, 0.3833, 0.9111, 0.4333, 0.9083, 0.9667, 0.3000, 0.8771, 0.7778,
        0.4833, 0.8800, 0.7000, 0.7133, 0.8333, 1.0000, 0.9857, 0.9917, 0.9436,
        0.8500, 0.9667, 0.9522, 0.7778, 0.8222, 0.6500, 0.8000])
tensor([0.4833, 0.9222, 0.9720, 0.9644, 0.8924, 0.8222, 0.7733, 0.8622, 0.9311,
        0.9854, 0.9576, 0.8905, 0.9449, 0.9667, 1.0000, 1.0000, 0.9267, 0.9222,
        0.7949, 0.4833, 0.9667, 0.4667, 0.9500, 0.9667, 0.6556, 0.9396, 0.7944,
        0.4833, 0.9000, 0.7778, 0.6667, 0.8889, 1.0000, 0.9762, 0.9917, 0.9615,
        0.8333, 0.9833, 0.9855, 0.8222, 0.8000, 0.8167, 0.9222])
tensor([0.9167, 0.8681, 0.9747, 0.9489, 0.8788, 0.7111, 0.7800, 0.8356, 0.9356,
        0.9937, 0.9424, 0.8238, 0.9130, 0.9681, 0.9889, 0.9762, 0.8667, 0.9028,
        0.7256, 0.4833, 0.9000, 0.4556, 0.8917, 0.9667, 0.4444, 0.8750, 0.7833,
        0.4833, 0.8933, 0.7000, 0.7400, 0.8630, 1.0000, 0.9857, 0.9917, 0.9385,
        0.8333, 0.9833, 0.9536, 0.8000, 0.8111, 0.6500, 0.8111])
tensor([0.5667, 0.9125, 0.9813, 0.9578, 0.8894, 0.8159, 0.7733, 0.8489, 0.9378,
        0.9792, 0.9500, 0.8643, 0.9507, 0.9639, 1.0000, 0.9857, 0.9267, 0.9083,
        0.7897, 0.4667, 0.9667, 0.5111, 0.9583, 0.9467, 0.7333, 0.9396, 0.8056,
        0.4833, 0.9000, 0.7556, 0.7067, 0.8481, 1.0000, 0.9857, 0.9833, 0.9538,
        0.8250, 0.9833, 0.9913, 0.7111, 0.8556, 0.8167, 0.8556])
tensor([0.9167, 0.8708, 0.9787, 0.9467, 0.8909, 0.6857, 0.7867, 0.8356, 0.9422,
        0.9937, 0.9364, 0.8286, 0.9203, 0.9694, 0.9963, 0.9810, 0.9000, 0.9056,
        0.7077, 0.5667, 0.8778, 0.4667, 0.9333, 0.9533, 0.5000, 0.8667, 0.8111,
        0.4833, 0.9067, 0.7333, 0.7733, 0.8741, 1.0000, 0.9810, 0.9917, 0.9359,
        0.8333, 0.9500, 0.9594, 0.8889, 0.8222, 0.6500, 0.7778])
tensor([0.5667, 0.9042, 0.9840, 0.9600, 0.8924, 0.7683, 0.8067, 0.8378, 0.9333,
        0.9688, 0.9500, 0.8667, 0.9493, 0.9625, 0.9889, 0.9571, 0.9267, 0.9111,
        0.7667, 0.4667, 0.9556, 0.5111, 0.9333, 0.9400, 0.7333, 0.9354, 0.8389,
        0.4833, 0.8867, 0.7889, 0.7200, 0.8556, 1.0000, 0.9667, 0.9917, 0.9564,
        0.8083, 1.0000, 0.9899, 0.6667, 0.8111, 0.8167, 0.8333])
tensor([0.9167, 0.8847, 0.9773, 0.9400, 0.9030, 0.7095, 0.8067, 0.8400, 0.9556,
        0.9917, 0.9424, 0.8286, 0.9406, 0.9694, 0.9889, 0.9810, 0.9200, 0.8917,
        0.6872, 0.6500, 0.8667, 0.5333, 0.9083, 0.9400, 0.5889, 0.8646, 0.8389,
        0.4667, 0.9067, 0.6778, 0.7800, 0.8667, 1.0000, 0.9762, 0.9917, 0.9359,
        0.8333, 0.9833, 0.9623, 0.8222, 0.8444, 0.6500, 0.8000])
tensor([0.6167, 0.9069, 0.9800, 0.9556, 0.8970, 0.7778, 0.8067, 0.8533, 0.9000,
        0.9208, 0.9500, 0.8833, 0.9420, 0.9625, 0.9593, 0.9190, 0.9400, 0.9167,
        0.7590, 0.4667, 0.9333, 0.5111, 0.9250, 0.9067, 0.6889, 0.9375, 0.8389,
        0.4500, 0.8933, 0.8000, 0.6667, 0.8148, 1.0000, 0.9714, 0.9833, 0.9590,
        0.7833, 1.0000, 0.9899, 0.6333, 0.8556, 0.8333, 0.8333])
tensor([0.9167, 0.8708, 0.9680, 0.9244, 0.8879, 0.6794, 0.8000, 0.7489, 0.9356,
        0.9792, 0.9318, 0.8381, 0.9464, 0.9694, 0.9519, 0.9524, 0.9067, 0.8917,
        0.6923, 0.4833, 0.8667, 0.5333, 0.9083, 0.9533, 0.3000, 0.8792, 0.8444,
        0.3833, 0.8933, 0.6667, 0.6067, 0.8444, 1.0000, 0.9714, 0.9833, 0.9000,
        0.8167, 0.9500, 0.9681, 0.6333, 0.8111, 0.6833, 0.7889])
tensor([0.6500, 0.9069, 0.9800, 0.9333, 0.9197, 0.7381, 0.7800, 0.8356, 0.8800,
        0.9521, 0.9515, 0.8690, 0.9246, 0.9625, 0.8963, 0.8905, 0.9333, 0.9111,
        0.7385, 0.4667, 0.9111, 0.5111, 0.9333, 0.9067, 0.7444, 0.9312, 0.8444,
        0.4333, 0.9133, 0.7333, 0.5933, 0.8148, 1.0000, 0.9667, 0.9917, 0.9436,
        0.7667, 1.0000, 0.9957, 0.5889, 0.8556, 0.8000, 0.8111])
tensor([0.9333, 0.8694, 0.9160, 0.8533, 0.7894, 0.6238, 0.6933, 0.6356, 0.7800,
        0.8687, 0.9227, 0.8476, 0.8826, 0.9653, 0.8481, 0.9381, 0.8533, 0.8861,
        0.7154, 0.4833, 0.8667, 0.5556, 0.8917, 0.7867, 0.2000, 0.8708, 0.8167,
        0.4000, 0.8200, 0.5333, 0.3000, 0.7556, 1.0000, 0.9619, 0.9917, 0.8641,
        0.8167, 0.9167, 0.9696, 0.6333, 0.8444, 0.7333, 0.8000])
tensor([0.6667, 0.9486, 0.9827, 0.9111, 0.9364, 0.7730, 0.7333, 0.9222, 0.9289,
        0.9958, 0.9758, 0.8786, 0.9435, 0.9736, 0.9111, 0.8810, 0.9400, 0.9083,
        0.7462, 0.7500, 0.9556, 0.5556, 0.9417, 0.8933, 0.8889, 0.9208, 0.8444,
        0.4167, 0.9600, 0.6778, 0.6400, 0.9370, 1.0000, 0.9476, 0.9833, 0.9385,
        0.7667, 0.9833, 0.9928, 0.9222, 0.6444, 0.7833, 0.8333])
tensor([0.9000, 0.9458, 0.9560, 0.7933, 0.9076, 0.7175, 0.7400, 0.7711, 0.8511,
        0.9750, 0.9485, 0.8452, 0.9246, 0.9806, 0.9963, 0.9810, 0.7800, 0.9139,
        0.5667, 0.9500, 0.8444, 0.5889, 0.8583, 0.7067, 0.6778, 0.9062, 0.8667,
        0.4333, 0.8667, 0.8444, 0.5800, 0.8593, 1.0000, 0.9714, 0.9917, 0.9256,
        0.8333, 0.8667, 0.9565, 0.7222, 0.6000, 0.7167, 0.8111])
tensor([0.4500, 0.9583, 0.9773, 0.9667, 0.9409, 0.8540, 0.7600, 0.9000, 0.9356,
        0.9937, 0.9621, 0.9143, 0.9696, 0.9792, 0.9926, 1.0000, 0.9267, 0.8917,
        0.7231, 0.6667, 0.8111, 0.5889, 0.9167, 0.9467, 0.7667, 0.9438, 0.8611,
        0.4667, 0.9200, 0.9444, 0.7600, 0.9037, 1.0000, 0.9857, 0.9750, 0.9487,
        0.8500, 0.9667, 0.9478, 0.9222, 0.7222, 0.7333, 0.8222])
tensor([0.8833, 0.9514, 0.9760, 0.9644, 0.9318, 0.8238, 0.7733, 0.9111, 0.9178,
        0.9958, 0.9545, 0.8857, 0.9304, 0.9764, 0.9963, 0.9857, 0.9200, 0.8778,
        0.7333, 0.6333, 0.8667, 0.5111, 0.9083, 0.8867, 0.6444, 0.9083, 0.8444,
        0.4833, 0.8533, 0.8222, 0.6800, 0.9296, 1.0000, 0.9619, 0.9750, 0.9385,
        0.8417, 0.9167, 0.9290, 0.9000, 0.8000, 0.7167, 0.8111])
tensor([0.4333, 0.9542, 0.9800, 0.9644, 0.9409, 0.8651, 0.7800, 0.9378, 0.9044,
        0.9958, 0.9758, 0.9238, 0.9275, 0.9764, 1.0000, 1.0000, 0.9333, 0.9111,
        0.7590, 0.7000, 0.9778, 0.5333, 0.9250, 0.9467, 0.7889, 0.9479, 0.8500,
        0.5000, 0.9067, 0.9000, 0.6800, 0.9407, 1.0000, 0.9714, 0.9833, 0.9436,
        0.8333, 0.9833, 0.9696, 0.9333, 0.7444, 0.8000, 0.8222])
tensor([0.9000, 0.9361, 0.9720, 0.9444, 0.9348, 0.8190, 0.7667, 0.9022, 0.9111,
        0.9917, 0.9682, 0.8619, 0.9145, 0.9764, 1.0000, 0.9810, 0.9200, 0.9194,
        0.7436, 0.6333, 0.9000, 0.5778, 0.9167, 0.9667, 0.7333, 0.9208, 0.8056,
        0.5000, 0.8867, 0.8444, 0.5800, 0.9296, 1.0000, 0.9619, 0.9833, 0.9333,
        0.8167, 0.9500, 0.9275, 0.9111, 0.7444, 0.7167, 0.8000])
tensor([0.4667, 0.9556, 0.9827, 0.9644, 0.9318, 0.8476, 0.7867, 0.9222, 0.9067,
        0.9979, 0.9742, 0.9262, 0.9290, 0.9764, 1.0000, 1.0000, 0.9200, 0.8889,
        0.7513, 0.6333, 0.9778, 0.5667, 0.9250, 0.9733, 0.7889, 0.9479, 0.8333,
        0.5000, 0.9200, 0.9111, 0.6533, 0.9370, 1.0000, 0.9762, 0.9750, 0.9590,
        0.8500, 0.9833, 0.9623, 0.9444, 0.7889, 0.8000, 0.8333])
tensor([0.9000, 0.9486, 0.9747, 0.9578, 0.9303, 0.8254, 0.7400, 0.8978, 0.9022,
        0.9958, 0.9667, 0.8667, 0.9130, 0.9792, 1.0000, 0.9905, 0.9133, 0.9000,
        0.7436, 0.6333, 0.8889, 0.5889, 0.9000, 0.9667, 0.7444, 0.9187, 0.8000,
        0.5000, 0.8933, 0.8444, 0.6333, 0.9185, 1.0000, 0.9619, 0.9833, 0.9256,
        0.8083, 0.9500, 0.9290, 0.9333, 0.7111, 0.7167, 0.8111])
tensor([0.5500, 0.9514, 0.9787, 0.9689, 0.9227, 0.8524, 0.7733, 0.9089, 0.8933,
        0.9979, 0.9727, 0.8857, 0.9246, 0.9806, 1.0000, 1.0000, 0.9333, 0.9333,
        0.7282, 0.6167, 0.9556, 0.5889, 0.9333, 0.9733, 0.7889, 0.9479, 0.8278,
        0.5000, 0.9267, 0.9111, 0.6800, 0.9259, 1.0000, 0.9810, 0.9750, 0.9410,
        0.8583, 0.9667, 0.9623, 0.9333, 0.7333, 0.7667, 0.8444])
tensor([0.9000, 0.9431, 0.9480, 0.9644, 0.8985, 0.8254, 0.6867, 0.7889, 0.8489,
        0.9896, 0.9424, 0.8429, 0.9159, 0.9819, 1.0000, 0.9905, 0.8800, 0.9000,
        0.6795, 0.6500, 0.8556, 0.5778, 0.8917, 0.9600, 0.6444, 0.9292, 0.8000,
        0.4833, 0.9067, 0.8667, 0.4467, 0.8704, 1.0000, 0.9714, 0.9833, 0.9026,
        0.8167, 0.8167, 0.9043, 0.7444, 0.6000, 0.6833, 0.8000])
tensor([0.6500, 0.9556, 0.9653, 0.9667, 0.9106, 0.8476, 0.7133, 0.8111, 0.8511,
        0.9917, 0.9500, 0.8738, 0.9449, 0.9861, 0.9963, 1.0000, 0.8600, 0.9083,
        0.7282, 0.7500, 0.9444, 0.5778, 0.9083, 0.9800, 0.7556, 0.9479, 0.8167,
        0.4833, 0.8867, 0.9111, 0.5267, 0.9037, 1.0000, 0.9857, 0.9750, 0.9333,
        0.8250, 0.9167, 0.9551, 0.6889, 0.6667, 0.6833, 0.8333])
tensor([0.9000, 0.9597, 0.9627, 0.9667, 0.9091, 0.7762, 0.7200, 0.8267, 0.8711,
        0.9979, 0.9333, 0.8381, 0.9391, 0.9792, 0.9963, 0.9952, 0.8667, 0.8944,
        0.7256, 0.7000, 0.8667, 0.5889, 0.9000, 0.9467, 0.7444, 0.9271, 0.8056,
        0.4833, 0.9200, 0.8222, 0.4933, 0.8556, 1.0000, 0.9714, 0.9833, 0.8974,
        0.8083, 0.8000, 0.8957, 0.7778, 0.6333, 0.6667, 0.7889])
tensor([0.6500, 0.9639, 0.9800, 0.9689, 0.9303, 0.8460, 0.8000, 0.9244, 0.9156,
        0.9979, 0.9530, 0.9381, 0.9377, 0.9764, 0.9963, 1.0000, 0.9133, 0.9194,
        0.7667, 0.5000, 0.9667, 0.5667, 0.9417, 0.9933, 0.7667, 0.9479, 0.8389,
        0.5000, 0.9200, 0.8333, 0.6933, 0.9333, 1.0000, 0.9810, 0.9750, 0.9282,
        0.8333, 0.9833, 0.9609, 0.9000, 0.8333, 0.7500, 0.8222])
tensor([0.9500, 0.9431, 0.9747, 0.9400, 0.9121, 0.7968, 0.7600, 0.9244, 0.9222,
        1.0000, 0.9561, 0.9000, 0.9072, 0.9778, 1.0000, 0.9905, 0.9200, 0.9111,
        0.7821, 0.5000, 0.9111, 0.5556, 0.9250, 0.9933, 0.6000, 0.9354, 0.8000,
        0.5000, 0.9267, 0.7111, 0.5533, 0.9222, 1.0000, 0.9333, 0.9833, 0.9154,
        0.8083, 0.9167, 0.9551, 0.9000, 0.8444, 0.7667, 0.8000])
tensor([0.7167, 0.9583, 0.9840, 0.9489, 0.9333, 0.8762, 0.7933, 0.9578, 0.9222,
        1.0000, 0.9788, 0.9238, 0.9493, 0.9778, 1.0000, 1.0000, 0.9400, 0.9361,
        0.7923, 0.6500, 0.9778, 0.5556, 0.9583, 0.9800, 0.8444, 0.9500, 0.8333,
        0.5000, 0.9533, 0.8333, 0.6667, 0.9481, 1.0000, 0.9619, 0.9833, 0.9359,
        0.8167, 0.9833, 0.9739, 0.9444, 0.7333, 0.8333, 0.8556])
tensor([0.9167, 0.9403, 0.9760, 0.9422, 0.9318, 0.8190, 0.7733, 0.9267, 0.9356,
        1.0000, 0.9712, 0.8905, 0.9203, 0.9764, 1.0000, 0.9952, 0.9267, 0.9056,
        0.7333, 0.7333, 0.9000, 0.5889, 0.9000, 0.9267, 0.7222, 0.9187, 0.8111,
        0.5000, 0.9133, 0.8111, 0.6933, 0.9074, 1.0000, 0.9619, 0.9833, 0.9231,
        0.8250, 0.8833, 0.9232, 0.9111, 0.7778, 0.7167, 0.8000])
tensor([0.6167, 0.9556, 0.9813, 0.9578, 0.9409, 0.8794, 0.7867, 0.9556, 0.9178,
        0.9979, 0.9818, 0.9119, 0.9551, 0.9806, 1.0000, 1.0000, 0.9267, 0.9167,
        0.7410, 0.6667, 0.9556, 0.5889, 0.9250, 0.9467, 0.8222, 0.9500, 0.8500,
        0.5000, 0.9333, 0.9000, 0.7133, 0.9519, 1.0000, 0.9762, 0.9833, 0.9282,
        0.8417, 0.9833, 0.9652, 0.9444, 0.7222, 0.7833, 0.8222])
