tensor([0., 0., 0., 0., 0., 0., 0., 0., 0., 0., 0., 0., 0., 1., 0., 0., 0., 0.,
        0., 0., 0., 0., 0., 0., 0., 0., 0., 0., 0., 0., 0., 0., 0., 0., 0., 0.,
        0., 0., 0., 0., 0., 0., 0.])
tensor([0., 0., 1., 0., 0., 0., 0., 0., 0., 0., 0., 0., 0., 0., 0., 0., 0., 0.,
        0., 0., 0., 0., 0., 0., 0., 0., 0., 0., 0., 0., 0., 0., 0., 0., 0., 0.,
        0., 0., 0., 0., 0., 0., 0.])
tensor([0., 0., 0., 0., 0., 0., 0., 0., 0., 0., 0., 0., 0., 0., 0., 0., 0., 0.,
        0., 0., 0., 0., 0., 0., 0., 0., 0., 0., 0., 0., 0., 0., 0., 0., 0., 0.,
        0., 0., 1., 0., 0., 0., 0.])
tensor([0., 0., 0., 0., 0., 0., 0., 0., 0., 0., 0., 0., 0., 0., 0., 0., 0., 0.,
        0., 0., 0., 0., 0., 0., 0., 0., 0., 0., 0., 0., 0., 0., 0., 0., 0., 0.,
        0., 0., 1., 0., 0., 0., 0.])
tensor([0., 1., 0., 0., 0., 0., 0., 0., 0., 0., 0., 0., 0., 0., 0., 0., 0., 0.,
        0., 0., 0., 0., 0., 0., 0., 0., 0., 0., 0., 0., 0., 0., 0., 0., 0., 0.,
        0., 0., 0., 0., 0., 0., 0.])
tensor([0., 0., 1., 0., 0., 0., 0., 0., 0., 0., 0., 0., 0., 0., 0., 0., 0., 0.,
        0., 0., 0., 0., 0., 0., 0., 0., 0., 0., 0., 0., 0., 0., 0., 0., 0., 0.,
        0., 0., 0., 0., 0., 0., 0.])
tensor([1., 0., 0., 0., 0., 0., 0., 0., 0., 0., 0., 0., 0., 0., 0., 0., 0., 0.,
        0., 0., 0., 0., 0., 0., 0., 0., 0., 0., 0., 0., 0., 0., 0., 0., 0., 0.,
        0., 0., 0., 0., 0., 0., 0.])
tensor([0.2500, 0.6944, 0.0000, 0.0000, 0.0000, 0.0000, 0.0000, 0.0000, 0.0000,
        0.0000, 0.0000, 0.0000, 0.0000, 0.0000, 0.0000, 0.0000, 0.0000, 0.0000,
        0.0000, 0.0000, 0.0000, 0.0000, 0.0000, 0.0000, 0.0000, 0.0000, 0.0000,
        0.0000, 0.0000, 0.0000, 0.0000, 0.0000, 0.0000, 0.0000, 0.0000, 0.0000,
        0.0000, 0.0000, 0.0000, 0.0000, 0.0000, 0.0000, 0.0000])
tensor([0., 0., 1., 0., 0., 0., 0., 0., 0., 0., 0., 0., 0., 0., 0., 0., 0., 0.,
        0., 0., 0., 0., 0., 0., 0., 0., 0., 0., 0., 0., 0., 0., 0., 0., 0., 0.,
        0., 0., 0., 0., 0., 0., 0.])
tensor([0., 0., 1., 0., 0., 0., 0., 0., 0., 0., 0., 0., 0., 0., 0., 0., 0., 0.,
        0., 0., 0., 0., 0., 0., 0., 0., 0., 0., 0., 0., 0., 0., 0., 0., 0., 0.,
        0., 0., 0., 0., 0., 0., 0.])
tensor([0., 1., 0., 0., 0., 0., 0., 0., 0., 0., 0., 0., 0., 0., 0., 0., 0., 0.,
        0., 0., 0., 0., 0., 0., 0., 0., 0., 0., 0., 0., 0., 0., 0., 0., 0., 0.,
        0., 0., 0., 0., 0., 0., 0.])
tensor([0., 0., 1., 0., 0., 0., 0., 0., 0., 0., 0., 0., 0., 0., 0., 0., 0., 0.,
        0., 0., 0., 0., 0., 0., 0., 0., 0., 0., 0., 0., 0., 0., 0., 0., 0., 0.,
        0., 0., 0., 0., 0., 0., 0.])
tensor([0., 0., 0., 0., 0., 0., 0., 0., 0., 0., 0., 0., 1., 0., 0., 0., 0., 0.,
        0., 0., 0., 0., 0., 0., 0., 0., 0., 0., 0., 0., 0., 0., 0., 0., 0., 0.,
        0., 0., 0., 0., 0., 0., 0.])
tensor([0., 0., 0., 0., 0., 0., 0., 0., 0., 0., 0., 0., 1., 0., 0., 0., 0., 0.,
        0., 0., 0., 0., 0., 0., 0., 0., 0., 0., 0., 0., 0., 0., 0., 0., 0., 0.,
        0., 0., 0., 0., 0., 0., 0.])
tensor([0., 0., 0., 0., 0., 0., 0., 0., 0., 0., 0., 0., 1., 0., 0., 0., 0., 0.,
        0., 0., 0., 0., 0., 0., 0., 0., 0., 0., 0., 0., 0., 0., 0., 0., 0., 0.,
        0., 0., 0., 0., 0., 0., 0.])
tensor([0.0000, 0.0000, 0.0067, 0.0000, 0.0000, 0.0000, 0.0000, 0.0000, 0.0000,
        0.0000, 0.0000, 0.0000, 0.9768, 0.0000, 0.0000, 0.0000, 0.0000, 0.0000,
        0.0000, 0.0000, 0.0000, 0.0000, 0.0000, 0.0000, 0.0000, 0.0000, 0.0000,
        0.0000, 0.0000, 0.0000, 0.0000, 0.0000, 0.0000, 0.0000, 0.0000, 0.0000,
        0.0000, 0.0000, 0.0000, 0.0000, 0.0000, 0.0000, 0.0000])
tensor([0.0000, 0.0069, 0.8547, 0.0000, 0.0000, 0.0000, 0.0000, 0.0000, 0.0000,
        0.0000, 0.0000, 0.0000, 0.8942, 0.0000, 0.0000, 0.0000, 0.0000, 0.8944,
        0.0000, 0.0000, 0.0000, 0.0000, 0.0000, 0.0000, 0.0000, 0.0000, 0.0000,
        0.0000, 0.0000, 0.0000, 0.0000, 0.0000, 0.0000, 0.0000, 0.0000, 0.0000,
        0.0000, 0.0000, 0.0000, 0.0000, 0.0000, 0.0000, 0.0000])
tensor([0.0000, 0.0000, 0.9160, 0.0000, 0.0000, 0.0000, 0.0000, 0.0000, 0.0000,
        0.0000, 0.0000, 0.0000, 0.7797, 0.0000, 0.0000, 0.0000, 0.0000, 0.8944,
        0.0000, 0.0000, 0.0000, 0.0000, 0.0000, 0.0000, 0.0000, 0.0000, 0.0000,
        0.0000, 0.0000, 0.0000, 0.0000, 0.0000, 0.0000, 0.0000, 0.0000, 0.0000,
        0.0000, 0.0000, 0.2536, 0.0000, 0.0000, 0.0000, 0.0000])
tensor([0.0000, 0.0000, 0.5667, 0.0000, 0.0000, 0.0444, 0.0000, 0.0000, 0.0000,
        0.0021, 0.0697, 0.0000, 0.7304, 0.2014, 0.0000, 0.0000, 0.0000, 0.9139,
        0.0000, 0.0000, 0.0000, 0.0000, 0.0000, 0.0000, 0.0000, 0.0000, 0.0000,
        0.0000, 0.0000, 0.0000, 0.0000, 0.0000, 0.0000, 0.0000, 0.0000, 0.0000,
        0.0000, 0.0000, 0.3217, 0.0000, 0.0000, 0.0000, 0.0000])
tensor([0.0000, 0.0000, 0.6200, 0.0000, 0.0000, 0.0286, 0.0000, 0.0000, 0.0000,
        0.1063, 0.0000, 0.0000, 0.8014, 0.3222, 0.0741, 0.0000, 0.0000, 0.8944,
        0.0026, 0.0000, 0.0000, 0.0000, 0.0000, 0.0000, 0.0000, 0.0000, 0.0000,
        0.0000, 0.0000, 0.0000, 0.0000, 0.0000, 0.0000, 0.0000, 0.0000, 0.0000,
        0.0000, 0.0000, 0.2971, 0.0000, 0.0000, 0.0000, 0.0000])
tensor([0.0000, 0.0028, 0.4987, 0.0000, 0.0000, 0.0063, 0.0000, 0.0000, 0.0000,
        0.0000, 0.8576, 0.0024, 0.7145, 0.3750, 0.1037, 0.0000, 0.0000, 0.8639,
        0.0051, 0.0000, 0.0000, 0.0000, 0.0000, 0.0000, 0.0000, 0.0000, 0.0000,
        0.0000, 0.0000, 0.0000, 0.0000, 0.0000, 0.0000, 0.0000, 0.0000, 0.0564,
        0.0000, 0.0000, 0.4681, 0.0000, 0.0000, 0.0000, 0.0000])
tensor([0.0000, 0.1056, 0.7160, 0.0000, 0.0000, 0.0000, 0.0000, 0.0000, 0.0000,
        0.1813, 0.0000, 0.1667, 0.8551, 0.2819, 0.1926, 0.0238, 0.0000, 0.4417,
        0.0385, 0.0000, 0.0000, 0.0000, 0.0000, 0.0000, 0.0000, 0.0000, 0.0000,
        0.0000, 0.0000, 0.0000, 0.0000, 0.0000, 0.0000, 0.0000, 0.0000, 0.8487,
        0.0000, 0.0000, 0.1667, 0.0000, 0.0000, 0.0000, 0.0000])
tensor([0.0000, 0.0125, 0.6267, 0.0289, 0.0000, 0.0968, 0.0000, 0.0000, 0.0000,
        0.0104, 0.7045, 0.0929, 0.7913, 0.6764, 0.2963, 0.1333, 0.0000, 0.8167,
        0.1821, 0.0000, 0.0000, 0.0000, 0.0000, 0.0000, 0.0000, 0.0000, 0.0000,
        0.0000, 0.0000, 0.0000, 0.0000, 0.0000, 0.0000, 0.0000, 0.0000, 0.9462,
        0.0000, 0.0000, 0.1116, 0.0000, 0.0000, 0.0000, 0.0000])
tensor([0.0000, 0.3153, 0.4400, 0.0000, 0.0000, 0.0286, 0.0000, 0.0000, 0.0000,
        0.2458, 0.6273, 0.1810, 0.8188, 0.7889, 0.1852, 0.0048, 0.0000, 0.7806,
        0.1564, 0.0000, 0.0000, 0.0000, 0.0000, 0.0000, 0.0000, 0.0312, 0.0000,
        0.0000, 0.0000, 0.0000, 0.0000, 0.0000, 0.0000, 0.0000, 0.0000, 0.7897,
        0.0000, 0.0000, 0.2522, 0.0000, 0.0000, 0.0000, 0.0000])
tensor([0.0000, 0.1514, 0.5187, 0.0044, 0.0000, 0.0873, 0.0000, 0.0000, 0.0000,
        0.2021, 0.6258, 0.1619, 0.7797, 0.8514, 0.4667, 0.1333, 0.0000, 0.7667,
        0.2179, 0.0000, 0.0000, 0.0000, 0.0000, 0.0000, 0.0000, 0.1604, 0.0000,
        0.0000, 0.0000, 0.0000, 0.0000, 0.0000, 0.0000, 0.0000, 0.0000, 0.0590,
        0.0000, 0.0000, 0.8072, 0.0000, 0.0000, 0.0000, 0.0000])
tensor([0.0000, 0.4944, 0.3507, 0.0000, 0.0000, 0.0016, 0.0000, 0.0000, 0.0000,
        0.4354, 0.4136, 0.2262, 0.7377, 0.8639, 0.6148, 0.3619, 0.0000, 0.7722,
        0.3487, 0.0000, 0.0000, 0.0000, 0.0000, 0.0000, 0.0000, 0.2375, 0.0000,
        0.0000, 0.0000, 0.0000, 0.0000, 0.0000, 0.0000, 0.0000, 0.0000, 0.2487,
        0.0000, 0.0000, 0.6565, 0.0000, 0.0000, 0.0000, 0.0000])
tensor([0.0000, 0.2667, 0.5307, 0.0000, 0.0000, 0.0841, 0.0000, 0.0000, 0.0000,
        0.2292, 0.5879, 0.3167, 0.8232, 0.8708, 0.7630, 0.2048, 0.0000, 0.8250,
        0.2897, 0.0000, 0.0000, 0.0000, 0.0000, 0.0000, 0.0000, 0.4208, 0.0000,
        0.0000, 0.0000, 0.0000, 0.0000, 0.0000, 0.0000, 0.0000, 0.0000, 0.2128,
        0.0000, 0.0000, 0.8000, 0.0000, 0.0000, 0.0000, 0.0000])
tensor([0.0000, 0.4292, 0.3840, 0.0000, 0.0000, 0.0111, 0.0000, 0.0000, 0.0000,
        0.4750, 0.6515, 0.4119, 0.8058, 0.8653, 0.6630, 0.5238, 0.0000, 0.7417,
        0.4256, 0.0000, 0.0000, 0.0000, 0.0083, 0.0000, 0.0000, 0.3146, 0.0000,
        0.0000, 0.0000, 0.0000, 0.0000, 0.0000, 0.0000, 0.0000, 0.0000, 0.2026,
        0.0000, 0.0000, 0.8507, 0.0000, 0.0000, 0.0333, 0.0000])
tensor([0.0000, 0.7389, 0.1227, 0.0000, 0.0000, 0.0397, 0.0000, 0.0000, 0.0000,
        0.6396, 0.7864, 0.4500, 0.7913, 0.8833, 0.2370, 0.2762, 0.0000, 0.7333,
        0.4359, 0.0000, 0.0000, 0.0000, 0.0167, 0.0000, 0.0000, 0.5146, 0.0944,
        0.0000, 0.0000, 0.0000, 0.0000, 0.0000, 0.0000, 0.0000, 0.0000, 0.1923,
        0.0000, 0.0000, 0.8449, 0.0000, 0.0000, 0.4167, 0.0000])
tensor([0.0000, 0.3986, 0.3533, 0.0000, 0.0045, 0.1000, 0.0000, 0.0000, 0.0000,
        0.5437, 0.7697, 0.4786, 0.7812, 0.9208, 0.4074, 0.5571, 0.0467, 0.8583,
        0.2769, 0.0000, 0.0000, 0.0000, 0.1833, 0.0000, 0.0000, 0.6583, 0.0500,
        0.0000, 0.0000, 0.0000, 0.0000, 0.0000, 0.0000, 0.0000, 0.0000, 0.1590,
        0.0000, 0.0000, 0.7855, 0.0000, 0.0000, 0.4500, 0.0000])
tensor([0.0000, 0.3167, 0.5480, 0.0000, 0.0091, 0.0698, 0.0133, 0.0000, 0.0000,
        0.6167, 0.6773, 0.5190, 0.7870, 0.9333, 0.6222, 0.8286, 0.3200, 0.7972,
        0.2769, 0.0000, 0.0000, 0.0000, 0.4917, 0.0000, 0.0000, 0.6375, 0.1000,
        0.0000, 0.0000, 0.0000, 0.0000, 0.0000, 0.0000, 0.0000, 0.0000, 0.1846,
        0.0000, 0.0000, 0.7261, 0.0000, 0.0000, 0.4000, 0.0000])
tensor([0.0000, 0.5056, 0.1747, 0.0022, 0.4136, 0.1175, 0.0000, 0.0000, 0.0000,
        0.5708, 0.7788, 0.5548, 0.8058, 0.9139, 0.6370, 0.7810, 0.3400, 0.8500,
        0.3872, 0.0000, 0.0000, 0.0000, 0.5417, 0.0000, 0.0000, 0.7167, 0.0111,
        0.0000, 0.0000, 0.0000, 0.0000, 0.0000, 0.0000, 0.0000, 0.0000, 0.2385,
        0.0000, 0.0000, 0.7681, 0.0778, 0.0000, 0.3667, 0.0000])
tensor([0.0000, 0.4500, 0.3467, 0.0089, 0.4379, 0.0397, 0.0000, 0.0022, 0.0000,
        0.7604, 0.8015, 0.6333, 0.8000, 0.9153, 0.7593, 0.8048, 0.3600, 0.7750,
        0.6333, 0.0000, 0.0000, 0.0000, 0.4833, 0.0000, 0.0000, 0.3646, 0.0167,
        0.0000, 0.0133, 0.0000, 0.0000, 0.0000, 0.0000, 0.0000, 0.0000, 0.2897,
        0.0000, 0.0000, 0.7609, 0.1556, 0.0000, 0.5667, 0.0000])
tensor([0.0000, 0.5569, 0.4187, 0.0622, 0.0439, 0.0190, 0.0000, 0.0000, 0.0000,
        0.8271, 0.7091, 0.5857, 0.8043, 0.9208, 0.5556, 0.8905, 0.4067, 0.8500,
        0.5154, 0.0000, 0.0000, 0.0000, 0.5333, 0.0333, 0.0000, 0.5604, 0.1944,
        0.0000, 0.1267, 0.0222, 0.0000, 0.0593, 0.0000, 0.0000, 0.0000, 0.2205,
        0.0000, 0.0000, 0.8087, 0.3556, 0.0000, 0.5500, 0.0000])
tensor([0.0000, 0.2139, 0.6320, 0.1556, 0.2955, 0.1349, 0.0000, 0.0867, 0.0000,
        0.7417, 0.7742, 0.6405, 0.7884, 0.9417, 0.6185, 0.8857, 0.3933, 0.8917,
        0.3462, 0.0000, 0.0000, 0.0000, 0.6583, 0.0400, 0.0000, 0.7083, 0.1278,
        0.0000, 0.1733, 0.1556, 0.0000, 0.1037, 0.0500, 0.0905, 0.0000, 0.2821,
        0.0000, 0.0000, 0.7855, 0.4667, 0.0000, 0.5667, 0.0111])
tensor([0.0000, 0.2819, 0.5747, 0.2911, 0.4561, 0.1524, 0.0000, 0.0800, 0.0000,
        0.8042, 0.7848, 0.6595, 0.8159, 0.9319, 0.6926, 0.8952, 0.4067, 0.8917,
        0.4410, 0.0000, 0.0000, 0.0000, 0.6667, 0.0467, 0.0000, 0.7146, 0.2611,
        0.0000, 0.2600, 0.2222, 0.0000, 0.0926, 0.0000, 0.3190, 0.0000, 0.3308,
        0.0000, 0.0000, 0.8130, 0.4444, 0.0000, 0.6500, 0.0444])
tensor([0.0000, 0.4792, 0.4027, 0.5400, 0.5500, 0.0603, 0.0200, 0.0889, 0.0289,
        0.8896, 0.7758, 0.6548, 0.7783, 0.9181, 0.7259, 0.9048, 0.4600, 0.8639,
        0.5974, 0.0000, 0.0000, 0.0000, 0.6667, 0.1200, 0.0000, 0.6021, 0.2222,
        0.0000, 0.3667, 0.1556, 0.0000, 0.1074, 0.0000, 0.5905, 0.0000, 0.2846,
        0.0000, 0.0000, 0.8812, 0.3444, 0.0000, 0.6000, 0.0444])
tensor([0.0000, 0.2472, 0.5480, 0.6200, 0.6500, 0.1587, 0.0400, 0.0867, 0.0111,
        0.8875, 0.7364, 0.6048, 0.7362, 0.9208, 0.7778, 0.9095, 0.4133, 0.8361,
        0.5897, 0.0000, 0.0000, 0.0000, 0.7833, 0.2333, 0.0000, 0.6646, 0.1611,
        0.0000, 0.4533, 0.2111, 0.0000, 0.1296, 0.0167, 0.7143, 0.0000, 0.3795,
        0.0000, 0.0000, 0.8667, 0.3333, 0.0000, 0.5333, 0.1000])
tensor([0.0000, 0.2139, 0.4613, 0.5244, 0.5167, 0.2762, 0.0533, 0.1689, 0.0689,
        0.8521, 0.7773, 0.6262, 0.7638, 0.9375, 0.8037, 0.9095, 0.4400, 0.9083,
        0.4974, 0.0000, 0.0000, 0.0000, 0.8333, 0.3333, 0.0000, 0.7708, 0.2944,
        0.0000, 0.3467, 0.2556, 0.0000, 0.2259, 0.0000, 0.8000, 0.0000, 0.4718,
        0.0000, 0.0000, 0.8522, 0.3667, 0.0000, 0.6000, 0.1556])
tensor([0.0167, 0.2972, 0.4867, 0.5000, 0.4500, 0.2635, 0.0600, 0.2267, 0.0644,
        0.8583, 0.7955, 0.6619, 0.8029, 0.9389, 0.7556, 0.9000, 0.4533, 0.9139,
        0.4692, 0.0000, 0.0000, 0.0444, 0.7667, 0.3267, 0.0000, 0.7333, 0.3833,
        0.0000, 0.3467, 0.2111, 0.0000, 0.2741, 0.3667, 0.9333, 0.0000, 0.6513,
        0.0000, 0.0000, 0.8478, 0.3667, 0.0111, 0.6167, 0.1333])
tensor([0.0000, 0.4111, 0.5853, 0.4956, 0.2803, 0.1968, 0.0667, 0.2333, 0.0489,
        0.8438, 0.7530, 0.5976, 0.7203, 0.9306, 0.7444, 0.9333, 0.4933, 0.9028,
        0.4846, 0.0000, 0.0000, 0.0667, 0.6667, 0.3800, 0.0000, 0.6917, 0.4500,
        0.0000, 0.4733, 0.2667, 0.0000, 0.2630, 0.4833, 0.9048, 0.0000, 0.6385,
        0.0000, 0.0000, 0.8261, 0.3667, 0.1333, 0.5667, 0.1111])
tensor([0.0000, 0.3153, 0.6493, 0.6111, 0.4576, 0.1905, 0.0800, 0.1422, 0.0378,
        0.8375, 0.7470, 0.5881, 0.6464, 0.9417, 0.8111, 0.9333, 0.4600, 0.9472,
        0.4487, 0.0000, 0.0000, 0.1333, 0.8500, 0.4733, 0.0000, 0.7354, 0.4722,
        0.0167, 0.5400, 0.2111, 0.0000, 0.3296, 0.4833, 0.9190, 0.0583, 0.7308,
        0.0083, 0.0000, 0.7594, 0.4778, 0.2778, 0.5333, 0.1000])
tensor([0.0000, 0.2833, 0.4867, 0.7333, 0.5000, 0.3984, 0.0267, 0.1622, 0.0467,
        0.8604, 0.8197, 0.6024, 0.7130, 0.9514, 0.8963, 0.9095, 0.3933, 0.9250,
        0.4769, 0.0000, 0.0000, 0.0444, 0.8500, 0.4533, 0.0000, 0.8271, 0.2944,
        0.0167, 0.3133, 0.1556, 0.0000, 0.3370, 0.4667, 0.8667, 0.1667, 0.6974,
        0.0000, 0.0000, 0.8319, 0.6222, 0.3111, 0.5500, 0.1111])
tensor([0.0000, 0.3000, 0.4667, 0.7133, 0.5470, 0.4349, 0.2067, 0.2733, 0.0733,
        0.9146, 0.8561, 0.6881, 0.7188, 0.9458, 0.7963, 0.8238, 0.4533, 0.8389,
        0.5615, 0.0000, 0.0000, 0.0111, 0.6667, 0.4000, 0.0000, 0.7729, 0.3333,
        0.0167, 0.3867, 0.0667, 0.0000, 0.2593, 0.4167, 0.9143, 0.0000, 0.5564,
        0.0000, 0.0000, 0.9014, 0.2889, 0.2889, 0.5500, 0.2333])
tensor([0.0000, 0.3764, 0.6387, 0.5444, 0.7030, 0.2984, 0.0467, 0.2111, 0.0378,
        0.8958, 0.8530, 0.5857, 0.6014, 0.9486, 0.8407, 0.8333, 0.4733, 0.7667,
        0.5615, 0.0000, 0.0000, 0.0333, 0.6167, 0.4400, 0.0000, 0.8292, 0.3000,
        0.0833, 0.4467, 0.1222, 0.0000, 0.2519, 0.4833, 0.8429, 0.0083, 0.4615,
        0.0000, 0.0000, 0.8536, 0.5778, 0.3111, 0.5500, 0.2222])
tensor([0.0000, 0.6958, 0.1000, 0.3778, 0.7606, 0.3095, 0.1467, 0.1444, 0.2178,
        0.7979, 0.8076, 0.6143, 0.6290, 0.9486, 0.7889, 0.9333, 0.4800, 0.9472,
        0.5231, 0.0000, 0.0000, 0.1222, 0.8917, 0.2867, 0.0000, 0.8396, 0.3833,
        0.0000, 0.3800, 0.3667, 0.0000, 0.4667, 0.4833, 0.7857, 0.7167, 0.7154,
        0.2500, 0.0000, 0.7580, 0.6667, 0.1333, 0.5333, 0.2111])
tensor([0.0000, 0.6042, 0.2160, 0.5644, 0.6242, 0.2603, 0.0667, 0.3422, 0.5022,
        0.8125, 0.7955, 0.6976, 0.7203, 0.9264, 0.7630, 0.9381, 0.6467, 0.8972,
        0.6231, 0.0000, 0.0111, 0.1111, 0.8917, 0.3200, 0.0111, 0.7437, 0.3722,
        0.0167, 0.5333, 0.5889, 0.1333, 0.4556, 0.5000, 0.7381, 0.6750, 0.6795,
        0.0833, 0.0333, 0.8449, 0.6667, 0.1333, 0.6000, 0.1667])
tensor([0.0000, 0.3875, 0.4467, 0.6356, 0.7667, 0.1905, 0.0867, 0.1222, 0.0622,
        0.9208, 0.8030, 0.6929, 0.6797, 0.9208, 0.8111, 0.9429, 0.6867, 0.9333,
        0.6974, 0.0000, 0.0000, 0.1111, 0.9417, 0.4800, 0.1444, 0.7563, 0.2722,
        0.1833, 0.7333, 0.2889, 0.1333, 0.4111, 0.4167, 0.9238, 0.6583, 0.6077,
        0.3333, 0.0833, 0.9319, 0.4333, 0.3000, 0.6333, 0.1889])
tensor([0.0000, 0.6972, 0.1840, 0.8444, 0.7424, 0.3952, 0.0400, 0.1000, 0.5467,
        0.9104, 0.8015, 0.6500, 0.6913, 0.9347, 0.7556, 0.9571, 0.6667, 0.9250,
        0.6282, 0.0000, 0.0000, 0.0111, 0.9333, 0.4667, 0.0222, 0.8229, 0.2944,
        0.1500, 0.6533, 0.3444, 0.2067, 0.4704, 0.5000, 0.9571, 0.6750, 0.7795,
        0.3750, 0.4167, 0.9058, 0.6556, 0.3111, 0.5833, 0.1667])
tensor([0.0000, 0.5653, 0.4920, 0.8178, 0.7333, 0.5238, 0.2533, 0.2667, 0.2689,
        0.9167, 0.8061, 0.6810, 0.5971, 0.9458, 0.8593, 0.9524, 0.6933, 0.9083,
        0.6256, 0.0000, 0.0000, 0.2111, 0.9583, 0.4867, 0.3000, 0.8313, 0.4000,
        0.1000, 0.7267, 0.3556, 0.1800, 0.5630, 0.4833, 0.8524, 0.8250, 0.7923,
        0.5833, 0.0667, 0.8855, 0.6889, 0.2556, 0.5667, 0.4111])
tensor([0.0000, 0.4819, 0.6613, 0.8667, 0.7606, 0.2937, 0.3533, 0.2556, 0.3467,
        0.9708, 0.8348, 0.7476, 0.7493, 0.9542, 0.8222, 0.9524, 0.6733, 0.9222,
        0.6410, 0.0000, 0.0222, 0.1000, 0.9250, 0.5533, 0.1222, 0.8083, 0.4222,
        0.2000, 0.6333, 0.3222, 0.3200, 0.5815, 0.5000, 0.9524, 0.9083, 0.7564,
        0.6167, 0.3833, 0.8826, 0.4444, 0.4889, 0.5833, 0.4444])
tensor([0.0000, 0.7569, 0.5560, 0.8756, 0.6364, 0.2540, 0.3400, 0.3533, 0.4756,
        0.9458, 0.8197, 0.7405, 0.6928, 0.9417, 0.8556, 0.9619, 0.7533, 0.9222,
        0.5949, 0.0000, 0.0000, 0.2556, 0.9417, 0.5533, 0.2889, 0.7417, 0.5444,
        0.1500, 0.7600, 0.4111, 0.1933, 0.5778, 0.5000, 0.8857, 0.9500, 0.8231,
        0.7250, 0.6000, 0.8826, 0.7111, 0.2778, 0.6167, 0.5444])
tensor([0.0000, 0.6625, 0.6867, 0.9089, 0.6924, 0.2333, 0.4400, 0.2422, 0.5756,
        0.9646, 0.8152, 0.6762, 0.7246, 0.9375, 0.8481, 0.9571, 0.7400, 0.9278,
        0.6128, 0.0000, 0.0000, 0.1667, 0.9583, 0.6133, 0.2778, 0.7896, 0.4444,
        0.2167, 0.7267, 0.5000, 0.3600, 0.5741, 0.5000, 0.9476, 0.9750, 0.8077,
        0.9167, 0.4500, 0.8377, 0.5222, 0.3444, 0.5833, 0.5667])
tensor([0.0000, 0.6389, 0.6840, 0.9156, 0.6606, 0.2952, 0.4600, 0.3400, 0.5400,
        0.9563, 0.8288, 0.7548, 0.7203, 0.9528, 0.8630, 0.9524, 0.7467, 0.9306,
        0.5692, 0.0000, 0.0111, 0.2000, 0.9417, 0.6600, 0.3000, 0.7750, 0.5833,
        0.1500, 0.7200, 0.5111, 0.3000, 0.6667, 0.5000, 0.8762, 0.9417, 0.8718,
        0.7500, 0.7000, 0.8594, 0.7111, 0.2222, 0.6333, 0.5333])
tensor([0.0000, 0.4875, 0.7040, 0.9378, 0.6000, 0.3063, 0.4467, 0.4111, 0.4911,
        0.9625, 0.8303, 0.7143, 0.7043, 0.9500, 0.8889, 0.9524, 0.7600, 0.9222,
        0.6026, 0.0000, 0.0000, 0.1889, 0.9333, 0.6667, 0.3444, 0.7917, 0.4944,
        0.2167, 0.7800, 0.4778, 0.3067, 0.6481, 0.5167, 0.9524, 0.9417, 0.8846,
        0.7833, 0.5333, 0.8652, 0.5000, 0.2333, 0.6000, 0.6111])
tensor([0.0000, 0.4111, 0.7547, 0.9489, 0.6197, 0.3032, 0.4800, 0.3200, 0.5222,
        0.9604, 0.8288, 0.7452, 0.7116, 0.9500, 0.8704, 0.9476, 0.7333, 0.9278,
        0.5538, 0.0000, 0.0000, 0.1778, 0.9417, 0.7000, 0.2556, 0.7812, 0.5611,
        0.1500, 0.7467, 0.4889, 0.3467, 0.7074, 0.5000, 0.9524, 0.9417, 0.8821,
        0.8083, 0.5167, 0.8681, 0.6111, 0.2111, 0.5833, 0.6111])
tensor([0.0000, 0.4500, 0.7000, 0.9644, 0.4242, 0.3698, 0.4133, 0.3667, 0.5111,
        0.9542, 0.8212, 0.7214, 0.6507, 0.9542, 0.8963, 0.9524, 0.6933, 0.9222,
        0.5692, 0.0000, 0.0111, 0.2333, 0.9417, 0.6800, 0.3444, 0.8250, 0.5222,
        0.2333, 0.7467, 0.5222, 0.3667, 0.7296, 0.5167, 0.9571, 0.9417, 0.8795,
        0.8167, 0.5167, 0.8435, 0.5333, 0.2111, 0.5833, 0.5889])
tensor([0.0000, 0.5167, 0.7307, 0.9311, 0.5470, 0.3778, 0.4333, 0.3400, 0.4911,
        0.9708, 0.8409, 0.7238, 0.6377, 0.9653, 0.8778, 0.9524, 0.7067, 0.9417,
        0.5410, 0.0000, 0.0222, 0.1778, 0.9500, 0.6867, 0.3444, 0.8375, 0.5722,
        0.1500, 0.7267, 0.5222, 0.3800, 0.7481, 0.5167, 0.9476, 0.9417, 0.8769,
        0.8083, 0.4167, 0.8551, 0.5111, 0.2667, 0.5667, 0.5111])
tensor([0.0000, 0.6931, 0.7840, 0.9467, 0.6803, 0.2619, 0.5667, 0.5978, 0.3311,
        0.9708, 0.8606, 0.7405, 0.7188, 0.9625, 0.9407, 0.9190, 0.7400, 0.9389,
        0.6077, 0.0333, 0.0111, 0.3222, 0.9250, 0.7467, 0.3000, 0.8104, 0.5056,
        0.2167, 0.7200, 0.5556, 0.3667, 0.7185, 0.5167, 0.9190, 0.9583, 0.8564,
        0.8250, 0.5500, 0.8710, 0.6444, 0.3111, 0.6167, 0.6000])
tensor([0.0000, 0.8250, 0.7733, 0.8644, 0.7833, 0.1937, 0.5600, 0.4422, 0.6311,
        0.9771, 0.8864, 0.8238, 0.7638, 0.9639, 0.9185, 0.9286, 0.8333, 0.9278,
        0.6205, 0.1000, 0.0000, 0.2889, 0.9417, 0.6800, 0.2111, 0.7771, 0.5889,
        0.1500, 0.7533, 0.5222, 0.3867, 0.7222, 0.5167, 0.8619, 0.9583, 0.8923,
        0.9083, 0.6500, 0.8797, 0.7222, 0.5333, 0.7000, 0.6667])
tensor([0.0000, 0.7944, 0.6720, 0.8978, 0.8076, 0.2190, 0.5667, 0.5422, 0.7200,
        0.9750, 0.8758, 0.7738, 0.7870, 0.9556, 0.9148, 0.9619, 0.8400, 0.9139,
        0.6974, 0.0667, 0.0333, 0.3778, 0.9417, 0.5933, 0.1556, 0.8083, 0.5222,
        0.2500, 0.7333, 0.5889, 0.4333, 0.6667, 0.6333, 0.8905, 0.9833, 0.8590,
        0.9250, 0.8000, 0.8913, 0.7000, 0.4444, 0.7500, 0.6333])
tensor([0.0000, 0.7444, 0.6147, 0.8733, 0.8258, 0.5667, 0.5467, 0.4044, 0.7422,
        0.9708, 0.8606, 0.7667, 0.7435, 0.9639, 0.9259, 0.9524, 0.8333, 0.9194,
        0.7077, 0.0667, 0.0444, 0.2222, 0.9583, 0.6400, 0.3889, 0.8521, 0.5111,
        0.2333, 0.7533, 0.5778, 0.4467, 0.7815, 0.6000, 0.8762, 0.9417, 0.9103,
        0.9417, 0.5667, 0.8739, 0.7111, 0.4111, 0.6833, 0.6778])
tensor([0.0000, 0.7444, 0.6040, 0.9133, 0.7909, 0.6349, 0.5333, 0.5622, 0.7156,
        0.9646, 0.8621, 0.7190, 0.6841, 0.9653, 0.9000, 0.9619, 0.7800, 0.9139,
        0.7410, 0.0500, 0.1444, 0.2778, 0.9583, 0.6667, 0.4222, 0.8813, 0.3722,
        0.2667, 0.7333, 0.6444, 0.4067, 0.7815, 0.5167, 0.9333, 0.8917, 0.9256,
        0.8833, 0.4833, 0.9014, 0.5889, 0.4333, 0.6167, 0.6000])
tensor([0.0000, 0.8014, 0.6520, 0.9267, 0.7606, 0.5857, 0.6200, 0.5178, 0.7711,
        0.9688, 0.8818, 0.7643, 0.6652, 0.9667, 0.8963, 0.9619, 0.8000, 0.9250,
        0.6923, 0.0833, 0.0778, 0.2667, 0.9500, 0.6333, 0.3444, 0.8771, 0.5111,
        0.2333, 0.7533, 0.6111, 0.4933, 0.7704, 0.6167, 0.9095, 0.9583, 0.9128,
        0.8667, 0.6333, 0.8913, 0.6778, 0.5000, 0.6500, 0.6000])
tensor([0.0000, 0.8139, 0.8080, 0.9111, 0.7727, 0.3365, 0.6800, 0.5222, 0.7933,
        0.9812, 0.8909, 0.8143, 0.7536, 0.9639, 0.9333, 0.9524, 0.8800, 0.9306,
        0.6744, 0.1333, 0.1000, 0.3333, 0.9583, 0.6933, 0.2444, 0.8438, 0.5278,
        0.2500, 0.7467, 0.6222, 0.4733, 0.8037, 0.6167, 0.8905, 0.9583, 0.9077,
        0.9333, 0.5167, 0.8797, 0.7333, 0.5222, 0.7000, 0.6889])
tensor([0.0000, 0.8097, 0.8520, 0.9044, 0.8106, 0.2492, 0.7200, 0.6644, 0.7133,
        0.9750, 0.8864, 0.8238, 0.7841, 0.9583, 0.9407, 0.9524, 0.9133, 0.9139,
        0.5487, 0.1667, 0.0333, 0.5222, 0.9500, 0.6667, 0.1556, 0.7792, 0.6944,
        0.2500, 0.7667, 0.6222, 0.5067, 0.7222, 0.6833, 0.9333, 0.9500, 0.9051,
        0.9083, 0.9000, 0.8536, 0.7222, 0.4444, 0.7500, 0.7000])
tensor([0.0000, 0.7694, 0.8387, 0.9156, 0.7848, 0.3857, 0.6600, 0.6667, 0.7689,
        0.9771, 0.8909, 0.7905, 0.7667, 0.9625, 0.9185, 0.9571, 0.8867, 0.9083,
        0.6846, 0.2500, 0.1111, 0.3444, 0.9417, 0.6733, 0.3111, 0.8583, 0.5167,
        0.2167, 0.7733, 0.6222, 0.4933, 0.8148, 0.5500, 0.9000, 0.9250, 0.9231,
        0.8917, 0.7667, 0.8971, 0.7333, 0.4000, 0.7167, 0.6333])
tensor([0.0000, 0.8514, 0.6800, 0.9200, 0.8000, 0.6714, 0.6333, 0.6622, 0.7133,
        0.9792, 0.8833, 0.7952, 0.7116, 0.9653, 0.9222, 0.9619, 0.8000, 0.9083,
        0.6821, 0.1333, 0.1444, 0.4000, 0.9500, 0.7000, 0.3444, 0.9000, 0.5167,
        0.2333, 0.7600, 0.6444, 0.3933, 0.8074, 0.5500, 0.9000, 0.9083, 0.9154,
        0.9583, 0.6500, 0.8899, 0.7222, 0.5889, 0.6167, 0.6000])
tensor([0.0000, 0.8333, 0.7427, 0.9333, 0.7955, 0.5698, 0.6600, 0.6844, 0.7889,
        0.9833, 0.8939, 0.7905, 0.6986, 0.9681, 0.9444, 0.9619, 0.8467, 0.9111,
        0.7103, 0.1333, 0.1333, 0.3778, 0.9500, 0.6867, 0.3778, 0.8938, 0.4611,
        0.2333, 0.7200, 0.6889, 0.5000, 0.8074, 0.6167, 0.9238, 0.9250, 0.9128,
        0.9333, 0.5333, 0.8942, 0.6667, 0.7111, 0.6333, 0.6778])
tensor([0.0000, 0.8486, 0.8293, 0.8689, 0.8030, 0.4810, 0.7533, 0.7022, 0.7956,
        0.9812, 0.9061, 0.8452, 0.7899, 0.9639, 0.9519, 0.9381, 0.9200, 0.9250,
        0.5923, 0.2500, 0.2000, 0.5111, 0.9417, 0.6600, 0.1889, 0.8604, 0.6833,
        0.2000, 0.7400, 0.7333, 0.4200, 0.8296, 0.7000, 0.8571, 0.9750, 0.8974,
        0.9417, 0.6167, 0.8797, 0.9222, 0.5111, 0.7167, 0.7333])
tensor([0.0000, 0.8264, 0.8520, 0.9244, 0.8167, 0.3984, 0.6867, 0.7689, 0.7756,
        0.9854, 0.8970, 0.8262, 0.8130, 0.9625, 0.9370, 0.9571, 0.9333, 0.9056,
        0.6564, 0.4333, 0.1222, 0.4667, 0.9417, 0.6333, 0.3000, 0.8562, 0.6167,
        0.2333, 0.7800, 0.6667, 0.4667, 0.8296, 0.7500, 0.9524, 0.9250, 0.9385,
        0.8917, 0.8500, 0.8913, 0.8667, 0.5889, 0.7500, 0.6667])
tensor([0.0000, 0.8736, 0.7827, 0.9267, 0.8288, 0.6794, 0.6467, 0.6956, 0.7400,
        0.9833, 0.9015, 0.7786, 0.7536, 0.9653, 0.9407, 0.9667, 0.8533, 0.9111,
        0.7103, 0.1833, 0.2222, 0.3889, 0.9667, 0.6800, 0.4111, 0.9042, 0.4722,
        0.2667, 0.7467, 0.6778, 0.4467, 0.8333, 0.6167, 0.9619, 0.8750, 0.9026,
        0.9667, 0.7000, 0.9145, 0.7667, 0.4667, 0.7167, 0.6556])
tensor([0.0000, 0.8417, 0.7107, 0.9333, 0.7909, 0.6810, 0.7000, 0.6889, 0.8289,
        0.9854, 0.9030, 0.8119, 0.7580, 0.9653, 0.9407, 0.9619, 0.9133, 0.9139,
        0.6821, 0.2000, 0.2333, 0.3778, 0.9500, 0.6400, 0.3556, 0.9000, 0.5833,
        0.2000, 0.7400, 0.7222, 0.5267, 0.8481, 0.6000, 0.8952, 0.9583, 0.9410,
        0.9667, 0.4167, 0.8899, 0.7778, 0.8667, 0.7167, 0.7222])
tensor([0.0000, 0.8583, 0.9040, 0.9267, 0.8242, 0.4778, 0.7000, 0.7133, 0.8067,
        0.9875, 0.9030, 0.8095, 0.8014, 0.9625, 0.9593, 0.9524, 0.9467, 0.9194,
        0.6718, 0.4833, 0.2000, 0.5000, 0.9500, 0.6400, 0.3000, 0.8854, 0.6333,
        0.2500, 0.7867, 0.7000, 0.4533, 0.8370, 0.7000, 0.9286, 0.9583, 0.9487,
        0.9583, 0.7500, 0.9058, 0.9111, 0.5222, 0.7333, 0.7778])
tensor([0.0000, 0.8458, 0.8373, 0.9267, 0.8364, 0.6365, 0.6467, 0.8289, 0.7533,
        0.9854, 0.9045, 0.8143, 0.7884, 0.9653, 0.9593, 0.9619, 0.8933, 0.9000,
        0.6872, 0.4667, 0.2444, 0.3778, 0.9583, 0.6333, 0.3889, 0.8979, 0.5944,
        0.2500, 0.7333, 0.6222, 0.5333, 0.8815, 0.5667, 0.9476, 0.9167, 0.9410,
        0.9667, 0.6500, 0.9000, 0.9000, 0.9222, 0.7333, 0.7333])
tensor([0.0000, 0.8778, 0.8240, 0.9244, 0.8197, 0.6905, 0.6933, 0.7289, 0.8067,
        0.9896, 0.9061, 0.8286, 0.7928, 0.9625, 0.9593, 0.9667, 0.9267, 0.9194,
        0.7000, 0.4333, 0.2222, 0.5444, 0.9667, 0.6667, 0.2778, 0.9042, 0.5944,
        0.2667, 0.7800, 0.7000, 0.4733, 0.8333, 0.6000, 0.9429, 0.9333, 0.9462,
        0.9667, 0.7167, 0.9174, 0.9333, 0.5333, 0.7333, 0.7778])
tensor([0.0000, 0.8486, 0.8600, 0.9333, 0.8197, 0.6302, 0.6867, 0.7933, 0.8156,
        0.9896, 0.9076, 0.8143, 0.8261, 0.9639, 0.9593, 0.9619, 0.9467, 0.9056,
        0.6795, 0.3833, 0.2889, 0.3778, 0.9667, 0.6267, 0.4222, 0.9062, 0.6333,
        0.2500, 0.7800, 0.6333, 0.5333, 0.8889, 0.6500, 0.9429, 0.9583, 0.9436,
        0.9667, 0.6167, 0.8957, 0.9222, 0.9111, 0.7167, 0.7333])
tensor([0.0000, 0.8750, 0.8840, 0.9156, 0.8242, 0.6857, 0.6800, 0.8133, 0.7822,
        0.9896, 0.9136, 0.8476, 0.8029, 0.9681, 0.9778, 0.9571, 0.9067, 0.9083,
        0.6949, 0.4667, 0.4111, 0.5111, 0.9667, 0.6800, 0.3222, 0.9000, 0.6056,
        0.2500, 0.7733, 0.6111, 0.4000, 0.8444, 0.5667, 0.9476, 0.9167, 0.9385,
        0.9667, 0.7833, 0.9145, 0.8889, 0.7111, 0.6333, 0.7222])
tensor([0.0000, 0.8764, 0.8773, 0.9067, 0.8167, 0.6667, 0.6933, 0.8244, 0.8111,
        0.9896, 0.9121, 0.8690, 0.8203, 0.9667, 0.9667, 0.9476, 0.9400, 0.9194,
        0.6769, 0.4333, 0.3556, 0.4444, 0.9583, 0.6600, 0.3333, 0.8938, 0.6722,
        0.2000, 0.7400, 0.7111, 0.4867, 0.8963, 0.5833, 0.9381, 0.9500, 0.9333,
        0.9667, 0.6167, 0.9058, 0.9333, 0.8778, 0.6833, 0.7556])
tensor([0.0000, 0.8861, 0.9067, 0.9244, 0.8212, 0.6698, 0.6467, 0.8022, 0.8289,
        0.9896, 0.9152, 0.8333, 0.8391, 0.9667, 0.9778, 0.9667, 0.9200, 0.9278,
        0.6744, 0.3667, 0.3333, 0.5222, 0.9667, 0.6667, 0.4444, 0.9042, 0.6611,
        0.2500, 0.7667, 0.7000, 0.5000, 0.8852, 0.6333, 0.9381, 0.9417, 0.9333,
        0.9667, 0.7000, 0.9116, 0.9444, 0.7222, 0.6667, 0.8222])
tensor([0.0000, 0.8792, 0.8707, 0.9356, 0.8212, 0.7222, 0.7000, 0.8467, 0.7800,
        0.9896, 0.9061, 0.8571, 0.8116, 0.9681, 0.9704, 0.9619, 0.9200, 0.9167,
        0.7026, 0.4833, 0.4222, 0.4000, 0.9583, 0.6867, 0.3444, 0.9083, 0.5778,
        0.2667, 0.7667, 0.6222, 0.4333, 0.8926, 0.5667, 0.9476, 0.9000, 0.9385,
        0.9583, 0.6333, 0.9203, 0.9000, 0.8778, 0.6500, 0.7778])
tensor([0.0000, 0.8861, 0.9200, 0.9333, 0.8348, 0.6714, 0.6933, 0.7867, 0.8667,
        0.9917, 0.9182, 0.8595, 0.8275, 0.9653, 0.9741, 0.9667, 0.9600, 0.9139,
        0.6718, 0.5500, 0.4111, 0.5778, 0.9583, 0.6600, 0.4444, 0.9000, 0.6889,
        0.2500, 0.7667, 0.6444, 0.4867, 0.8926, 0.5833, 0.9476, 0.9583, 0.9410,
        0.9667, 0.6500, 0.9159, 0.9444, 0.8333, 0.6667, 0.8222])
tensor([0.0000, 0.8764, 0.8827, 0.9378, 0.8394, 0.7048, 0.6933, 0.8222, 0.8600,
        0.9917, 0.9212, 0.8405, 0.8478, 0.9625, 0.9778, 0.9619, 0.9533, 0.9139,
        0.7051, 0.6333, 0.4444, 0.4111, 0.9583, 0.6533, 0.3667, 0.9042, 0.6667,
        0.2667, 0.7867, 0.6333, 0.4533, 0.9000, 0.6333, 0.9476, 0.9583, 0.9385,
        0.9667, 0.6667, 0.9188, 0.9444, 0.8556, 0.6833, 0.8222])
tensor([0.0000, 0.8917, 0.8787, 0.9422, 0.8591, 0.7238, 0.6867, 0.8044, 0.8400,
        0.9896, 0.9167, 0.8524, 0.8232, 0.9639, 0.9778, 0.9619, 0.9533, 0.9278,
        0.7205, 0.6500, 0.3778, 0.5333, 0.9583, 0.6600, 0.3667, 0.9021, 0.6111,
        0.2833, 0.7933, 0.6444, 0.4667, 0.8926, 0.5500, 0.9524, 0.9333, 0.9667,
        0.9667, 0.6833, 0.9261, 0.8667, 0.8333, 0.7333, 0.8111])
tensor([0.0000, 0.8750, 0.8840, 0.9489, 0.8500, 0.7302, 0.7067, 0.7844, 0.8978,
        0.9917, 0.9152, 0.8429, 0.8638, 0.9639, 0.9667, 0.9667, 0.9667, 0.9056,
        0.6949, 0.6167, 0.5444, 0.4556, 0.9500, 0.6600, 0.4111, 0.9021, 0.7056,
        0.2167, 0.8067, 0.6778, 0.4933, 0.8852, 0.6167, 0.9476, 0.9667, 0.9590,
        0.9667, 0.7000, 0.9188, 0.9333, 0.8778, 0.7167, 0.8222])
tensor([0.0000, 0.8903, 0.9080, 0.9467, 0.8667, 0.7349, 0.6933, 0.8289, 0.8400,
        0.9917, 0.9227, 0.8595, 0.8391, 0.9653, 0.9667, 0.9667, 0.9600, 0.9111,
        0.7103, 0.7667, 0.5333, 0.4667, 0.9583, 0.6933, 0.2889, 0.9062, 0.6389,
        0.3167, 0.8067, 0.6333, 0.4600, 0.8889, 0.6333, 0.9476, 0.9667, 0.9615,
        0.9583, 0.7333, 0.9275, 0.8556, 0.8333, 0.7333, 0.8333])
tensor([0.0167, 0.8861, 0.9000, 0.9422, 0.8636, 0.7381, 0.7067, 0.8000, 0.8956,
        0.9917, 0.9197, 0.8500, 0.8725, 0.9639, 0.9778, 0.9524, 0.9600, 0.9250,
        0.6974, 0.7000, 0.5889, 0.5778, 0.9583, 0.6600, 0.4111, 0.9125, 0.7222,
        0.2500, 0.8067, 0.6778, 0.4733, 0.9111, 0.5500, 0.9476, 0.9500, 0.9641,
        0.9583, 0.7167, 0.9188, 0.9222, 0.8778, 0.7167, 0.8111])
tensor([0.0000, 0.9014, 0.9267, 0.9578, 0.8636, 0.7175, 0.6933, 0.8444, 0.8667,
        0.9937, 0.9227, 0.8548, 0.8580, 0.9667, 0.9815, 0.9667, 0.9533, 0.9028,
        0.7077, 0.7000, 0.4222, 0.4667, 0.9583, 0.7133, 0.4556, 0.9062, 0.6389,
        0.2833, 0.8200, 0.6556, 0.5133, 0.8815, 0.5500, 0.9476, 0.9667, 0.9538,
        0.9667, 0.7500, 0.9290, 0.8556, 0.8556, 0.7000, 0.8556])
tensor([0.0167, 0.8847, 0.9373, 0.9444, 0.8470, 0.7683, 0.7133, 0.8222, 0.9156,
        0.9937, 0.9197, 0.8619, 0.8638, 0.9681, 0.9778, 0.9667, 0.9600, 0.9278,
        0.6590, 0.7333, 0.6556, 0.5333, 0.9583, 0.7000, 0.4333, 0.9083, 0.7333,
        0.2000, 0.7933, 0.6667, 0.5067, 0.9370, 0.5333, 0.9476, 0.9667, 0.9462,
        0.9583, 0.6333, 0.9188, 0.9111, 0.8778, 0.6333, 0.8111])
tensor([0.0167, 0.9139, 0.9333, 0.9222, 0.8667, 0.7222, 0.6733, 0.8556, 0.8956,
        0.9917, 0.9318, 0.8881, 0.8609, 0.9722, 0.9778, 0.9714, 0.9667, 0.9306,
        0.6795, 0.7333, 0.5000, 0.5111, 0.9583, 0.7267, 0.3889, 0.9062, 0.6944,
        0.2667, 0.8200, 0.6778, 0.4333, 0.9222, 0.6333, 0.9476, 0.9667, 0.9590,
        0.9583, 0.8167, 0.9217, 0.8667, 0.8556, 0.6667, 0.8778])
tensor([0.0500, 0.8958, 0.9360, 0.9133, 0.8409, 0.7889, 0.6933, 0.8333, 0.9289,
        0.9917, 0.9348, 0.8738, 0.8681, 0.9694, 0.9815, 0.9714, 0.9600, 0.9306,
        0.6641, 0.7667, 0.5000, 0.5111, 0.9583, 0.6733, 0.4778, 0.9104, 0.7556,
        0.2667, 0.7933, 0.6778, 0.5333, 0.9296, 0.7167, 0.9524, 0.9667, 0.9513,
        0.9583, 0.7333, 0.9174, 0.8778, 0.8556, 0.6833, 0.8556])
tensor([0.0333, 0.9069, 0.9307, 0.9200, 0.8545, 0.7492, 0.7000, 0.8600, 0.9111,
        0.9917, 0.9348, 0.8905, 0.8681, 0.9681, 0.9852, 0.9714, 0.9533, 0.9333,
        0.6615, 0.6167, 0.6222, 0.5222, 0.9583, 0.7467, 0.4222, 0.9146, 0.7500,
        0.2167, 0.7800, 0.7111, 0.4867, 0.9296, 0.8000, 0.9476, 0.9583, 0.9436,
        0.9583, 0.7500, 0.9159, 0.9111, 0.8556, 0.6000, 0.8667])
tensor([0.0000, 0.9153, 0.9467, 0.9178, 0.8485, 0.7794, 0.6933, 0.8533, 0.8978,
        0.9917, 0.9379, 0.8738, 0.8594, 0.9667, 0.9815, 0.9762, 0.9267, 0.9139,
        0.6744, 0.7500, 0.5111, 0.5000, 0.9667, 0.7000, 0.5444, 0.9167, 0.6667,
        0.2833, 0.8133, 0.6778, 0.5467, 0.9296, 0.8833, 0.9524, 0.9333, 0.9538,
        0.9583, 0.7667, 0.9217, 0.7889, 0.8556, 0.6167, 0.8778])
tensor([0.1333, 0.9097, 0.9093, 0.9111, 0.8561, 0.7587, 0.7133, 0.8178, 0.9489,
        0.9896, 0.9364, 0.9000, 0.8739, 0.9681, 0.9815, 0.9714, 0.9667, 0.9389,
        0.6231, 0.7667, 0.6778, 0.5556, 0.9583, 0.7267, 0.4111, 0.9208, 0.8056,
        0.2000, 0.8067, 0.6889, 0.4933, 0.9296, 0.7167, 0.9190, 0.9583, 0.9359,
        0.9500, 0.7167, 0.9087, 0.9333, 0.8556, 0.6000, 0.8556])
tensor([0.0167, 0.9097, 0.9480, 0.9422, 0.8848, 0.7873, 0.7000, 0.8600, 0.9178,
        0.9937, 0.9348, 0.8714, 0.8652, 0.9708, 0.9815, 0.9762, 0.9667, 0.9222,
        0.7051, 0.8333, 0.4333, 0.4778, 0.9583, 0.7200, 0.5444, 0.9125, 0.6389,
        0.3167, 0.8467, 0.7111, 0.5067, 0.9296, 0.9333, 0.9524, 0.9500, 0.9538,
        0.9583, 0.7833, 0.9246, 0.7667, 0.8556, 0.6000, 0.9000])
tensor([0.1333, 0.8986, 0.9227, 0.9533, 0.8833, 0.7762, 0.7133, 0.7956, 0.9422,
        0.9937, 0.9318, 0.8595, 0.8507, 0.9667, 0.9704, 0.9619, 0.9733, 0.9250,
        0.7000, 0.8667, 0.6778, 0.5333, 0.9667, 0.6800, 0.4889, 0.9271, 0.7444,
        0.3000, 0.8400, 0.6667, 0.5333, 0.8963, 0.8833, 0.9476, 0.9583, 0.9718,
        0.9583, 0.7500, 0.9304, 0.8667, 0.9222, 0.6833, 0.8667])
tensor([0.0667, 0.9097, 0.9373, 0.9533, 0.9030, 0.7397, 0.7000, 0.7956, 0.9111,
        0.9937, 0.9409, 0.8929, 0.8696, 0.9667, 0.9741, 0.9619, 0.9733, 0.9389,
        0.6769, 0.9000, 0.7889, 0.4556, 0.9667, 0.7133, 0.3667, 0.9333, 0.8167,
        0.2500, 0.8333, 0.6667, 0.4600, 0.9111, 0.9500, 0.9429, 0.9667, 0.9769,
        0.9583, 0.7833, 0.9348, 0.8667, 0.8667, 0.7000, 0.8778])
tensor([0.0167, 0.9111, 0.9480, 0.9578, 0.9061, 0.7905, 0.7000, 0.8422, 0.9089,
        0.9937, 0.9364, 0.8190, 0.8623, 0.9653, 0.9778, 0.9524, 0.9733, 0.9194,
        0.7462, 0.9000, 0.5333, 0.5444, 0.9583, 0.6933, 0.5444, 0.9292, 0.5833,
        0.3500, 0.8533, 0.6667, 0.5933, 0.9185, 0.9500, 0.9571, 0.9667, 0.9692,
        0.9583, 0.7833, 0.9406, 0.7111, 0.8333, 0.6833, 0.8556])
tensor([0.2167, 0.8986, 0.9267, 0.9400, 0.9015, 0.7841, 0.7467, 0.7978, 0.9644,
        0.9958, 0.9424, 0.8857, 0.8812, 0.9708, 0.9704, 0.9524, 0.9733, 0.9250,
        0.6436, 0.8667, 0.8000, 0.4667, 0.9583, 0.7333, 0.3889, 0.9292, 0.8389,
        0.2167, 0.8267, 0.7333, 0.4467, 0.9037, 0.9500, 0.9476, 0.9667, 0.9641,
        0.9583, 0.7667, 0.9232, 0.8667, 0.9222, 0.6833, 0.8778])
tensor([0.0333, 0.9194, 0.9520, 0.9422, 0.9030, 0.7683, 0.6867, 0.8467, 0.9244,
        0.9937, 0.9470, 0.8857, 0.8739, 0.9694, 0.9815, 0.9667, 0.9733, 0.9250,
        0.7410, 0.9167, 0.6333, 0.5556, 0.9667, 0.7067, 0.5444, 0.9292, 0.6222,
        0.3667, 0.8533, 0.6667, 0.5067, 0.9037, 0.9500, 0.9524, 0.9667, 0.9692,
        0.9583, 0.8167, 0.9348, 0.7333, 0.9000, 0.6667, 0.9000])
