tensor([1., 0., 0., 0., 0., 0., 0., 0., 0., 0., 0., 0., 0., 0., 0., 0., 0., 0.,
        0., 0., 0., 0., 0., 0., 0., 0., 0., 0., 0., 0., 0., 0., 0., 0., 0., 0.,
        0., 0., 0., 0., 0., 0., 0.])
tensor([1., 0., 0., 0., 0., 0., 0., 0., 0., 0., 0., 0., 0., 0., 0., 0., 0., 0.,
        0., 0., 0., 0., 0., 0., 0., 0., 0., 0., 0., 0., 0., 0., 0., 0., 0., 0.,
        0., 0., 0., 0., 0., 0., 0.])
tensor([1., 0., 0., 0., 0., 0., 0., 0., 0., 0., 0., 0., 0., 0., 0., 0., 0., 0.,
        0., 0., 0., 0., 0., 0., 0., 0., 0., 0., 0., 0., 0., 0., 0., 0., 0., 0.,
        0., 0., 0., 0., 0., 0., 0.])
tensor([1., 0., 0., 0., 0., 0., 0., 0., 0., 0., 0., 0., 0., 0., 0., 0., 0., 0.,
        0., 0., 0., 0., 0., 0., 0., 0., 0., 0., 0., 0., 0., 0., 0., 0., 0., 0.,
        0., 0., 0., 0., 0., 0., 0.])
tensor([1., 0., 0., 0., 0., 0., 0., 0., 0., 0., 0., 0., 0., 0., 0., 0., 0., 0.,
        0., 0., 0., 0., 0., 0., 0., 0., 0., 0., 0., 0., 0., 0., 0., 0., 0., 0.,
        0., 0., 0., 0., 0., 0., 0.])
tensor([1., 0., 0., 0., 0., 0., 0., 0., 0., 0., 0., 0., 0., 0., 0., 0., 0., 0.,
        0., 0., 0., 0., 0., 0., 0., 0., 0., 0., 0., 0., 0., 0., 0., 0., 0., 0.,
        0., 0., 0., 0., 0., 0., 0.])
tensor([1., 0., 0., 0., 0., 0., 0., 0., 0., 0., 0., 0., 0., 0., 0., 0., 0., 0.,
        0., 0., 0., 0., 0., 0., 0., 0., 0., 0., 0., 0., 0., 0., 0., 0., 0., 0.,
        0., 0., 0., 0., 0., 0., 0.])
tensor([1., 0., 0., 0., 0., 0., 0., 0., 0., 0., 0., 0., 0., 0., 0., 0., 0., 0.,
        0., 0., 0., 0., 0., 0., 0., 0., 0., 0., 0., 0., 0., 0., 0., 0., 0., 0.,
        0., 0., 0., 0., 0., 0., 0.])
tensor([1., 0., 0., 0., 0., 0., 0., 0., 0., 0., 0., 0., 0., 0., 0., 0., 0., 0.,
        0., 0., 0., 0., 0., 0., 0., 0., 0., 0., 0., 0., 0., 0., 0., 0., 0., 0.,
        0., 0., 0., 0., 0., 0., 0.])
tensor([1., 0., 0., 0., 0., 0., 0., 0., 0., 0., 0., 0., 0., 0., 0., 0., 0., 0.,
        0., 0., 0., 0., 0., 0., 0., 0., 0., 0., 0., 0., 0., 0., 0., 0., 0., 0.,
        0., 0., 0., 0., 0., 0., 0.])
tensor([1., 0., 0., 0., 0., 0., 0., 0., 0., 0., 0., 0., 0., 0., 0., 0., 0., 0.,
        0., 0., 0., 0., 0., 0., 0., 0., 0., 0., 0., 0., 0., 0., 0., 0., 0., 0.,
        0., 0., 0., 0., 0., 0., 0.])
tensor([1., 0., 0., 0., 0., 0., 0., 0., 0., 0., 0., 0., 0., 0., 0., 0., 0., 0.,
        0., 0., 0., 0., 0., 0., 0., 0., 0., 0., 0., 0., 0., 0., 0., 0., 0., 0.,
        0., 0., 0., 0., 0., 0., 0.])
tensor([1., 0., 0., 0., 0., 0., 0., 0., 0., 0., 0., 0., 0., 0., 0., 0., 0., 0.,
        0., 0., 0., 0., 0., 0., 0., 0., 0., 0., 0., 0., 0., 0., 0., 0., 0., 0.,
        0., 0., 0., 0., 0., 0., 0.])
tensor([1., 0., 0., 0., 0., 0., 0., 0., 0., 0., 0., 0., 0., 0., 0., 0., 0., 0.,
        0., 0., 0., 0., 0., 0., 0., 0., 0., 0., 0., 0., 0., 0., 0., 0., 0., 0.,
        0., 0., 0., 0., 0., 0., 0.])
tensor([1., 0., 0., 0., 0., 0., 0., 0., 0., 0., 0., 0., 0., 0., 0., 0., 0., 0.,
        0., 0., 0., 0., 0., 0., 0., 0., 0., 0., 0., 0., 0., 0., 0., 0., 0., 0.,
        0., 0., 0., 0., 0., 0., 0.])
tensor([1., 0., 0., 0., 0., 0., 0., 0., 0., 0., 0., 0., 0., 0., 0., 0., 0., 0.,
        0., 0., 0., 0., 0., 0., 0., 0., 0., 0., 0., 0., 0., 0., 0., 0., 0., 0.,
        0., 0., 0., 0., 0., 0., 0.])
tensor([1.0000, 0.0000, 0.0000, 0.0000, 0.0015, 0.0000, 0.0000, 0.0000, 0.0000,
        0.0000, 0.0000, 0.0000, 0.0000, 0.0000, 0.0000, 0.0000, 0.0000, 0.0000,
        0.0000, 0.0000, 0.0000, 0.0000, 0.0000, 0.0000, 0.0000, 0.0000, 0.0000,
        0.0000, 0.0000, 0.0000, 0.0000, 0.0000, 0.0000, 0.0000, 0.0000, 0.0000,
        0.0000, 0.0000, 0.0000, 0.0000, 0.0000, 0.0000, 0.0000])
tensor([1.0000, 0.0000, 0.0147, 0.0000, 0.0015, 0.0000, 0.0000, 0.0000, 0.0000,
        0.0000, 0.0000, 0.0000, 0.0000, 0.0000, 0.0000, 0.0000, 0.0000, 0.0000,
        0.0000, 0.0000, 0.0000, 0.0000, 0.0000, 0.0000, 0.0000, 0.0000, 0.0000,
        0.0000, 0.0000, 0.0000, 0.0000, 0.0000, 0.0000, 0.0000, 0.0000, 0.0000,
        0.0000, 0.0000, 0.0000, 0.0000, 0.0000, 0.0000, 0.0000])
tensor([0.6167, 0.0000, 0.1440, 0.0000, 0.0030, 0.0000, 0.0000, 0.0000, 0.0000,
        0.0000, 0.0000, 0.0000, 0.0000, 0.0000, 0.0000, 0.0000, 0.0000, 0.0000,
        0.0000, 0.0000, 0.0000, 0.0000, 0.0000, 0.0000, 0.0000, 0.0000, 0.0000,
        0.0000, 0.0000, 0.0000, 0.0000, 0.0000, 0.0000, 0.0000, 0.0000, 0.0000,
        0.0000, 0.0000, 0.0000, 0.0000, 0.0000, 0.0000, 0.0000])
tensor([0.3167, 0.0000, 0.4547, 0.0000, 0.0045, 0.0000, 0.0000, 0.0000, 0.0000,
        0.0000, 0.0000, 0.0000, 0.0000, 0.0000, 0.0000, 0.0000, 0.0000, 0.0000,
        0.0000, 0.0000, 0.0000, 0.0000, 0.0000, 0.0000, 0.0000, 0.0000, 0.0000,
        0.0000, 0.0000, 0.0000, 0.0000, 0.0000, 0.0000, 0.0000, 0.0000, 0.0000,
        0.0000, 0.0000, 0.0000, 0.0000, 0.0000, 0.0000, 0.0000])
tensor([0.2667, 0.0000, 0.5893, 0.0000, 0.0045, 0.0000, 0.0000, 0.0000, 0.0000,
        0.0000, 0.0000, 0.0000, 0.0000, 0.0667, 0.0000, 0.0000, 0.0000, 0.0000,
        0.0000, 0.0000, 0.0000, 0.0000, 0.0000, 0.0000, 0.0000, 0.0000, 0.0000,
        0.0000, 0.0000, 0.0000, 0.0000, 0.0000, 0.0000, 0.0000, 0.0000, 0.0000,
        0.0000, 0.0000, 0.0000, 0.0000, 0.0000, 0.0000, 0.0000])
tensor([0.2333, 0.0000, 0.5720, 0.0000, 0.0015, 0.0000, 0.0000, 0.0000, 0.0000,
        0.0000, 0.0000, 0.0000, 0.0000, 0.1889, 0.0000, 0.0000, 0.0000, 0.0000,
        0.0000, 0.0000, 0.0000, 0.0000, 0.0000, 0.0000, 0.0000, 0.0000, 0.0000,
        0.0000, 0.0000, 0.0000, 0.0000, 0.0000, 0.0000, 0.0000, 0.0000, 0.0000,
        0.0000, 0.0000, 0.0000, 0.0000, 0.0000, 0.0000, 0.0000])
tensor([0.2000, 0.0000, 0.4653, 0.0000, 0.0000, 0.0000, 0.0000, 0.0000, 0.0000,
        0.0000, 0.0000, 0.0000, 0.0000, 0.3431, 0.0000, 0.0000, 0.0000, 0.0000,
        0.0000, 0.0000, 0.0000, 0.0000, 0.0000, 0.0000, 0.0000, 0.0000, 0.0000,
        0.0000, 0.0000, 0.0000, 0.0000, 0.0000, 0.0000, 0.0000, 0.0000, 0.0000,
        0.0000, 0.0000, 0.0000, 0.0000, 0.0000, 0.0000, 0.0000])
tensor([0.1833, 0.0000, 0.3347, 0.0000, 0.0000, 0.0000, 0.0000, 0.0000, 0.0000,
        0.0000, 0.0682, 0.0000, 0.0000, 0.3583, 0.0000, 0.0000, 0.0000, 0.0000,
        0.0000, 0.0000, 0.0000, 0.0000, 0.0000, 0.0000, 0.0000, 0.0000, 0.0000,
        0.0000, 0.0000, 0.0000, 0.0000, 0.0000, 0.0000, 0.0000, 0.0000, 0.0000,
        0.0000, 0.0000, 0.0000, 0.0000, 0.0000, 0.0000, 0.0000])
tensor([0.1833, 0.0000, 0.3467, 0.0000, 0.0000, 0.0000, 0.0000, 0.0000, 0.0000,
        0.0000, 0.2909, 0.0000, 0.0000, 0.2278, 0.0000, 0.0000, 0.0000, 0.0000,
        0.0000, 0.0000, 0.0000, 0.0000, 0.0000, 0.0000, 0.0000, 0.0000, 0.0000,
        0.0000, 0.0000, 0.0000, 0.0000, 0.0000, 0.0000, 0.0000, 0.0000, 0.0000,
        0.0000, 0.0000, 0.0000, 0.0000, 0.0000, 0.0000, 0.0000])
tensor([0.1667, 0.0000, 0.3187, 0.0000, 0.0000, 0.0000, 0.0000, 0.0000, 0.0000,
        0.0000, 0.8333, 0.0000, 0.0000, 0.0569, 0.0000, 0.0000, 0.0000, 0.0000,
        0.0000, 0.0000, 0.0000, 0.0000, 0.0000, 0.0000, 0.0000, 0.0000, 0.0000,
        0.0000, 0.0000, 0.0000, 0.0000, 0.0000, 0.0000, 0.0000, 0.0000, 0.0000,
        0.0000, 0.0000, 0.0000, 0.0000, 0.0000, 0.0000, 0.0000])
tensor([0.1500, 0.0000, 0.2640, 0.0000, 0.0000, 0.0000, 0.0000, 0.0000, 0.0000,
        0.0000, 0.9530, 0.0000, 0.0000, 0.0653, 0.0000, 0.0000, 0.0000, 0.0000,
        0.0000, 0.0000, 0.0000, 0.0000, 0.0000, 0.0000, 0.0000, 0.0000, 0.0000,
        0.0000, 0.0000, 0.0000, 0.0000, 0.0000, 0.0000, 0.0000, 0.0000, 0.0000,
        0.0000, 0.0000, 0.0000, 0.0000, 0.0000, 0.0000, 0.0000])
tensor([0.1833, 0.0000, 0.2653, 0.0000, 0.0000, 0.0000, 0.0000, 0.0000, 0.0000,
        0.0000, 0.9561, 0.0000, 0.0000, 0.1028, 0.0000, 0.0000, 0.0000, 0.0000,
        0.0000, 0.0000, 0.0000, 0.0000, 0.0000, 0.0000, 0.0000, 0.0000, 0.0000,
        0.0000, 0.0000, 0.0000, 0.0000, 0.0000, 0.0000, 0.0000, 0.0000, 0.0000,
        0.0000, 0.0000, 0.0000, 0.0000, 0.0000, 0.0000, 0.0000])
tensor([0.1833, 0.0000, 0.2600, 0.0000, 0.0000, 0.0000, 0.0000, 0.0000, 0.0000,
        0.0000, 0.9606, 0.0000, 0.0348, 0.0889, 0.0000, 0.0000, 0.0000, 0.0000,
        0.0000, 0.0000, 0.0000, 0.0000, 0.0000, 0.0000, 0.0000, 0.0000, 0.0000,
        0.0000, 0.0000, 0.0000, 0.0000, 0.0000, 0.0000, 0.0000, 0.0000, 0.0000,
        0.0000, 0.0000, 0.0000, 0.0000, 0.0000, 0.0000, 0.0000])
tensor([0.2333, 0.0000, 0.2653, 0.0000, 0.0000, 0.0000, 0.0000, 0.0000, 0.0000,
        0.0000, 0.9318, 0.0000, 0.0594, 0.1542, 0.0000, 0.0000, 0.0000, 0.0000,
        0.0000, 0.0000, 0.0000, 0.0000, 0.0000, 0.0000, 0.0000, 0.0000, 0.0000,
        0.0000, 0.0000, 0.0000, 0.0000, 0.0000, 0.0000, 0.0000, 0.0000, 0.0000,
        0.0000, 0.0000, 0.0000, 0.0000, 0.0000, 0.0000, 0.0000])
tensor([0.2333, 0.0000, 0.2360, 0.0000, 0.0000, 0.0000, 0.0000, 0.0000, 0.0000,
        0.0000, 0.9318, 0.0000, 0.1072, 0.1889, 0.0000, 0.0000, 0.0000, 0.0000,
        0.0000, 0.0000, 0.0000, 0.0000, 0.0000, 0.0000, 0.0000, 0.0000, 0.0000,
        0.0000, 0.0000, 0.0000, 0.0000, 0.0000, 0.0000, 0.0000, 0.0000, 0.0000,
        0.0000, 0.0000, 0.0000, 0.0000, 0.0000, 0.0000, 0.0000])
tensor([0.2000, 0.0000, 0.2067, 0.0000, 0.0000, 0.0000, 0.0000, 0.0000, 0.0000,
        0.0000, 0.9409, 0.0000, 0.1768, 0.1861, 0.0000, 0.0000, 0.0000, 0.0000,
        0.0000, 0.0000, 0.0000, 0.0000, 0.0000, 0.0000, 0.0000, 0.0000, 0.0000,
        0.0000, 0.0000, 0.0000, 0.0000, 0.0000, 0.0000, 0.0000, 0.0000, 0.0000,
        0.0000, 0.0000, 0.0000, 0.0000, 0.0000, 0.0000, 0.0000])
tensor([0.2000, 0.0000, 0.2253, 0.0000, 0.0000, 0.0000, 0.0000, 0.0000, 0.0000,
        0.0000, 0.8909, 0.0000, 0.2420, 0.2014, 0.0000, 0.0000, 0.0000, 0.0000,
        0.0000, 0.0000, 0.0000, 0.0000, 0.0000, 0.0000, 0.0000, 0.0000, 0.0000,
        0.0000, 0.0000, 0.0000, 0.0000, 0.0000, 0.0000, 0.0000, 0.0000, 0.0000,
        0.0000, 0.0000, 0.0000, 0.0000, 0.0000, 0.0000, 0.0000])
tensor([0.2000, 0.0000, 0.1840, 0.0000, 0.0000, 0.0000, 0.0000, 0.0000, 0.0000,
        0.0000, 0.8258, 0.0000, 0.2609, 0.1833, 0.0000, 0.0000, 0.0000, 0.0000,
        0.0000, 0.0000, 0.0000, 0.0000, 0.0000, 0.0000, 0.0000, 0.0000, 0.0000,
        0.0000, 0.0000, 0.0000, 0.0000, 0.0000, 0.0000, 0.0000, 0.0000, 0.0000,
        0.0000, 0.0000, 0.1768, 0.0000, 0.0000, 0.0000, 0.0000])
tensor([0.1500, 0.0000, 0.1520, 0.0000, 0.0000, 0.0000, 0.0000, 0.0000, 0.0000,
        0.0000, 0.5348, 0.0000, 0.3145, 0.1764, 0.0000, 0.0000, 0.0000, 0.0000,
        0.0000, 0.0000, 0.0000, 0.0000, 0.0000, 0.0000, 0.0000, 0.0000, 0.0000,
        0.0000, 0.0000, 0.0000, 0.0000, 0.0000, 0.0000, 0.0000, 0.0000, 0.0000,
        0.0000, 0.0000, 0.5797, 0.0000, 0.0000, 0.0000, 0.0000])
tensor([0.0000, 0.0000, 0.1640, 0.0000, 0.0000, 0.0000, 0.0000, 0.0000, 0.0000,
        0.0000, 0.2848, 0.0000, 0.3203, 0.2181, 0.0000, 0.0000, 0.0000, 0.0000,
        0.0000, 0.0000, 0.0000, 0.0000, 0.0000, 0.0000, 0.0000, 0.0000, 0.0000,
        0.0000, 0.0000, 0.0000, 0.0000, 0.0000, 0.0000, 0.0000, 0.0000, 0.0000,
        0.0000, 0.0000, 0.7116, 0.0000, 0.0000, 0.0000, 0.0000])
tensor([0.0000, 0.0000, 0.1693, 0.0000, 0.0000, 0.0000, 0.0000, 0.0000, 0.0000,
        0.0000, 0.1500, 0.0000, 0.3942, 0.1889, 0.0000, 0.0000, 0.0000, 0.0000,
        0.0000, 0.0000, 0.0000, 0.0000, 0.0000, 0.0000, 0.0000, 0.0000, 0.0000,
        0.0000, 0.0000, 0.0000, 0.0000, 0.0000, 0.0000, 0.0000, 0.0000, 0.0000,
        0.0000, 0.0000, 0.7580, 0.0000, 0.0000, 0.0000, 0.0000])
tensor([0.0000, 0.0000, 0.1907, 0.0000, 0.0000, 0.0000, 0.0000, 0.0000, 0.0000,
        0.0000, 0.0576, 0.0000, 0.3971, 0.1986, 0.0000, 0.0000, 0.0000, 0.0000,
        0.0000, 0.0000, 0.0000, 0.0000, 0.0000, 0.0000, 0.0000, 0.0000, 0.0000,
        0.0000, 0.0000, 0.0000, 0.0000, 0.0000, 0.0000, 0.0000, 0.0000, 0.0000,
        0.0000, 0.0000, 0.7725, 0.0000, 0.0000, 0.0000, 0.0000])
tensor([0.0000, 0.0000, 0.2293, 0.0000, 0.0000, 0.0000, 0.0000, 0.0000, 0.0000,
        0.0000, 0.0394, 0.0000, 0.4406, 0.2583, 0.0000, 0.0000, 0.0000, 0.0000,
        0.0000, 0.0000, 0.0000, 0.0000, 0.0000, 0.0000, 0.0000, 0.0000, 0.0000,
        0.0000, 0.0000, 0.0000, 0.0000, 0.0000, 0.0000, 0.0000, 0.0000, 0.0000,
        0.0000, 0.0000, 0.7870, 0.0000, 0.0000, 0.0000, 0.0000])
tensor([0.0000, 0.0000, 0.1853, 0.0000, 0.0000, 0.0000, 0.0000, 0.0000, 0.0000,
        0.0000, 0.0348, 0.0000, 0.4681, 0.2319, 0.0000, 0.0000, 0.0000, 0.0000,
        0.0000, 0.0000, 0.0000, 0.0000, 0.0000, 0.0000, 0.0000, 0.0000, 0.0000,
        0.0000, 0.0000, 0.0000, 0.0000, 0.0000, 0.0000, 0.0000, 0.0000, 0.0000,
        0.0000, 0.0000, 0.8072, 0.0000, 0.0000, 0.0000, 0.0000])
tensor([0.0000, 0.0000, 0.2240, 0.0000, 0.0000, 0.0000, 0.0000, 0.0000, 0.0000,
        0.0000, 0.1000, 0.0000, 0.4884, 0.2458, 0.0000, 0.0000, 0.0000, 0.0000,
        0.0000, 0.0000, 0.0000, 0.0000, 0.0000, 0.0000, 0.0000, 0.0000, 0.0000,
        0.0000, 0.0000, 0.0000, 0.0000, 0.0000, 0.0000, 0.0000, 0.0000, 0.0000,
        0.0000, 0.0000, 0.8652, 0.0000, 0.0000, 0.0000, 0.0000])
tensor([0.0000, 0.0000, 0.2733, 0.0000, 0.0000, 0.0000, 0.0000, 0.0000, 0.0000,
        0.0000, 0.5242, 0.0000, 0.5072, 0.2250, 0.0000, 0.0000, 0.0000, 0.0000,
        0.0000, 0.0000, 0.0000, 0.0000, 0.0000, 0.0000, 0.0000, 0.0000, 0.0000,
        0.0000, 0.0000, 0.0000, 0.0000, 0.0000, 0.0000, 0.0000, 0.0000, 0.0000,
        0.0000, 0.0000, 0.8478, 0.0000, 0.0000, 0.0000, 0.0000])
tensor([0.0000, 0.0000, 0.3787, 0.0000, 0.0000, 0.0000, 0.0000, 0.0000, 0.0000,
        0.0000, 0.3273, 0.0000, 0.5014, 0.1722, 0.0000, 0.0000, 0.0000, 0.0000,
        0.0000, 0.0000, 0.0000, 0.0000, 0.0000, 0.0000, 0.0000, 0.0000, 0.0000,
        0.0000, 0.0000, 0.0000, 0.0000, 0.0000, 0.0000, 0.0000, 0.0000, 0.0000,
        0.0000, 0.0000, 0.8841, 0.0000, 0.0000, 0.0000, 0.0000])
tensor([0.0000, 0.0000, 0.3893, 0.0000, 0.0000, 0.0000, 0.0000, 0.0000, 0.0000,
        0.0000, 0.3000, 0.0000, 0.5217, 0.2681, 0.0000, 0.0000, 0.0000, 0.0000,
        0.0000, 0.0000, 0.0000, 0.0000, 0.0000, 0.0000, 0.0000, 0.0000, 0.0000,
        0.0000, 0.0000, 0.0000, 0.0000, 0.0000, 0.0000, 0.0000, 0.0000, 0.0000,
        0.0000, 0.0000, 0.8101, 0.0000, 0.0000, 0.0000, 0.0000])
tensor([0.0000, 0.0000, 0.5480, 0.0000, 0.0000, 0.0000, 0.0000, 0.0000, 0.0000,
        0.0000, 0.1455, 0.0000, 0.4174, 0.3153, 0.0000, 0.0000, 0.0000, 0.0000,
        0.0000, 0.0000, 0.0000, 0.0000, 0.0000, 0.0000, 0.0000, 0.0000, 0.0000,
        0.0000, 0.0000, 0.0000, 0.0000, 0.0000, 0.0000, 0.0000, 0.0000, 0.0000,
        0.0000, 0.0000, 0.8188, 0.0000, 0.0000, 0.0000, 0.0000])
tensor([0.0000, 0.0000, 0.5987, 0.0000, 0.0000, 0.0000, 0.0000, 0.0000, 0.0000,
        0.0000, 0.0000, 0.0000, 0.2536, 0.3569, 0.0000, 0.0000, 0.0000, 0.0000,
        0.0000, 0.0000, 0.0000, 0.0000, 0.0000, 0.0000, 0.0000, 0.0000, 0.0000,
        0.0000, 0.0000, 0.0000, 0.0000, 0.0000, 0.0000, 0.0000, 0.0000, 0.0000,
        0.0000, 0.0000, 0.8087, 0.0000, 0.0000, 0.0000, 0.0000])
tensor([0.0000, 0.0000, 0.6680, 0.0000, 0.0000, 0.0000, 0.0000, 0.0000, 0.0000,
        0.0000, 0.0227, 0.0000, 0.4116, 0.2792, 0.0000, 0.0000, 0.0000, 0.0000,
        0.0000, 0.0000, 0.0000, 0.0000, 0.0000, 0.0000, 0.0000, 0.0000, 0.0000,
        0.0000, 0.0000, 0.0000, 0.0000, 0.0000, 0.0000, 0.0000, 0.0000, 0.0000,
        0.0000, 0.0000, 0.7319, 0.0000, 0.0000, 0.0000, 0.0000])
tensor([0.0000, 0.0014, 0.6320, 0.0000, 0.0000, 0.0000, 0.0000, 0.0000, 0.0000,
        0.0000, 0.0136, 0.0000, 0.5957, 0.5792, 0.0000, 0.0000, 0.0000, 0.0000,
        0.0000, 0.0000, 0.0000, 0.0000, 0.0000, 0.0000, 0.0000, 0.0021, 0.0000,
        0.0000, 0.0000, 0.0000, 0.0000, 0.0000, 0.0000, 0.0000, 0.0000, 0.0000,
        0.0000, 0.0000, 0.8058, 0.0000, 0.0000, 0.0000, 0.0000])
tensor([0.0000, 0.0000, 0.6587, 0.0000, 0.0000, 0.0000, 0.0000, 0.0000, 0.0000,
        0.0000, 0.0121, 0.0000, 0.4014, 0.4486, 0.0000, 0.0000, 0.0000, 0.0000,
        0.0000, 0.0000, 0.0000, 0.0000, 0.0000, 0.0000, 0.0000, 0.0021, 0.0000,
        0.0000, 0.0000, 0.0000, 0.0000, 0.0000, 0.0000, 0.0000, 0.0000, 0.0000,
        0.0000, 0.0000, 0.7043, 0.0000, 0.0000, 0.0000, 0.0000])
tensor([0.0000, 0.0069, 0.7480, 0.0000, 0.0000, 0.0000, 0.0000, 0.0000, 0.0000,
        0.0000, 0.1303, 0.0000, 0.3681, 0.3944, 0.0000, 0.0000, 0.0000, 0.0000,
        0.0000, 0.0000, 0.0000, 0.0000, 0.0000, 0.0000, 0.0000, 0.0000, 0.0000,
        0.0000, 0.0000, 0.0000, 0.0000, 0.0000, 0.0000, 0.0000, 0.0000, 0.0000,
        0.0000, 0.0000, 0.6957, 0.0000, 0.0000, 0.0000, 0.0000])
tensor([0.0167, 0.0306, 0.5213, 0.0000, 0.0000, 0.0000, 0.0000, 0.0000, 0.0000,
        0.0000, 0.1788, 0.0000, 0.2942, 0.4486, 0.0000, 0.0000, 0.0000, 0.0000,
        0.0000, 0.0000, 0.0000, 0.0000, 0.0000, 0.0000, 0.0000, 0.0000, 0.0000,
        0.0000, 0.0000, 0.0000, 0.0000, 0.0000, 0.0000, 0.0000, 0.0000, 0.0000,
        0.0000, 0.0000, 0.7232, 0.0000, 0.0000, 0.0000, 0.0000])
tensor([0.0000, 0.0806, 0.4773, 0.0000, 0.0076, 0.0000, 0.0000, 0.0000, 0.0000,
        0.0000, 0.0818, 0.0000, 0.4609, 0.7264, 0.0000, 0.0000, 0.0000, 0.0000,
        0.0000, 0.0000, 0.0000, 0.0000, 0.0000, 0.0000, 0.0000, 0.0000, 0.0000,
        0.0000, 0.0000, 0.0000, 0.0000, 0.0000, 0.0000, 0.0000, 0.0000, 0.0000,
        0.0000, 0.0000, 0.7609, 0.0000, 0.0000, 0.0000, 0.0000])
tensor([0.0000, 0.0056, 0.6707, 0.0000, 0.0000, 0.0000, 0.0000, 0.0000, 0.0000,
        0.0000, 0.2455, 0.0000, 0.4174, 0.6750, 0.0000, 0.0000, 0.0000, 0.0000,
        0.0000, 0.0000, 0.0000, 0.0000, 0.0000, 0.0000, 0.0000, 0.0000, 0.0000,
        0.0000, 0.0000, 0.0000, 0.0000, 0.0000, 0.0000, 0.0000, 0.0000, 0.0000,
        0.0000, 0.0000, 0.7652, 0.0000, 0.0000, 0.0000, 0.0000])
tensor([0.0000, 0.0597, 0.5133, 0.0000, 0.0045, 0.0000, 0.0000, 0.0000, 0.0000,
        0.0000, 0.4455, 0.0000, 0.4536, 0.5667, 0.0000, 0.0000, 0.0000, 0.0000,
        0.0000, 0.0000, 0.0000, 0.0000, 0.0000, 0.0000, 0.0000, 0.0000, 0.0000,
        0.0000, 0.0000, 0.0000, 0.0000, 0.0000, 0.0000, 0.0000, 0.0000, 0.0000,
        0.0000, 0.0000, 0.7203, 0.0000, 0.0000, 0.0000, 0.0000])
tensor([0.0000, 0.1722, 0.4400, 0.0000, 0.0348, 0.0000, 0.0000, 0.0000, 0.0000,
        0.0000, 0.2152, 0.0000, 0.4203, 0.6472, 0.0000, 0.0000, 0.0000, 0.0000,
        0.0000, 0.0000, 0.0000, 0.0000, 0.0000, 0.0000, 0.0000, 0.0000, 0.0000,
        0.0000, 0.0000, 0.0000, 0.0000, 0.0000, 0.0000, 0.0000, 0.0000, 0.0000,
        0.0000, 0.0000, 0.7768, 0.0000, 0.0000, 0.0000, 0.0000])
tensor([0.0000, 0.1000, 0.5987, 0.0000, 0.0000, 0.0000, 0.0000, 0.0000, 0.0000,
        0.0000, 0.3136, 0.0000, 0.3348, 0.6042, 0.0000, 0.0238, 0.0000, 0.0000,
        0.0000, 0.0000, 0.0000, 0.0000, 0.0000, 0.0000, 0.0000, 0.0000, 0.0000,
        0.0000, 0.0000, 0.0000, 0.0000, 0.0000, 0.0000, 0.0000, 0.0000, 0.0000,
        0.0000, 0.0000, 0.6594, 0.0000, 0.0000, 0.0000, 0.0000])
tensor([0.0000, 0.0889, 0.6600, 0.0000, 0.0061, 0.0000, 0.0000, 0.0000, 0.0000,
        0.0000, 0.0909, 0.0000, 0.5174, 0.6472, 0.0000, 0.0048, 0.0000, 0.0361,
        0.0000, 0.0000, 0.0000, 0.0000, 0.0000, 0.0000, 0.0000, 0.0021, 0.0000,
        0.0000, 0.0000, 0.0000, 0.0000, 0.0000, 0.0000, 0.0000, 0.0000, 0.0000,
        0.0000, 0.0000, 0.7145, 0.0000, 0.0000, 0.0000, 0.0000])
tensor([0.0000, 0.0431, 0.6293, 0.0000, 0.1106, 0.0000, 0.0000, 0.0000, 0.0000,
        0.0000, 0.5136, 0.0000, 0.4464, 0.3861, 0.0000, 0.0619, 0.0000, 0.0000,
        0.0000, 0.0000, 0.0000, 0.0000, 0.0000, 0.0000, 0.0000, 0.0000, 0.0000,
        0.0000, 0.0000, 0.0000, 0.0000, 0.0000, 0.0000, 0.0000, 0.0000, 0.0000,
        0.0000, 0.0000, 0.6377, 0.0000, 0.0000, 0.0000, 0.0000])
tensor([0.0000, 0.0361, 0.6133, 0.0000, 0.0742, 0.0000, 0.0000, 0.0000, 0.0000,
        0.0000, 0.5924, 0.0000, 0.7203, 0.7292, 0.0000, 0.0429, 0.0000, 0.8750,
        0.0000, 0.0000, 0.0000, 0.0000, 0.0000, 0.0000, 0.0000, 0.0208, 0.0000,
        0.0000, 0.0000, 0.0000, 0.0000, 0.0000, 0.0000, 0.0000, 0.0000, 0.0000,
        0.0000, 0.0000, 0.7275, 0.0000, 0.0000, 0.0000, 0.0000])
tensor([0.0000, 0.0069, 0.6160, 0.0000, 0.2182, 0.0381, 0.0000, 0.0000, 0.0000,
        0.0000, 0.7470, 0.0000, 0.6942, 0.6111, 0.0444, 0.2381, 0.0000, 0.0194,
        0.0000, 0.0000, 0.0000, 0.0000, 0.0000, 0.0000, 0.0000, 0.0000, 0.0000,
        0.0000, 0.0000, 0.0000, 0.0000, 0.0000, 0.0000, 0.0000, 0.0000, 0.0000,
        0.0000, 0.0000, 0.7507, 0.0000, 0.0000, 0.0000, 0.0000])
tensor([0.0000, 0.0639, 0.5227, 0.0000, 0.3273, 0.0476, 0.0000, 0.0000, 0.0000,
        0.0000, 0.6121, 0.0000, 0.5609, 0.5292, 0.0370, 0.1619, 0.0000, 0.0000,
        0.0000, 0.0000, 0.0000, 0.0000, 0.0000, 0.0000, 0.0000, 0.0000, 0.0000,
        0.0000, 0.0000, 0.0000, 0.0000, 0.0000, 0.0000, 0.0000, 0.0000, 0.0000,
        0.0000, 0.0000, 0.7232, 0.0000, 0.0000, 0.0000, 0.0000])
tensor([0.0000, 0.0375, 0.5960, 0.0000, 0.1561, 0.0698, 0.0000, 0.0000, 0.0000,
        0.0000, 0.9394, 0.0000, 0.6261, 0.5500, 0.0778, 0.1714, 0.0000, 0.6500,
        0.0000, 0.0000, 0.0000, 0.0000, 0.0000, 0.0000, 0.0000, 0.0292, 0.0000,
        0.0000, 0.0000, 0.0000, 0.0000, 0.0000, 0.0000, 0.0000, 0.0000, 0.0000,
        0.0000, 0.0000, 0.7246, 0.0000, 0.0000, 0.0000, 0.0000])
tensor([0.0000, 0.1583, 0.4973, 0.0000, 0.1742, 0.0016, 0.0000, 0.0000, 0.0000,
        0.0000, 0.7303, 0.0000, 0.6667, 0.7333, 0.2333, 0.2143, 0.0000, 0.6778,
        0.0000, 0.0000, 0.0000, 0.0000, 0.0000, 0.0000, 0.0000, 0.0479, 0.0000,
        0.0000, 0.0000, 0.0000, 0.0000, 0.0000, 0.0000, 0.0000, 0.0000, 0.0000,
        0.0000, 0.0000, 0.7159, 0.0000, 0.0000, 0.0000, 0.0000])
tensor([0.0000, 0.2167, 0.4440, 0.0000, 0.1864, 0.0810, 0.0000, 0.0000, 0.0000,
        0.0000, 0.8848, 0.0024, 0.6899, 0.6097, 0.2222, 0.1714, 0.0000, 0.4056,
        0.0000, 0.0000, 0.0000, 0.0000, 0.0000, 0.0000, 0.0000, 0.0000, 0.0000,
        0.0000, 0.0000, 0.0000, 0.0000, 0.0000, 0.0000, 0.0000, 0.0000, 0.0000,
        0.0000, 0.0000, 0.7493, 0.0000, 0.0000, 0.0000, 0.0000])
tensor([0.0000, 0.1806, 0.4587, 0.0000, 0.1470, 0.0302, 0.0000, 0.0000, 0.0000,
        0.0000, 0.8061, 0.0000, 0.6870, 0.7389, 0.2481, 0.1000, 0.0000, 0.6222,
        0.0000, 0.0000, 0.0000, 0.0000, 0.0000, 0.0000, 0.0000, 0.0583, 0.0000,
        0.0000, 0.0000, 0.0000, 0.0000, 0.0000, 0.0000, 0.0000, 0.0000, 0.0000,
        0.0000, 0.0000, 0.7551, 0.0000, 0.0000, 0.0000, 0.0000])
tensor([0.0000, 0.2111, 0.3760, 0.0000, 0.0742, 0.0365, 0.0000, 0.0000, 0.0000,
        0.0000, 0.9288, 0.0000, 0.6246, 0.7681, 0.3852, 0.2714, 0.0000, 0.6833,
        0.0000, 0.0000, 0.0000, 0.0000, 0.0000, 0.0000, 0.0000, 0.1021, 0.0000,
        0.0000, 0.0000, 0.0000, 0.0000, 0.0000, 0.0000, 0.0000, 0.0000, 0.0000,
        0.0000, 0.0000, 0.7493, 0.0000, 0.0000, 0.0000, 0.0000])
tensor([0.0000, 0.0431, 0.5307, 0.0000, 0.2106, 0.0556, 0.0000, 0.0000, 0.0000,
        0.0000, 0.8727, 0.0405, 0.6870, 0.8278, 0.1370, 0.2095, 0.0000, 0.8806,
        0.0000, 0.0000, 0.0000, 0.0000, 0.0000, 0.0000, 0.0000, 0.0688, 0.0000,
        0.0000, 0.0000, 0.0000, 0.0000, 0.0000, 0.0000, 0.0000, 0.0000, 0.0000,
        0.0000, 0.0000, 0.7812, 0.0000, 0.0000, 0.0000, 0.0000])
tensor([0.0000, 0.0069, 0.6400, 0.0000, 0.1379, 0.1063, 0.0000, 0.0000, 0.0000,
        0.0000, 0.8606, 0.1357, 0.6725, 0.6208, 0.2667, 0.2333, 0.0000, 0.8083,
        0.0000, 0.0000, 0.0000, 0.0000, 0.0000, 0.0000, 0.0000, 0.0729, 0.0000,
        0.0000, 0.0000, 0.0000, 0.0000, 0.0000, 0.0000, 0.0000, 0.0000, 0.0000,
        0.0000, 0.0000, 0.8261, 0.0000, 0.0000, 0.0000, 0.0000])
tensor([0.0000, 0.2556, 0.3747, 0.0000, 0.0909, 0.0937, 0.0000, 0.0000, 0.0000,
        0.0000, 0.8848, 0.0000, 0.7551, 0.8222, 0.3037, 0.2286, 0.0000, 0.8194,
        0.0000, 0.0000, 0.0000, 0.0000, 0.0000, 0.0000, 0.0000, 0.1417, 0.0000,
        0.0000, 0.0000, 0.0000, 0.0000, 0.0000, 0.0000, 0.0000, 0.0000, 0.0000,
        0.0000, 0.0000, 0.7667, 0.0000, 0.0000, 0.0000, 0.0000])
tensor([0.0000, 0.0875, 0.4040, 0.0000, 0.2394, 0.1397, 0.0000, 0.0000, 0.0000,
        0.0000, 0.8621, 0.0000, 0.5580, 0.8500, 0.3815, 0.3619, 0.0000, 0.8333,
        0.0000, 0.0000, 0.0000, 0.0000, 0.0000, 0.0000, 0.0000, 0.1646, 0.0000,
        0.0000, 0.0000, 0.0000, 0.0000, 0.0000, 0.0000, 0.0000, 0.0000, 0.0000,
        0.0000, 0.0000, 0.8333, 0.0000, 0.0000, 0.0000, 0.0000])
tensor([0.0000, 0.2264, 0.4093, 0.0000, 0.0985, 0.1714, 0.0000, 0.0000, 0.0000,
        0.0000, 0.9394, 0.0786, 0.7232, 0.8347, 0.4519, 0.3381, 0.0000, 0.8167,
        0.0077, 0.0000, 0.0000, 0.0000, 0.0000, 0.0000, 0.0000, 0.1521, 0.0000,
        0.0000, 0.0000, 0.0000, 0.0000, 0.0000, 0.0000, 0.0000, 0.0000, 0.0000,
        0.0000, 0.0000, 0.7971, 0.0000, 0.0000, 0.0000, 0.0000])
tensor([0.0000, 0.0444, 0.5507, 0.0000, 0.1424, 0.1873, 0.0000, 0.0000, 0.0000,
        0.0000, 0.8909, 0.0810, 0.7449, 0.8722, 0.4741, 0.3476, 0.0000, 0.7944,
        0.0000, 0.0000, 0.0000, 0.0000, 0.0000, 0.0000, 0.0000, 0.3875, 0.0000,
        0.0000, 0.0000, 0.0000, 0.0000, 0.0000, 0.0000, 0.0000, 0.0000, 0.0000,
        0.0000, 0.0000, 0.8246, 0.0000, 0.0000, 0.0000, 0.0000])
tensor([0.0000, 0.1417, 0.4293, 0.0000, 0.1288, 0.2127, 0.0000, 0.0000, 0.0000,
        0.0000, 0.9667, 0.0690, 0.6826, 0.7708, 0.4704, 0.4333, 0.0000, 0.8222,
        0.0000, 0.0000, 0.0000, 0.0000, 0.0000, 0.0000, 0.0000, 0.2313, 0.0000,
        0.0000, 0.0000, 0.0000, 0.0000, 0.0000, 0.0000, 0.0000, 0.0000, 0.0000,
        0.0000, 0.0000, 0.8217, 0.0000, 0.0000, 0.0000, 0.0000])
tensor([0.0000, 0.2389, 0.4187, 0.0422, 0.0455, 0.2016, 0.0000, 0.0000, 0.0000,
        0.0000, 0.9318, 0.0881, 0.6609, 0.7736, 0.4111, 0.4619, 0.0000, 0.8083,
        0.0256, 0.0000, 0.0000, 0.0000, 0.0000, 0.0000, 0.0000, 0.2125, 0.0000,
        0.0000, 0.0000, 0.0000, 0.0000, 0.0000, 0.0000, 0.0000, 0.0000, 0.0000,
        0.0000, 0.0000, 0.7768, 0.0000, 0.0000, 0.0000, 0.0000])
tensor([0.0000, 0.1042, 0.5347, 0.0022, 0.0288, 0.2683, 0.0000, 0.0000, 0.0000,
        0.0000, 0.9394, 0.0357, 0.7101, 0.8569, 0.4407, 0.3952, 0.0000, 0.8333,
        0.0000, 0.0000, 0.0000, 0.0000, 0.0000, 0.0000, 0.0000, 0.5792, 0.0000,
        0.0000, 0.0000, 0.0000, 0.0000, 0.0000, 0.0000, 0.0000, 0.0000, 0.0000,
        0.0000, 0.0000, 0.7957, 0.0000, 0.0000, 0.0000, 0.0000])
tensor([0.0000, 0.2306, 0.3587, 0.0044, 0.1848, 0.2190, 0.0000, 0.0000, 0.0000,
        0.0042, 0.9000, 0.3238, 0.7507, 0.8764, 0.4630, 0.5143, 0.0000, 0.8306,
        0.0103, 0.0000, 0.0000, 0.0000, 0.0000, 0.0000, 0.0000, 0.4646, 0.0000,
        0.0000, 0.0000, 0.0000, 0.0000, 0.0000, 0.0000, 0.0000, 0.0000, 0.0026,
        0.0000, 0.0000, 0.8420, 0.0000, 0.0000, 0.0000, 0.0000])
tensor([0.0000, 0.1861, 0.3240, 0.0044, 0.1909, 0.2540, 0.0000, 0.0000, 0.0000,
        0.0125, 0.9167, 0.3048, 0.6246, 0.8681, 0.4185, 0.5095, 0.0000, 0.8583,
        0.0846, 0.0000, 0.0000, 0.0000, 0.0000, 0.0000, 0.0000, 0.2792, 0.0000,
        0.0000, 0.0067, 0.0000, 0.0000, 0.0000, 0.0000, 0.0048, 0.0000, 0.0026,
        0.0000, 0.0000, 0.8594, 0.0000, 0.0000, 0.0000, 0.0000])
tensor([0.0000, 0.1694, 0.4773, 0.0022, 0.0848, 0.2444, 0.0000, 0.0000, 0.0067,
        0.0083, 0.9045, 0.2000, 0.6203, 0.8792, 0.5222, 0.5048, 0.0000, 0.7806,
        0.0564, 0.0000, 0.0000, 0.0000, 0.0000, 0.0000, 0.0000, 0.5229, 0.0000,
        0.0000, 0.0000, 0.0000, 0.0000, 0.0000, 0.0000, 0.0000, 0.0000, 0.0000,
        0.0000, 0.0000, 0.8580, 0.0000, 0.0000, 0.0000, 0.0000])
tensor([0.0000, 0.2958, 0.3800, 0.0044, 0.0667, 0.2302, 0.0000, 0.0000, 0.0000,
        0.0104, 0.9167, 0.3786, 0.7652, 0.8722, 0.4259, 0.5333, 0.0000, 0.8556,
        0.0641, 0.0000, 0.0000, 0.0000, 0.0417, 0.0000, 0.0000, 0.5146, 0.0000,
        0.0000, 0.0000, 0.0000, 0.0000, 0.0000, 0.0000, 0.0095, 0.0000, 0.0000,
        0.0000, 0.0000, 0.8101, 0.0000, 0.0000, 0.0000, 0.0000])
tensor([0.0000, 0.3403, 0.3560, 0.0356, 0.0818, 0.2032, 0.0000, 0.0022, 0.0044,
        0.0063, 0.9197, 0.5571, 0.6826, 0.8694, 0.3889, 0.4762, 0.0000, 0.8750,
        0.0462, 0.0000, 0.0000, 0.0000, 0.0417, 0.0000, 0.0000, 0.3833, 0.0000,
        0.0000, 0.0000, 0.0000, 0.0000, 0.0000, 0.0000, 0.0048, 0.0000, 0.0000,
        0.0000, 0.0000, 0.8391, 0.0000, 0.0000, 0.0000, 0.0000])
tensor([0.0000, 0.2556, 0.3987, 0.0000, 0.0712, 0.2540, 0.0000, 0.0000, 0.0133,
        0.0188, 0.9394, 0.5595, 0.7725, 0.8903, 0.4074, 0.5286, 0.0000, 0.8861,
        0.1333, 0.0000, 0.0000, 0.0000, 0.0917, 0.0000, 0.0000, 0.2792, 0.0000,
        0.0000, 0.0067, 0.0000, 0.0000, 0.0000, 0.0000, 0.0048, 0.0000, 0.0000,
        0.0000, 0.0000, 0.8536, 0.0000, 0.0000, 0.0000, 0.0000])
tensor([0.0000, 0.3875, 0.3400, 0.0000, 0.1591, 0.1841, 0.0000, 0.0000, 0.0000,
        0.0583, 0.9333, 0.2333, 0.6957, 0.8694, 0.5074, 0.5190, 0.0000, 0.8111,
        0.1205, 0.0000, 0.0000, 0.0000, 0.0750, 0.0000, 0.0000, 0.4729, 0.0000,
        0.0000, 0.0000, 0.0000, 0.0000, 0.0000, 0.0000, 0.0048, 0.0000, 0.0000,
        0.0000, 0.0000, 0.8507, 0.0000, 0.0000, 0.0000, 0.0000])
tensor([0.0000, 0.2861, 0.4173, 0.0044, 0.0258, 0.2746, 0.0000, 0.0022, 0.0156,
        0.0271, 0.9318, 0.7143, 0.7391, 0.8931, 0.4815, 0.5333, 0.0000, 0.8556,
        0.0590, 0.0000, 0.0000, 0.0000, 0.1667, 0.0000, 0.0000, 0.4167, 0.0000,
        0.0000, 0.0000, 0.0000, 0.0000, 0.0000, 0.0000, 0.0000, 0.0000, 0.0256,
        0.0000, 0.0000, 0.8493, 0.0000, 0.0000, 0.0000, 0.0000])
tensor([0.0000, 0.3514, 0.3133, 0.0289, 0.1061, 0.2556, 0.0000, 0.0378, 0.0778,
        0.0812, 0.8742, 0.6286, 0.7580, 0.8889, 0.4704, 0.5810, 0.0000, 0.8583,
        0.0923, 0.0000, 0.0000, 0.0000, 0.1500, 0.0000, 0.0000, 0.3688, 0.0000,
        0.0000, 0.0000, 0.0000, 0.0267, 0.0000, 0.0000, 0.0000, 0.0000, 0.0410,
        0.0000, 0.0000, 0.8681, 0.0000, 0.0000, 0.0000, 0.0000])
tensor([0.0000, 0.4542, 0.2693, 0.0400, 0.0652, 0.3175, 0.0000, 0.0378, 0.0067,
        0.0667, 0.9106, 0.4952, 0.7783, 0.9000, 0.4630, 0.5571, 0.0000, 0.8611,
        0.1436, 0.0000, 0.0000, 0.0000, 0.1000, 0.0000, 0.0000, 0.4958, 0.0000,
        0.0000, 0.0000, 0.0000, 0.0000, 0.0000, 0.0000, 0.0000, 0.0000, 0.0103,
        0.0000, 0.0000, 0.8609, 0.0000, 0.0000, 0.0000, 0.0000])
tensor([0.0000, 0.4931, 0.2547, 0.0111, 0.0697, 0.2460, 0.0000, 0.0444, 0.0644,
        0.0792, 0.8379, 0.6071, 0.8072, 0.8972, 0.5852, 0.6095, 0.0000, 0.7000,
        0.1179, 0.0000, 0.0000, 0.0000, 0.1583, 0.0000, 0.0000, 0.4729, 0.0000,
        0.0000, 0.0000, 0.0000, 0.0067, 0.0000, 0.0000, 0.0000, 0.0000, 0.0359,
        0.0000, 0.0000, 0.9043, 0.0000, 0.0000, 0.0000, 0.0000])
tensor([0.0000, 0.6278, 0.2000, 0.0133, 0.0727, 0.2270, 0.0000, 0.0756, 0.0244,
        0.1208, 0.8848, 0.7524, 0.8043, 0.9028, 0.5000, 0.5667, 0.0000, 0.8361,
        0.0923, 0.0000, 0.0000, 0.0000, 0.1750, 0.0000, 0.0000, 0.4000, 0.0000,
        0.0000, 0.0133, 0.0000, 0.0200, 0.0000, 0.0000, 0.0000, 0.0000, 0.1256,
        0.0000, 0.0000, 0.7754, 0.0000, 0.0000, 0.0000, 0.0000])
tensor([0.0000, 0.4208, 0.3107, 0.0000, 0.1470, 0.2667, 0.0000, 0.0000, 0.0133,
        0.1729, 0.9121, 0.6190, 0.7812, 0.9167, 0.3333, 0.6286, 0.0000, 0.8833,
        0.1051, 0.0000, 0.0000, 0.0000, 0.1500, 0.0000, 0.0000, 0.5625, 0.0000,
        0.0000, 0.0000, 0.0000, 0.0000, 0.0000, 0.0000, 0.0000, 0.0000, 0.0667,
        0.0000, 0.0000, 0.8609, 0.0000, 0.0000, 0.0000, 0.0000])
tensor([0.0000, 0.4653, 0.2680, 0.0022, 0.0803, 0.2778, 0.0333, 0.0933, 0.0133,
        0.2042, 0.9045, 0.6476, 0.7783, 0.9056, 0.2852, 0.6143, 0.0000, 0.8917,
        0.1231, 0.0000, 0.0000, 0.0000, 0.1583, 0.0000, 0.0000, 0.5083, 0.0000,
        0.0000, 0.0000, 0.0000, 0.0000, 0.0000, 0.0000, 0.0000, 0.0000, 0.1077,
        0.0000, 0.0000, 0.8507, 0.0000, 0.0000, 0.0000, 0.0000])
tensor([0.0000, 0.3583, 0.3227, 0.0000, 0.1227, 0.3333, 0.0200, 0.0022, 0.0289,
        0.1729, 0.8879, 0.6024, 0.8087, 0.9125, 0.3852, 0.6810, 0.0000, 0.8694,
        0.1744, 0.0000, 0.0000, 0.0000, 0.1917, 0.0000, 0.0000, 0.5667, 0.0000,
        0.0000, 0.0067, 0.0000, 0.0000, 0.0000, 0.0000, 0.0000, 0.0000, 0.1513,
        0.0000, 0.0000, 0.7797, 0.0000, 0.0000, 0.0000, 0.0000])
tensor([0.0000, 0.4431, 0.3693, 0.0000, 0.1803, 0.2111, 0.0400, 0.0000, 0.0022,
        0.2792, 0.8818, 0.6833, 0.8420, 0.9153, 0.4704, 0.6571, 0.0000, 0.8472,
        0.1923, 0.0000, 0.0000, 0.0000, 0.3167, 0.0000, 0.0000, 0.4208, 0.0000,
        0.0000, 0.0000, 0.0000, 0.0000, 0.0000, 0.0000, 0.0000, 0.0000, 0.2154,
        0.0000, 0.0000, 0.7087, 0.0000, 0.0000, 0.0000, 0.0111])
tensor([0.0000, 0.4403, 0.2920, 0.0000, 0.0848, 0.2619, 0.0400, 0.0667, 0.1622,
        0.2000, 0.7909, 0.6571, 0.7377, 0.9042, 0.4704, 0.6810, 0.0000, 0.8417,
        0.2128, 0.0000, 0.0000, 0.0000, 0.2167, 0.0000, 0.0000, 0.4563, 0.0000,
        0.0000, 0.0133, 0.0000, 0.0133, 0.0000, 0.0000, 0.0000, 0.0000, 0.1846,
        0.0000, 0.0000, 0.7609, 0.0000, 0.0000, 0.0000, 0.0000])
tensor([0.0000, 0.4097, 0.3533, 0.0000, 0.0697, 0.3238, 0.0400, 0.1067, 0.0178,
        0.2083, 0.9227, 0.6524, 0.8058, 0.9153, 0.4815, 0.6952, 0.0000, 0.8528,
        0.1692, 0.0000, 0.0000, 0.0000, 0.3250, 0.0000, 0.0000, 0.6833, 0.0000,
        0.0000, 0.0000, 0.0000, 0.0000, 0.0000, 0.0000, 0.0000, 0.0000, 0.1333,
        0.0000, 0.0000, 0.8188, 0.0000, 0.0000, 0.0000, 0.0000])
tensor([0.0000, 0.4694, 0.3187, 0.0022, 0.1379, 0.2492, 0.1600, 0.1044, 0.0622,
        0.2833, 0.8818, 0.6881, 0.7565, 0.9028, 0.5333, 0.7000, 0.0000, 0.8167,
        0.1974, 0.0000, 0.0000, 0.0000, 0.4167, 0.0000, 0.0000, 0.5708, 0.0000,
        0.0000, 0.0000, 0.0111, 0.0267, 0.0000, 0.0000, 0.0048, 0.0000, 0.2051,
        0.0000, 0.0000, 0.7754, 0.0000, 0.0000, 0.0000, 0.0333])
tensor([0.0000, 0.4083, 0.3707, 0.0000, 0.1773, 0.2746, 0.1600, 0.0511, 0.0467,
        0.2104, 0.8833, 0.6429, 0.8174, 0.9208, 0.5111, 0.7381, 0.0000, 0.8528,
        0.2179, 0.0000, 0.0000, 0.0000, 0.4250, 0.0000, 0.0000, 0.6750, 0.0000,
        0.0000, 0.0000, 0.0000, 0.0067, 0.0000, 0.0000, 0.0190, 0.0000, 0.2179,
        0.0000, 0.0000, 0.7420, 0.0000, 0.0000, 0.0000, 0.0444])
tensor([0.0000, 0.4375, 0.3360, 0.0000, 0.1485, 0.2762, 0.2533, 0.1444, 0.0356,
        0.2771, 0.8939, 0.7024, 0.8101, 0.9194, 0.5593, 0.7429, 0.0000, 0.8472,
        0.2410, 0.0000, 0.0000, 0.0111, 0.5583, 0.0000, 0.0000, 0.6042, 0.0000,
        0.0000, 0.0067, 0.0000, 0.0067, 0.0000, 0.0000, 0.0476, 0.0000, 0.1795,
        0.0000, 0.0000, 0.8072, 0.0000, 0.0000, 0.0000, 0.1333])
tensor([0.0000, 0.4653, 0.2880, 0.0022, 0.1818, 0.2492, 0.2800, 0.1711, 0.0711,
        0.3271, 0.8894, 0.7286, 0.8188, 0.9389, 0.6222, 0.7476, 0.0000, 0.8194,
        0.2385, 0.0000, 0.0000, 0.0000, 0.4250, 0.0000, 0.0000, 0.6313, 0.0000,
        0.0000, 0.0000, 0.0000, 0.0200, 0.0000, 0.0000, 0.0476, 0.0000, 0.2103,
        0.0000, 0.0000, 0.7710, 0.0000, 0.0000, 0.0000, 0.2556])
tensor([0.0000, 0.5542, 0.2813, 0.0022, 0.1621, 0.1952, 0.3333, 0.2578, 0.0378,
        0.4292, 0.9030, 0.7762, 0.7638, 0.9222, 0.5481, 0.6857, 0.0000, 0.8694,
        0.2821, 0.0000, 0.0000, 0.0111, 0.6000, 0.0000, 0.0000, 0.5250, 0.0000,
        0.0000, 0.0000, 0.0000, 0.0000, 0.0000, 0.0000, 0.0333, 0.0000, 0.2333,
        0.0000, 0.0000, 0.7275, 0.0000, 0.0000, 0.0000, 0.2222])
tensor([0.0000, 0.4333, 0.3280, 0.0000, 0.2545, 0.2730, 0.3733, 0.1533, 0.0533,
        0.3250, 0.8879, 0.7119, 0.8145, 0.9333, 0.6111, 0.7286, 0.0267, 0.8583,
        0.2974, 0.0000, 0.0000, 0.0111, 0.5750, 0.0000, 0.0000, 0.5917, 0.0000,
        0.0000, 0.0067, 0.0000, 0.0133, 0.0000, 0.0000, 0.0952, 0.0000, 0.2513,
        0.0000, 0.0000, 0.7217, 0.0000, 0.0000, 0.0000, 0.2778])
tensor([0.0000, 0.5153, 0.2947, 0.0022, 0.1545, 0.2016, 0.4133, 0.2756, 0.0467,
        0.3708, 0.8894, 0.7238, 0.7681, 0.8931, 0.6148, 0.7095, 0.0133, 0.8556,
        0.2974, 0.0000, 0.0000, 0.0222, 0.5667, 0.0000, 0.0000, 0.6833, 0.0000,
        0.0000, 0.0000, 0.0000, 0.0200, 0.0000, 0.0000, 0.0429, 0.0000, 0.2231,
        0.0000, 0.0000, 0.7594, 0.0000, 0.0000, 0.0000, 0.3000])
