#dataset: gtsrb
#way backdoor looks like: backdoor_black_1_percent
#merge strategy: aggregation
#learning rate: 0.0001
#number of benign sources: 5
#number of malicious sources: 0
#batch size: 512
#distribution of data: 50_50
#percentage of poisoned data in backdoored nodes: 1.0
#order of time backdoors being inserted: no
#model replacement: False
#starttime: 101046
training_type;epoch_number;learn_rate;avg_training_loss;avg_test_loss;test_accuracy;timestamp
backdoor;1;0.0001;0.0;3.7632831830215756;0.0;101249
normal;1;0.0001;3.759652492735121;3.759049856105874;5.463182897862233;101249
backdoor;2;0.0001;0.0;3.7946634396804484;0.0;101623
normal;2;0.0001;3.744761143790351;3.7422076904103574;5.566112430720507;101623
backdoor;3;0.0001;0.0;4.169967165695517;0.0;101954
normal;3;0.0001;3.6388671451144745;3.6495491130523803;5.938242280285036;101954
backdoor;4;0.0001;0.0;6.000566848911941;0.0;102325
normal;4;0.0001;3.4418300310770666;4.253840416117688;5.463182897862233;102325
backdoor;5;0.0001;0.0;5.010498423814207;0.0;102659
normal;5;0.0001;3.3744555526309536;4.0583688622698935;5.225653206650831;102659
backdoor;6;0.0001;0.0;5.547158854553271;0.0;103033
normal;6;0.0001;3.456443617078993;4.650839975195467;5.463182897862233;103033
backdoor;7;0.0001;0.0;4.923088463959199;0.0;103405
normal;7;0.0001;3.528565073013306;4.581954856987331;5.938242280285036;103405
backdoor;8;0.0001;0.0;4.934409794388361;0.0;103738
normal;8;0.0001;3.571698988808526;4.8768900408408795;5.257323832145685;103738
backdoor;9;0.0001;0.0;4.674980727774891;0.0;104113
normal;9;0.0001;3.6113296667734787;4.823749480017196;5.938242280285036;104113
backdoor;10;0.0001;0.0;4.74779494429805;0.0;104444
normal;10;0.0001;3.6214271916283503;4.9133608904889154;5.225653206650831;104444
backdoor;11;0.0001;0.0;4.789769241683368;0.0;104820
normal;11;0.0001;3.6293725066714817;4.923851930160704;5.724465558194774;104820
backdoor;12;0.0001;0.0;4.823781974109882;0.0;105155
normal;12;0.0001;3.648026010725234;4.953780410295428;5.637371338083927;105155
backdoor;13;0.0001;0.0;4.849448035354191;0.0;105532
normal;13;0.0001;3.6528116438123917;5.004746766441508;8.194774346793348;105532
backdoor;14;0.0001;0.0;4.788904755774322;0.0;105908
normal;14;0.0001;3.662783824072944;5.0019583151629305;8.45605700712589;105908
backdoor;15;0.0001;0.0;4.786189797976049;0.0;110243
normal;15;0.0001;3.6616968313852944;5.003994985355429;8.479809976247031;110243
backdoor;16;0.0001;0.0;4.784080088563316;0.0;110619
normal;16;0.0001;3.651897218492296;4.984443032694354;10.087094220110847;110619
backdoor;17;0.0001;0.0;4.807417206752895;0.0;110954
normal;17;0.0001;3.6284062491522895;4.98945294136295;10.728424386381631;110954
backdoor;18;0.0001;0.0;4.816935482312079;0.0;111331
normal;18;0.0001;3.5874394045935736;5.011057163700638;10.791765637371338;111331
backdoor;19;0.0001;0.0;4.8178754333834375;0.0;111708
normal;19;0.0001;3.5155243237813316;5.037007427442102;11.227236737925574;111708
backdoor;20;0.0001;0.0;4.83897449919277;0.0;112047
normal;20;0.0001;3.4205204910702176;5.071634933217971;13.30166270783848;112047
backdoor;21;0.0001;0.0;5.211640365975109;0.0;112423
normal;21;0.0001;3.2956387413872616;5.096537431609697;15.803642121931908;112423
backdoor;22;0.0001;0.0;5.763399289962515;0.0;112759
normal;22;0.0001;3.230562305450439;5.40380811532716;18.8756927949327;112759
backdoor;23;0.0001;0.0;7.01754578554904;0.0;113136
normal;23;0.0001;3.1742187923855254;5.310676827207975;22.541567695961994;113136
backdoor;24;0.0001;0.0;8.101595052083333;0.0;113514
normal;24;0.0001;2.9491044388877024;5.004057731235773;24.140934283452097;113514
backdoor;25;0.0001;0.0;8.230485895901376;0.0;113852
normal;25;0.0001;2.807039374775357;5.023728816016553;24.283452098178937;113852
backdoor;26;0.0001;0.0;8.371133686225752;0.0;114229
normal;26;0.0001;2.768039353688558;5.001989412647529;24.505146476642913;114229
backdoor;27;0.0001;0.0;8.440399822316657;0.0;114607
normal;27;0.0001;2.6708696948157415;4.815199500874499;24.58432304038005;114607
backdoor;28;0.0001;0.0;8.383154818790825;0.0;114946
normal;28;0.0001;2.6065811183717513;4.8082249029043265;25.510688836104514;114946
backdoor;29;0.0001;0.0;8.50616336197298;0.0;115322
normal;29;0.0001;2.5585507022009955;4.772786663716876;26.23119556611243;115322
backdoor;30;0.0001;0.0;8.703520438223723;0.0;115659
normal;30;0.0001;2.5390752156575522;4.834208970360594;26.334125098970706;115659
backdoor;31;0.0001;0.0;8.692000731455364;0.0;120036
normal;31;0.0001;2.510739586088392;4.796620297828366;26.555819477434678;120036
backdoor;32;0.0001;0.0;8.833536648542657;0.0;120410
normal;32;0.0001;2.4960927168528237;4.872053654686572;26.872525732383213;120410
backdoor;33;0.0001;0.0;8.799435828322942;0.0;120746
normal;33;0.0001;2.468540610207452;4.780661486748751;27.40300870942201;120746
backdoor;34;0.0001;0.0;8.895814737665775;0.0;121123
normal;34;0.0001;2.453898877567715;4.732464014870349;27.6326207442597;121123
backdoor;35;0.0001;0.0;8.82244864348278;0.0;121459
normal;35;0.0001;2.440552732679579;4.798623343110556;28.273950910530484;121459
backdoor;36;0.0001;0.0;8.884616473055226;0.0;121835
normal;36;0.0001;2.4375610444280835;4.750038730503545;28.30562153602534;121835
backdoor;37;0.0001;0.0;8.81728579414712;0.0;122212
normal;37;0.0001;2.4083091364966496;4.732706116157586;28.653998416468724;122212
backdoor;38;0.0001;0.0;8.734273458376633;0.0;122549
normal;38;0.0001;2.378892211119334;4.709245238677906;29.334916864608076;122549
backdoor;39;0.0001;0.0;8.75244641277588;0.047505938242280284;122926
normal;39;0.0001;2.353995784123739;4.752161847837181;29.95249406175772;122926
backdoor;40;0.0001;0.0;8.760265040454275;0.07125890736342043;123302
normal;40;0.0001;2.352284643385145;4.775862767936121;30.387965162311957;123302
backdoor;41;0.0001;0.0;8.782993662782067;0.19794140934283452;123639
normal;41;0.0001;2.317447923289405;4.696321244892957;31.18764845605701;123639
backdoor;42;0.0001;0.0;8.758020531781968;0.3246239113222486;124016
normal;42;0.0001;2.2985262751579287;4.747780517916404;31.456848772763262;124016
backdoor;43;0.0001;0.0;8.871349024829275;0.3404592240696754;124350
normal;43;0.0001;2.2765521354145477;4.636519596827757;31.623119556611243;124350
backdoor;44;0.0001;0.0;8.978400629546467;0.3642121931908155;124726
normal;44;0.0001;2.2612388730049133;4.821195383441892;31.93982581155978;124726
backdoor;45;0.0001;0.0;8.847447966925227;0.43547110055423593;125104
normal;45;0.0001;2.247650400797526;4.785289054622937;33.04038004750594;125104
backdoor;46;0.0001;0.0;9.103012150200415;0.4513064133016627;125442
normal;46;0.0001;2.2168287820286223;4.722847174541023;33.14330958036421;125442
backdoor;47;0.0001;0.0;8.933700027526227;0.6334125098970704;125819
normal;47;0.0001;2.201729367838966;4.682640546857603;33.38083927157562;125819
backdoor;48;0.0001;0.0;9.167806202215706;0.601741884402217;130154
normal;48;0.0001;2.1666894634564717;4.680985943212079;33.547110055423595;130154
backdoor;49;0.0001;0.0;9.25632639301267;0.7046714172604909;130532
normal;49;0.0001;2.1741791897349887;4.710563676581907;34.180522565320665;130532
backdoor;50;0.0001;0.0;9.303077756952693;0.8234362628661916;130910
normal;50;0.0001;2.158980022536384;4.725836939747524;34.703087885985745;130910
backdoor;51;0.0001;0.0;9.408374429372031;0.8234362628661916;131245
normal;51;0.0001;2.1429348680708147;4.5708042425667585;34.948535233570865;131245
backdoor;52;0.0001;0.0;9.779342436318537;0.665083135391924;131623
normal;52;0.0001;2.1274407585461934;4.707934950876123;35.186064924782265;131623
backdoor;53;0.0001;0.0;9.748397254490795;0.7996832937450514;132001
normal;53;0.0001;2.1058931854036116;4.659511221238572;35.82739509105305;132001
backdoor;54;0.0001;0.0;9.98134856477014;0.7363420427553444;132340
normal;54;0.0001;2.0940835952758787;4.668284558608055;36.167854315122725;132340
backdoor;55;0.0001;0.0;10.088751882763015;0.7917656373713381;132718
normal;55;0.0001;2.081640447510613;4.661497973565157;36.539984164687255;132718
backdoor;56;0.0001;0.0;10.104468991241093;0.9659540775930324;133056
normal;56;0.0001;2.049854519632128;4.50478935030275;37.038796516231194;133056
backdoor;57;0.0001;0.0;10.357343201021873;1.1163895486935866;133438
normal;57;0.0001;2.060833662086063;4.6396482514466735;37.40300870942201;133438
backdoor;58;0.0001;0.0;10.60649300014227;1.0451306413301662;133818
normal;58;0.0001;2.03310350841946;4.440541872823418;38.11559778305622;133818
backdoor;59;0.0001;0.0;10.811130338232383;1.3143309580364213;134159
normal;59;0.0001;2.002224636740155;4.535153053265569;38.79651623119557;134159
backdoor;60;0.0001;0.0;11.036393499789687;1.2430720506730009;134541
normal;60;0.0001;1.9891141315301262;4.463965691259147;39.311163895486935;134541
backdoor;61;0.0001;0.0;11.001485179136976;1.6152019002375297;134922
normal;61;0.0001;1.9573581847879622;4.394871374811337;39.6437054631829;134922
backdoor;62;0.0001;0.0;11.280817447762026;1.5676959619952493;135305
normal;62;0.0001;1.9504555126031238;4.347313642162042;40.427553444180525;135305
backdoor;63;0.0001;0.0;11.492078767536372;1.6072842438638164;135644
normal;63;0.0001;1.925249805715349;4.456874234885897;40.6492478226445;135644
backdoor;64;0.0001;0.0;11.707606420569824;1.6152019002375297;140026
normal;64;0.0001;1.920202296972275;4.37620753139517;41.07680126682502;140026
backdoor;65;0.0001;0.0;11.803113189238173;1.6785431512272366;140407
normal;65;0.0001;1.9002790199385748;4.382788159029879;41.346001583531276;140407
backdoor;66;0.0001;0.0;12.012434818512471;1.6310372129849564;140749
normal;66;0.0001;1.854815573824777;4.339649738665148;41.88440221694378;140749
backdoor;67;0.0001;0.0;12.208722779190172;1.7102137767220902;141132
normal;67;0.0001;1.8418862700462344;4.223279846384709;42.18527315914489;141132
backdoor;68;0.0001;0.0;12.27446544221348;1.6706254948535233;141513
normal;68;0.0001;1.7957036581304335;4.286453292979575;42.28820269200317;141513
backdoor;69;0.0001;0.0;12.37605249158749;1.892319873317498;141854
normal;69;0.0001;1.800897091627121;4.305489666803621;42.454473475851145;141854
backdoor;70;0.0001;0.0;12.785835629762966;1.6152019002375297;142237
normal;70;0.0001;1.7962850126955243;4.256243624955251;42.73950910530483;142237
backdoor;71;0.0001;0.0;12.735033773752969;2.098178939034046;142618
normal;71;0.0001;1.756740716430876;4.160260771798974;43.32541567695962;142618
backdoor;72;0.0001;0.0;12.954402765921913;1.9239904988123515;143000
normal;72;0.0001;1.7528960506121318;4.307741331582209;43.09580364212193;143000
backdoor;73;0.0001;0.0;13.074625187116489;1.8052256532066508;143340
normal;73;0.0001;1.7607759382989672;4.184430302841174;43.51543942992874;143340
backdoor;74;0.0001;0.0;12.99145967871635;2.098178939034046;143721
normal;74;0.0001;1.7043570770157708;4.153421384459531;43.73713380839271;143721
backdoor;75;0.0001;0.0;13.012424418856394;2.0823436262866193;144102
normal;75;0.0001;1.718124427398046;4.096916045296881;44.38638163103721;144102
backdoor;76;0.0001;0.0;13.107767383276425;1.9794140934283453;144445
normal;76;0.0001;1.689542027314504;4.114265576601972;44.35471100554236;144445
backdoor;77;0.0001;0.0;12.908662642888954;2.414885193982581;144828
normal;77;0.0001;1.6995128707753286;4.143298584491793;44.34679334916865;144828
backdoor;78;0.0001;0.0;13.45366029233472;1.559778305621536;145211
normal;78;0.0001;1.681719605459107;4.248751670070234;44.441805225653205;145211
backdoor;79;0.0001;0.0;13.080339082912708;2.019002375296912;145555
normal;79;0.0001;1.6793232709169388;4.101436505049632;45.051464766429135;145555
backdoor;80;0.0001;0.0;13.215155469059283;1.8844022169437846;145937
normal;80;0.0001;1.674189599355062;4.1299893234989895;44.99604117181315;145937
backdoor;81;0.0001;0.0;13.122416787287213;1.955661124307205;150319
normal;81;0.0001;1.6473336478074392;4.094682353692496;45.56611243072051;150319
backdoor;82;0.0001;0.0;13.284954094603622;1.828978622327791;150702
normal;82;0.0001;1.6342147277461156;4.057401978469329;45.71654790182106;150702
backdoor;83;0.0001;0.0;13.131818849589271;2.1852731591448933;151043
normal;83;0.0001;1.621601454416911;4.157892202406012;45.075217735550275;151043
backdoor;84;0.0001;0.0;13.500697743467933;1.7102137767220902;151425
normal;84;0.0001;1.6200899170504675;3.9912727990229735;46.104513064133016;151425
backdoor;85;0.0001;0.0;13.25931801452395;2.1773555027711797;151808
normal;85;0.0001;1.5877514315976038;4.039820786005716;46.690419635787805;151808
backdoor;86;0.0001;0.0;13.51209483867775;1.8448139350752177;152152
normal;86;0.0001;1.5990600890583462;4.0864435085680215;46.00950118764845;152152
backdoor;87;0.0001;0.0;13.388807147849862;1.9002375296912113;152536
normal;87;0.0001;1.5892376505666308;3.90310413816668;46.23119556611243;152536
backdoor;88;0.0001;0.0;13.61961456322991;1.789390340459224;152918
normal;88;0.0001;1.5464044289456471;3.934150553542475;46.70625494853523;152918
backdoor;89;0.0001;0.0;13.72936866742132;1.726049089469517;153301
normal;89;0.0001;1.5420169307125942;4.032490032736687;47.05463182897862;153301
backdoor;90;0.0001;0.0;13.280974235142024;2.240696753760887;153644
normal;90;0.0001;1.5555331895748774;3.874116447551422;46.90419635787807;153644
backdoor;91;0.0001;0.0;13.70987298501831;1.7973079968329375;154028
normal;91;0.0001;1.5420043544636832;3.977786141921864;46.777513855898654;154028
backdoor;92;0.0001;0.0;13.50400367428741;1.9477434679334917;154412
normal;92;0.0001;1.5511878659327827;3.6816821493237906;48.36896278701504;154412
backdoor;93;0.0001;0.0;13.79379395691063;1.7418844022169437;154754
normal;93;0.0001;1.5077170272668203;3.9646338637254583;47.71179730799683;154754
backdoor;94;0.0001;0.0;13.836963470531472;1.7339667458432304;155138
normal;94;0.0001;1.5486218515369625;3.8757172068809576;47.65637371338084;155138
backdoor;95;0.0001;0.0;13.949321896031275;1.6943784639746635;155521
normal;95;0.0001;1.4737601555056041;3.845096828554324;47.980997624703086;155521
backdoor;96;0.0001;0.0;13.513540584174585;1.9714964370546317;155903
normal;96;0.0001;1.494212829404407;3.758828807537837;49.08155186064925;155903
backdoor;97;0.0001;0.0;13.73509976710956;1.9081551860649248;160247
normal;97;0.0001;1.4919288330607943;3.8996337063050137;49.12114014251782;160247
backdoor;98;0.0001;0.0;13.811893959075613;1.8131433095803642;160630
normal;98;0.0001;1.499576695760091;3.891741993497122;48.97070467141726;160630
backdoor;99;0.0001;0.0;13.982921213133412;1.5281076801266824;161014
normal;99;0.0001;1.4870559622844062;3.798086210176856;48.891528107680124;161014
backdoor;100;0.0001;0.0;13.604666739348279;1.9477434679334917;161356
normal;100;0.0001;1.4627817584408656;3.8191035402831064;49.87331749802058;161356
