tensor([0.0000, 0.8972, 0.0000, 0.0000, 0.1394, 0.0000, 0.0000, 0.0000, 0.0000,
        0.0000, 0.0000, 0.0000, 0.0000, 0.0000, 0.0000, 0.0000, 0.0000, 0.0000,
        0.0000, 0.0000, 0.0000, 0.0000, 0.0000, 0.0000, 0.0000, 0.0000, 0.0000,
        0.0000, 0.0000, 0.0000, 0.0000, 0.0000, 0.0000, 0.0000, 0.0000, 0.0000,
        0.0000, 0.0000, 0.0000, 0.0000, 0.0000, 0.0000, 0.0000])
tensor([0., 1., 0., 0., 0., 0., 0., 0., 0., 0., 0., 0., 0., 0., 0., 0., 0., 0.,
        0., 0., 0., 0., 0., 0., 0., 0., 0., 0., 0., 0., 0., 0., 0., 0., 0., 0.,
        0., 0., 0., 0., 0., 0., 0.])
tensor([0.0000, 0.0000, 0.1760, 0.0000, 0.0697, 0.0000, 0.0000, 0.0000, 0.0000,
        0.0000, 0.9106, 0.0000, 0.3928, 0.0000, 0.0000, 0.0000, 0.0000, 0.0000,
        0.0000, 0.0000, 0.0000, 0.0000, 0.0000, 0.0000, 0.0000, 0.0000, 0.0000,
        0.0000, 0.0000, 0.0000, 0.0000, 0.0000, 0.0000, 0.0000, 0.0000, 0.0000,
        0.0000, 0.0000, 0.1522, 0.0000, 0.0000, 0.0000, 0.0000])
tensor([0.0000, 0.0000, 0.4213, 0.0000, 0.0091, 0.0000, 0.0000, 0.0000, 0.0000,
        0.0000, 0.8985, 0.0000, 0.2536, 0.0000, 0.0000, 0.0000, 0.0000, 0.0000,
        0.0000, 0.0000, 0.0000, 0.0000, 0.0000, 0.0000, 0.0000, 0.0000, 0.0000,
        0.0000, 0.0000, 0.0000, 0.0000, 0.0000, 0.0000, 0.0000, 0.0000, 0.0000,
        0.0000, 0.0000, 0.0130, 0.0000, 0.0000, 0.0000, 0.0000])
tensor([0.0000, 0.0764, 0.3867, 0.0000, 0.0439, 0.0000, 0.0000, 0.0000, 0.0000,
        0.0000, 0.8955, 0.0000, 0.1522, 0.1139, 0.0000, 0.0000, 0.0000, 0.0000,
        0.0000, 0.0000, 0.0000, 0.0000, 0.0000, 0.0000, 0.0000, 0.0000, 0.0000,
        0.0000, 0.0000, 0.0000, 0.0000, 0.0000, 0.0000, 0.0000, 0.0000, 0.0000,
        0.0000, 0.0000, 0.0507, 0.0000, 0.0000, 0.0000, 0.0000])
tensor([0.0000, 0.2750, 0.2840, 0.0000, 0.0394, 0.0000, 0.0000, 0.0000, 0.0000,
        0.0000, 0.8879, 0.0000, 0.1333, 0.4306, 0.0000, 0.0000, 0.0000, 0.0000,
        0.0000, 0.0000, 0.0000, 0.0000, 0.0000, 0.0000, 0.0000, 0.0000, 0.0000,
        0.0000, 0.0000, 0.0000, 0.0000, 0.0000, 0.0000, 0.0000, 0.0000, 0.0000,
        0.0000, 0.0000, 0.0754, 0.0000, 0.0000, 0.0000, 0.0000])
tensor([0.0000, 0.3014, 0.2853, 0.0000, 0.0727, 0.0000, 0.0000, 0.0000, 0.0000,
        0.0000, 0.8652, 0.0000, 0.2913, 0.5597, 0.0000, 0.0000, 0.0000, 0.0000,
        0.0000, 0.0000, 0.0000, 0.0000, 0.0000, 0.0000, 0.0000, 0.0000, 0.0000,
        0.0000, 0.0000, 0.0000, 0.0000, 0.0000, 0.0000, 0.0000, 0.0000, 0.0000,
        0.0000, 0.0000, 0.1232, 0.0000, 0.0000, 0.0000, 0.0000])
tensor([0.0000, 0.3000, 0.3107, 0.0000, 0.0970, 0.1000, 0.0000, 0.0000, 0.0000,
        0.0000, 0.8864, 0.0000, 0.5000, 0.6861, 0.0000, 0.0000, 0.0000, 0.7778,
        0.0000, 0.0000, 0.0000, 0.0000, 0.0000, 0.0000, 0.0000, 0.0000, 0.0000,
        0.0000, 0.0000, 0.0000, 0.0000, 0.0000, 0.0000, 0.0000, 0.0000, 0.0000,
        0.0000, 0.0000, 0.5435, 0.0000, 0.0000, 0.0000, 0.0000])
tensor([0.0000, 0.2236, 0.3493, 0.1044, 0.1318, 0.0730, 0.0000, 0.0000, 0.0222,
        0.0021, 0.5288, 0.0381, 0.6391, 0.7889, 0.1000, 0.0000, 0.0000, 0.8444,
        0.1128, 0.0000, 0.0000, 0.0000, 0.0000, 0.0000, 0.0000, 0.2646, 0.0000,
        0.0000, 0.0000, 0.0000, 0.0000, 0.0000, 0.0000, 0.0000, 0.0000, 0.0051,
        0.0000, 0.0000, 0.9638, 0.0000, 0.0000, 0.0000, 0.0000])
tensor([0.0000, 0.4347, 0.2547, 0.2067, 0.2485, 0.1222, 0.0000, 0.0111, 0.1778,
        0.1854, 0.7636, 0.3881, 0.8188, 0.8819, 0.5852, 0.0000, 0.0000, 0.8583,
        0.3615, 0.0000, 0.0000, 0.0000, 0.0000, 0.0000, 0.0000, 0.5354, 0.0056,
        0.0000, 0.0000, 0.0000, 0.0000, 0.0481, 0.0000, 0.0095, 0.0000, 0.2333,
        0.0000, 0.0000, 0.9391, 0.0000, 0.0000, 0.0000, 0.0000])
tensor([0.0000, 0.3681, 0.3200, 0.2067, 0.3288, 0.1413, 0.0000, 0.1978, 0.1978,
        0.3979, 0.7864, 0.5833, 0.8159, 0.8833, 0.6667, 0.0048, 0.3867, 0.8722,
        0.4769, 0.0000, 0.0000, 0.0000, 0.0083, 0.0000, 0.0000, 0.6458, 0.1778,
        0.0000, 0.0267, 0.0000, 0.0467, 0.2222, 0.0000, 0.4429, 0.0000, 0.3333,
        0.0000, 0.0000, 0.9580, 0.0000, 0.0000, 0.0167, 0.0000])
tensor([0.0000, 0.3611, 0.3413, 0.2867, 0.5409, 0.1698, 0.3667, 0.3200, 0.2111,
        0.6104, 0.8379, 0.6167, 0.8246, 0.8986, 0.8037, 0.3476, 0.5933, 0.8694,
        0.5077, 0.0000, 0.0000, 0.0111, 0.1417, 0.0200, 0.0000, 0.7875, 0.3333,
        0.0000, 0.2067, 0.0000, 0.0467, 0.3148, 0.0333, 0.8143, 0.0000, 0.4282,
        0.0000, 0.0000, 0.9522, 0.2778, 0.0000, 0.0333, 0.0000])
tensor([0.0000, 0.4514, 0.3787, 0.4489, 0.6455, 0.3016, 0.3933, 0.4333, 0.3111,
        0.7167, 0.8424, 0.6619, 0.8203, 0.9153, 0.8370, 0.7571, 0.6800, 0.8667,
        0.6000, 0.0000, 0.0000, 0.0333, 0.4750, 0.2400, 0.0000, 0.7896, 0.2778,
        0.0000, 0.4400, 0.0000, 0.0800, 0.5296, 0.3167, 0.9810, 0.5500, 0.5256,
        0.2750, 0.0500, 0.9464, 0.6667, 0.5667, 0.1333, 0.0111])
tensor([0.0000, 0.4778, 0.4773, 0.6356, 0.7273, 0.4063, 0.3933, 0.4911, 0.4933,
        0.7771, 0.8955, 0.7024, 0.8275, 0.9375, 0.9111, 0.8333, 0.7800, 0.8639,
        0.6128, 0.0000, 0.0333, 0.0444, 0.7083, 0.3267, 0.0000, 0.8125, 0.5056,
        0.0000, 0.6333, 0.0000, 0.1200, 0.6074, 0.5167, 0.9762, 0.7333, 0.7564,
        0.4500, 0.6333, 0.9551, 0.6667, 0.6556, 0.2333, 0.2889])
tensor([0.0000, 0.4625, 0.5387, 0.7133, 0.7455, 0.4921, 0.4733, 0.5289, 0.7111,
        0.8042, 0.9167, 0.7190, 0.8391, 0.9514, 0.9333, 0.8857, 0.8867, 0.8917,
        0.6256, 0.0000, 0.1889, 0.1222, 0.7667, 0.3933, 0.0111, 0.8188, 0.5556,
        0.1167, 0.6933, 0.0889, 0.1867, 0.6889, 0.7000, 0.9714, 0.7750, 0.8641,
        0.6417, 0.7833, 0.9594, 0.6667, 0.7000, 0.2833, 0.6000])
tensor([0.0000, 0.3917, 0.7093, 0.7111, 0.7500, 0.4984, 0.5200, 0.5867, 0.7756,
        0.8458, 0.9212, 0.7786, 0.8478, 0.9528, 0.9519, 0.9143, 0.9000, 0.9167,
        0.6385, 0.0000, 0.2778, 0.2778, 0.8083, 0.4267, 0.0222, 0.8333, 0.5889,
        0.2833, 0.7067, 0.1889, 0.4000, 0.7111, 0.7833, 0.9429, 0.7833, 0.9308,
        0.7750, 0.8000, 0.9623, 0.6667, 0.8556, 0.5333, 0.7000])
tensor([0.0000, 0.4917, 0.7840, 0.8289, 0.7606, 0.5492, 0.6400, 0.5756, 0.8178,
        0.9042, 0.9364, 0.8000, 0.8754, 0.9667, 0.9778, 0.9429, 0.9200, 0.9389,
        0.6128, 0.0167, 0.3778, 0.3222, 0.8167, 0.4933, 0.1444, 0.8479, 0.6833,
        0.3000, 0.7133, 0.4444, 0.4200, 0.7667, 0.8000, 0.9524, 0.8167, 0.9462,
        0.8917, 0.8000, 0.9609, 0.6667, 0.8889, 0.5333, 0.8000])
tensor([0.0000, 0.6069, 0.7293, 0.8289, 0.8015, 0.6476, 0.6333, 0.6222, 0.8311,
        0.9042, 0.9333, 0.8071, 0.8826, 0.9694, 0.9815, 0.9619, 0.9400, 0.9472,
        0.6205, 0.1000, 0.4111, 0.3333, 0.8333, 0.5000, 0.1778, 0.8833, 0.6611,
        0.3333, 0.6933, 0.5333, 0.4867, 0.7815, 0.8333, 0.9476, 0.8500, 0.9513,
        0.8917, 0.8000, 0.9594, 0.6667, 0.9667, 0.5333, 0.8556])
tensor([0.0000, 0.6889, 0.7240, 0.8556, 0.8061, 0.6952, 0.6600, 0.6556, 0.8578,
        0.9250, 0.9439, 0.8071, 0.8899, 0.9708, 0.9852, 0.9714, 0.9400, 0.9556,
        0.6359, 0.1833, 0.4222, 0.3667, 0.8583, 0.5467, 0.2667, 0.8771, 0.6889,
        0.3500, 0.7467, 0.5667, 0.5133, 0.7963, 0.8833, 0.9524, 0.8583, 0.9513,
        0.8917, 0.8333, 0.9609, 0.7333, 0.9889, 0.5667, 0.8889])
tensor([0.0000, 0.7153, 0.8013, 0.8822, 0.7864, 0.7048, 0.6733, 0.6933, 0.8667,
        0.9271, 0.9500, 0.8286, 0.9130, 0.9806, 0.9963, 0.9667, 0.9533, 0.9667,
        0.6385, 0.0833, 0.3889, 0.4222, 0.9000, 0.5533, 0.2333, 0.8917, 0.7167,
        0.3833, 0.7467, 0.5778, 0.5400, 0.8111, 0.9000, 0.9714, 0.8667, 0.9667,
        0.9083, 0.8167, 0.9522, 0.6667, 0.9667, 0.5667, 0.8889])
tensor([0.0000, 0.7375, 0.8187, 0.8844, 0.8212, 0.7381, 0.6933, 0.6978, 0.8733,
        0.9354, 0.9561, 0.8333, 0.9116, 0.9764, 0.9963, 0.9667, 0.9533, 0.9722,
        0.6590, 0.2333, 0.5111, 0.3222, 0.9000, 0.5667, 0.3667, 0.9021, 0.7278,
        0.3667, 0.7267, 0.5778, 0.6067, 0.8222, 0.9000, 0.9762, 0.8750, 0.9667,
        0.9000, 0.8333, 0.9580, 0.7333, 0.9889, 0.5833, 0.8889])
tensor([0.0167, 0.7306, 0.8213, 0.9000, 0.8485, 0.7635, 0.6933, 0.7222, 0.8911,
        0.9312, 0.9606, 0.8429, 0.9232, 0.9764, 0.9963, 0.9429, 0.9533, 0.9833,
        0.6615, 0.2667, 0.5556, 0.3556, 0.9167, 0.6067, 0.3222, 0.9104, 0.7167,
        0.3667, 0.7400, 0.5778, 0.6533, 0.8444, 0.9333, 0.9667, 0.8833, 0.9718,
        0.9167, 0.8500, 0.9580, 0.7333, 0.9889, 0.5833, 0.8889])
tensor([0.0167, 0.7583, 0.8680, 0.9111, 0.8500, 0.7556, 0.7000, 0.7533, 0.9022,
        0.9500, 0.9682, 0.8286, 0.9217, 0.9792, 0.9963, 0.9571, 0.9467, 0.9833,
        0.6641, 0.2667, 0.5222, 0.4000, 0.9167, 0.6200, 0.3778, 0.9125, 0.7389,
        0.4000, 0.8267, 0.5778, 0.6600, 0.8778, 0.9500, 0.9667, 0.8917, 0.9718,
        0.9333, 0.8500, 0.9565, 0.8000, 0.9889, 0.6000, 0.8889])
tensor([0.0333, 0.8250, 0.8547, 0.9111, 0.8348, 0.8063, 0.7200, 0.7733, 0.9133,
        0.9521, 0.9667, 0.8548, 0.9348, 0.9764, 0.9963, 0.9667, 0.9400, 0.9778,
        0.6744, 0.3333, 0.5667, 0.4000, 0.9167, 0.6333, 0.3556, 0.9104, 0.7444,
        0.3833, 0.8200, 0.5889, 0.6733, 0.8704, 0.9667, 0.9667, 0.9167, 0.9718,
        0.9333, 0.8833, 0.9551, 0.8000, 0.9889, 0.6000, 0.9111])
tensor([0.0333, 0.8333, 0.8880, 0.9222, 0.8455, 0.7746, 0.7067, 0.7778, 0.9156,
        0.9521, 0.9682, 0.8405, 0.9449, 0.9764, 0.9963, 0.9571, 0.9533, 0.9750,
        0.6795, 0.3833, 0.6111, 0.4111, 0.9167, 0.6467, 0.4444, 0.9146, 0.7556,
        0.3833, 0.8067, 0.6111, 0.6867, 0.8889, 0.9667, 0.9619, 0.9500, 0.9744,
        0.9167, 0.8833, 0.9551, 0.9000, 0.9889, 0.6167, 0.9111])
tensor([0.0333, 0.8375, 0.8947, 0.9222, 0.8621, 0.7841, 0.7333, 0.7956, 0.9200,
        0.9542, 0.9712, 0.8571, 0.9551, 0.9806, 0.9963, 0.9476, 0.9533, 0.9750,
        0.6795, 0.4333, 0.6556, 0.4222, 0.9333, 0.6667, 0.4111, 0.9229, 0.7667,
        0.3833, 0.8200, 0.6111, 0.6733, 0.9037, 1.0000, 0.9619, 0.9333, 0.9718,
        0.9250, 0.8833, 0.9565, 0.8222, 0.9889, 0.6167, 0.9111])
tensor([0.0333, 0.8806, 0.8907, 0.9067, 0.8545, 0.8063, 0.7333, 0.8089, 0.9267,
        0.9604, 0.9712, 0.8571, 0.9565, 0.9806, 0.9963, 0.9524, 0.9467, 0.9750,
        0.6872, 0.3833, 0.6000, 0.4667, 0.9333, 0.7067, 0.4333, 0.9229, 0.7611,
        0.4000, 0.8600, 0.6222, 0.7000, 0.9296, 1.0000, 0.9571, 0.9417, 0.9795,
        0.9333, 0.8833, 0.9565, 0.8667, 0.9889, 0.6167, 0.9111])
tensor([0.0667, 0.8528, 0.9133, 0.9089, 0.8727, 0.8175, 0.7333, 0.7933, 0.9422,
        0.9625, 0.9712, 0.8643, 0.9594, 0.9764, 0.9889, 0.9667, 0.9667, 0.9778,
        0.6923, 0.4333, 0.5889, 0.4333, 0.9333, 0.7533, 0.5000, 0.9250, 0.7722,
        0.4000, 0.8667, 0.6222, 0.7133, 0.9407, 1.0000, 0.9619, 0.9750, 0.9769,
        0.9500, 0.8833, 0.9580, 0.9111, 0.9889, 0.6333, 0.9333])
tensor([0.1000, 0.8917, 0.9080, 0.9200, 0.8712, 0.8222, 0.7400, 0.8111, 0.9444,
        0.9667, 0.9742, 0.8571, 0.9594, 0.9806, 0.9889, 0.9762, 0.9467, 0.9778,
        0.6974, 0.4500, 0.6556, 0.4778, 0.9333, 0.7600, 0.5000, 0.9292, 0.7833,
        0.4000, 0.8667, 0.6556, 0.7000, 0.9407, 1.0000, 0.9619, 0.9750, 0.9769,
        0.9417, 0.8833, 0.9580, 0.8667, 0.9778, 0.6167, 0.9111])
tensor([0.1000, 0.8861, 0.9173, 0.9356, 0.8712, 0.8238, 0.7400, 0.8200, 0.9467,
        0.9604, 0.9742, 0.8571, 0.9696, 0.9819, 0.9926, 0.9714, 0.9600, 0.9778,
        0.6974, 0.4667, 0.6000, 0.4556, 0.9500, 0.7867, 0.5111, 0.9229, 0.7833,
        0.4000, 0.8733, 0.6556, 0.7067, 0.9444, 1.0000, 0.9667, 0.9750, 0.9795,
        0.9417, 0.8833, 0.9609, 0.9111, 0.9889, 0.6333, 0.9333])
tensor([0.1000, 0.8847, 0.9253, 0.9400, 0.8788, 0.8254, 0.7400, 0.8156, 0.9467,
        0.9625, 0.9788, 0.8667, 0.9667, 0.9833, 0.9889, 0.9714, 0.9667, 0.9778,
        0.7179, 0.4500, 0.6667, 0.4111, 0.9500, 0.8000, 0.5222, 0.9292, 0.7778,
        0.4000, 0.8533, 0.6667, 0.7267, 0.9519, 1.0000, 0.9667, 0.9750, 0.9795,
        0.9417, 0.8833, 0.9623, 0.8889, 0.9667, 0.6167, 0.9222])
tensor([0.1333, 0.9028, 0.9253, 0.9400, 0.8788, 0.8397, 0.7467, 0.8400, 0.9489,
        0.9708, 0.9788, 0.8667, 0.9681, 0.9833, 0.9963, 0.9762, 0.9733, 0.9750,
        0.7154, 0.4667, 0.6889, 0.4333, 0.9500, 0.8267, 0.5111, 0.9292, 0.7944,
        0.4000, 0.8533, 0.6556, 0.7200, 0.9519, 1.0000, 0.9667, 0.9750, 0.9795,
        0.9417, 0.9000, 0.9652, 0.9000, 0.9667, 0.6167, 0.9333])
tensor([0.1667, 0.9097, 0.9280, 0.9356, 0.8773, 0.8540, 0.7467, 0.8311, 0.9511,
        0.9646, 0.9833, 0.8571, 0.9710, 0.9847, 0.9926, 0.9810, 0.9733, 0.9639,
        0.7231, 0.4667, 0.6889, 0.4667, 0.9583, 0.8867, 0.5444, 0.9354, 0.7889,
        0.4000, 0.8667, 0.6556, 0.7400, 0.9556, 1.0000, 0.9619, 0.9750, 0.9795,
        0.9417, 0.9000, 0.9681, 0.9111, 0.9556, 0.6333, 0.9333])
tensor([0.2000, 0.9097, 0.9307, 0.9422, 0.8803, 0.8460, 0.7400, 0.8422, 0.9511,
        0.9708, 0.9833, 0.8833, 0.9681, 0.9847, 0.9926, 0.9810, 0.9667, 0.9694,
        0.7231, 0.4667, 0.6889, 0.4111, 0.9583, 0.8667, 0.5778, 0.9292, 0.7889,
        0.4167, 0.8733, 0.6667, 0.7400, 0.9556, 1.0000, 0.9714, 0.9750, 0.9795,
        0.9417, 0.9000, 0.9696, 0.9111, 0.9222, 0.6333, 0.9333])
tensor([0.2000, 0.9333, 0.9280, 0.9422, 0.8848, 0.8476, 0.7467, 0.8511, 0.9533,
        0.9646, 0.9833, 0.8857, 0.9768, 0.9889, 0.9889, 0.9762, 0.9733, 0.9611,
        0.7282, 0.5333, 0.7333, 0.4556, 0.9667, 0.8800, 0.5556, 0.9292, 0.7944,
        0.4500, 0.8800, 0.6778, 0.7600, 0.9593, 1.0000, 0.9714, 0.9750, 0.9795,
        0.9500, 0.9000, 0.9696, 0.9000, 0.9222, 0.6333, 0.9222])
tensor([0.2167, 0.9222, 0.9333, 0.9400, 0.8818, 0.8476, 0.7467, 0.8511, 0.9533,
        0.9729, 0.9848, 0.8810, 0.9696, 0.9889, 0.9889, 0.9810, 0.9600, 0.9556,
        0.7231, 0.5000, 0.7444, 0.4556, 0.9667, 0.8800, 0.5333, 0.9312, 0.8167,
        0.4167, 0.8800, 0.7111, 0.7333, 0.9593, 1.0000, 0.9619, 0.9750, 0.9795,
        0.9500, 0.9000, 0.9710, 0.8556, 0.9111, 0.6333, 0.9222])
tensor([0.2167, 0.9292, 0.9360, 0.9378, 0.8803, 0.8476, 0.7467, 0.8467, 0.9444,
        0.9708, 0.9864, 0.8976, 0.9768, 0.9917, 0.9889, 0.9810, 0.9600, 0.9528,
        0.7231, 0.5500, 0.7333, 0.4333, 0.9667, 0.9067, 0.5667, 0.9271, 0.8167,
        0.4500, 0.9133, 0.7000, 0.7467, 0.9593, 1.0000, 0.9714, 0.9750, 0.9769,
        0.9500, 0.9167, 0.9710, 0.8889, 0.9000, 0.6500, 0.9222])
tensor([0.2833, 0.9361, 0.9360, 0.9333, 0.8864, 0.8524, 0.7533, 0.8422, 0.9556,
        0.9688, 0.9864, 0.9000, 0.9783, 0.9889, 0.9889, 0.9952, 0.9600, 0.9528,
        0.7282, 0.5667, 0.7556, 0.5000, 0.9750, 0.8933, 0.5778, 0.9250, 0.8167,
        0.4500, 0.9200, 0.7000, 0.7533, 0.9593, 1.0000, 0.9714, 0.9750, 0.9795,
        0.9500, 0.9167, 0.9739, 0.9111, 0.9000, 0.6833, 0.9111])
tensor([0.2833, 0.9292, 0.9413, 0.9378, 0.8909, 0.8540, 0.7600, 0.8533, 0.9444,
        0.9708, 0.9864, 0.8952, 0.9797, 0.9917, 0.9889, 0.9762, 0.9600, 0.9528,
        0.7256, 0.5667, 0.7889, 0.4778, 0.9750, 0.9067, 0.5889, 0.9292, 0.8167,
        0.4500, 0.9200, 0.6889, 0.7467, 0.9630, 1.0000, 0.9762, 0.9750, 0.9769,
        0.9500, 0.9167, 0.9783, 0.9000, 0.8778, 0.6667, 0.9111])
tensor([0.3000, 0.9236, 0.9413, 0.9333, 0.8970, 0.8635, 0.7667, 0.8378, 0.9444,
        0.9604, 0.9879, 0.8952, 0.9783, 0.9903, 0.9889, 0.9810, 0.9600, 0.9528,
        0.7462, 0.5667, 0.8111, 0.4444, 0.9667, 0.9200, 0.6000, 0.9292, 0.8167,
        0.4500, 0.9133, 0.7333, 0.7267, 0.9630, 1.0000, 0.9762, 0.9750, 0.9769,
        0.9500, 0.9167, 0.9768, 0.9000, 0.8778, 0.7167, 0.9111])
tensor([0.3167, 0.9417, 0.9360, 0.9356, 0.8848, 0.8667, 0.7733, 0.8578, 0.9400,
        0.9625, 0.9879, 0.9095, 0.9783, 0.9931, 0.9889, 0.9762, 0.9533, 0.9528,
        0.7385, 0.5833, 0.8000, 0.4222, 0.9667, 0.9133, 0.6000, 0.9312, 0.8167,
        0.4667, 0.9267, 0.7111, 0.7400, 0.9630, 1.0000, 0.9762, 0.9750, 0.9769,
        0.9417, 0.9333, 0.9812, 0.9000, 0.8444, 0.7167, 0.8889])
tensor([0.3500, 0.9403, 0.9480, 0.9400, 0.8803, 0.8524, 0.7800, 0.8578, 0.9400,
        0.9729, 0.9879, 0.9167, 0.9797, 0.9944, 0.9889, 0.9810, 0.9533, 0.9528,
        0.7462, 0.6833, 0.8111, 0.4333, 0.9833, 0.9267, 0.6333, 0.9312, 0.8167,
        0.4500, 0.9200, 0.7556, 0.7133, 0.9630, 1.0000, 0.9762, 0.9750, 0.9769,
        0.9417, 0.9833, 0.9812, 0.9000, 0.8444, 0.7167, 0.8444])
tensor([0.3167, 0.9361, 0.9467, 0.9422, 0.8864, 0.8571, 0.7867, 0.8511, 0.9400,
        0.9771, 0.9894, 0.9167, 0.9783, 0.9944, 0.9889, 0.9810, 0.9600, 0.9528,
        0.7308, 0.6833, 0.8222, 0.4667, 0.9833, 0.9467, 0.6222, 0.9354, 0.8167,
        0.4833, 0.9200, 0.7556, 0.7267, 0.9630, 1.0000, 0.9762, 0.9750, 0.9795,
        0.9417, 0.9667, 0.9812, 0.9000, 0.8333, 0.7167, 0.8222])
tensor([0.3833, 0.9347, 0.9440, 0.9356, 0.8864, 0.8683, 0.7867, 0.8444, 0.9489,
        0.9771, 0.9879, 0.9143, 0.9783, 0.9944, 0.9889, 0.9905, 0.9600, 0.9528,
        0.7410, 0.7000, 0.8333, 0.4333, 0.9917, 0.9333, 0.6778, 0.9312, 0.8333,
        0.4500, 0.9267, 0.7556, 0.7533, 0.9630, 1.0000, 0.9762, 0.9750, 0.9795,
        0.9583, 0.9833, 0.9797, 0.9222, 0.8444, 0.7167, 0.8111])
tensor([0.4167, 0.9403, 0.9533, 0.9356, 0.8970, 0.8556, 0.7933, 0.8578, 0.9444,
        0.9792, 0.9879, 0.9286, 0.9797, 0.9944, 0.9889, 0.9810, 0.9600, 0.9528,
        0.7487, 0.7500, 0.8556, 0.4667, 0.9917, 0.9667, 0.6444, 0.9396, 0.8333,
        0.4833, 0.9400, 0.7556, 0.7267, 0.9667, 1.0000, 0.9762, 0.9750, 0.9821,
        0.9417, 0.9833, 0.9826, 0.9111, 0.8333, 0.7167, 0.8000])
tensor([0.4500, 0.9500, 0.9480, 0.9489, 0.8773, 0.8587, 0.8000, 0.8556, 0.9422,
        0.9708, 0.9864, 0.9310, 0.9797, 0.9944, 0.9889, 0.9714, 0.9600, 0.9500,
        0.7462, 0.7667, 0.8667, 0.4556, 0.9833, 0.9667, 0.6444, 0.9396, 0.8333,
        0.4833, 0.9467, 0.7889, 0.6800, 0.9630, 1.0000, 0.9762, 0.9750, 0.9821,
        0.9417, 0.9833, 0.9812, 0.9111, 0.8333, 0.7500, 0.7778])
tensor([0.4667, 0.9444, 0.9493, 0.9333, 0.8803, 0.8683, 0.8133, 0.8622, 0.9422,
        0.9792, 0.9879, 0.9310, 0.9812, 0.9944, 0.9889, 0.9905, 0.9600, 0.9500,
        0.7487, 0.7833, 0.8667, 0.4889, 0.9917, 0.9667, 0.6556, 0.9375, 0.8444,
        0.4833, 0.9467, 0.7889, 0.7000, 0.9630, 1.0000, 0.9762, 0.9750, 0.9821,
        0.9417, 1.0000, 0.9783, 0.9111, 0.8333, 0.7500, 0.7778])
tensor([0.4667, 0.9514, 0.9520, 0.9333, 0.8970, 0.8667, 0.8200, 0.8689, 0.9511,
        0.9812, 0.9864, 0.9214, 0.9812, 0.9944, 0.9926, 0.9810, 0.9600, 0.9528,
        0.7462, 0.7833, 0.8889, 0.4889, 0.9833, 0.9667, 0.6667, 0.9417, 0.8500,
        0.4833, 0.9467, 0.7889, 0.7067, 0.9630, 1.0000, 0.9762, 0.9750, 0.9821,
        0.9500, 1.0000, 0.9812, 0.9333, 0.8333, 0.7500, 0.7889])
tensor([0.5000, 0.9444, 0.9480, 0.9356, 0.8985, 0.8683, 0.8200, 0.8644, 0.9489,
        0.9771, 0.9864, 0.9381, 0.9812, 0.9944, 0.9926, 0.9810, 0.9600, 0.9694,
        0.7513, 0.8000, 0.9000, 0.4778, 0.9917, 0.9667, 0.6889, 0.9417, 0.8500,
        0.4833, 0.9333, 0.8111, 0.6200, 0.9704, 1.0000, 0.9714, 0.9750, 0.9846,
        0.9333, 1.0000, 0.9768, 0.9333, 0.8333, 0.7500, 0.7778])
tensor([0.5333, 0.9569, 0.9547, 0.9244, 0.8970, 0.8778, 0.8200, 0.8711, 0.9444,
        0.9833, 0.9894, 0.9381, 0.9841, 0.9944, 0.9926, 0.9905, 0.9733, 0.9611,
        0.7487, 0.8000, 0.8889, 0.5000, 0.9917, 0.9667, 0.7667, 0.9417, 0.8389,
        0.4833, 0.9467, 0.7778, 0.6400, 0.9630, 1.0000, 0.9810, 0.9750, 0.9821,
        0.9333, 1.0000, 0.9797, 0.9444, 0.8333, 0.7500, 0.7889])
tensor([0.5333, 0.9569, 0.9453, 0.9400, 0.8970, 0.8698, 0.8200, 0.8711, 0.9444,
        0.9875, 0.9864, 0.9238, 0.9812, 0.9944, 0.9926, 0.9905, 0.9667, 0.9722,
        0.7462, 0.8000, 0.8889, 0.4778, 1.0000, 0.9667, 0.7222, 0.9458, 0.8611,
        0.4833, 0.9533, 0.7889, 0.7133, 0.9667, 1.0000, 0.9714, 0.9750, 0.9821,
        0.9583, 1.0000, 0.9783, 0.9444, 0.8333, 0.7500, 0.8000])
tensor([0.6333, 0.9569, 0.9493, 0.9400, 0.8894, 0.8762, 0.8267, 0.8733, 0.9422,
        0.9854, 0.9864, 0.9429, 0.9812, 0.9944, 0.9926, 0.9952, 0.9667, 0.9694,
        0.7487, 0.8667, 0.9111, 0.5667, 0.9917, 0.9733, 0.7333, 0.9417, 0.8667,
        0.4833, 0.9533, 0.7889, 0.6533, 0.9667, 1.0000, 0.9810, 0.9750, 0.9846,
        0.9417, 1.0000, 0.9797, 0.9333, 0.8333, 0.7500, 0.7778])
tensor([0.5833, 0.9528, 0.9507, 0.9378, 0.8955, 0.8825, 0.8267, 0.8733, 0.9467,
        0.9833, 0.9894, 0.9429, 0.9812, 0.9944, 0.9963, 0.9952, 0.9733, 0.9778,
        0.7487, 0.8000, 0.9000, 0.5667, 0.9917, 0.9667, 0.7556, 0.9396, 0.8667,
        0.4833, 0.9533, 0.8111, 0.6933, 0.9704, 1.0000, 0.9714, 0.9750, 0.9846,
        0.9583, 1.0000, 0.9768, 0.9444, 0.8556, 0.7500, 0.7889])
tensor([0.6667, 0.9583, 0.9507, 0.9444, 0.8924, 0.8714, 0.8267, 0.8867, 0.9444,
        0.9896, 0.9864, 0.9476, 0.9826, 0.9944, 0.9963, 0.9952, 0.9667, 0.9778,
        0.7538, 0.8833, 0.9222, 0.5333, 0.9917, 0.9733, 0.7444, 0.9417, 0.8611,
        0.4833, 0.9533, 0.8111, 0.6600, 0.9741, 1.0000, 0.9810, 0.9750, 0.9846,
        0.9583, 1.0000, 0.9768, 0.9333, 0.8333, 0.7667, 0.7889])
tensor([0.5833, 0.9569, 0.9547, 0.9422, 0.9015, 0.8714, 0.8267, 0.8889, 0.9533,
        0.9896, 0.9864, 0.9571, 0.9826, 0.9944, 0.9963, 0.9952, 0.9733, 0.9778,
        0.7538, 0.8833, 0.9111, 0.6222, 0.9917, 0.9733, 0.7778, 0.9396, 0.8556,
        0.4833, 0.9533, 0.8111, 0.6400, 0.9741, 1.0000, 0.9762, 0.9750, 0.9846,
        0.9500, 1.0000, 0.9768, 0.9333, 0.8333, 0.7833, 0.8000])
tensor([0.7167, 0.9597, 0.9547, 0.9444, 0.8985, 0.8794, 0.8267, 0.8844, 0.9467,
        0.9917, 0.9894, 0.9524, 0.9812, 0.9944, 0.9963, 0.9952, 0.9800, 0.9778,
        0.7513, 0.8833, 0.9333, 0.5444, 0.9917, 0.9733, 0.7778, 0.9417, 0.8611,
        0.4833, 0.9467, 0.8333, 0.6133, 0.9667, 1.0000, 0.9810, 0.9750, 0.9872,
        0.9500, 1.0000, 0.9768, 0.9444, 0.8444, 0.7833, 0.7889])
tensor([0.6833, 0.9611, 0.9533, 0.9444, 0.9121, 0.8794, 0.8267, 0.8889, 0.9511,
        0.9917, 0.9909, 0.9595, 0.9841, 0.9944, 0.9963, 0.9952, 0.9800, 0.9778,
        0.7436, 0.9333, 0.9222, 0.6556, 0.9917, 0.9667, 0.8000, 0.9396, 0.8722,
        0.4833, 0.9533, 0.8111, 0.6867, 0.9704, 1.0000, 0.9810, 0.9833, 0.9821,
        0.9500, 1.0000, 0.9783, 0.9444, 0.8444, 0.7833, 0.8000])
tensor([0.7333, 0.9611, 0.9533, 0.9444, 0.9061, 0.8825, 0.8267, 0.8800, 0.9533,
        0.9896, 0.9909, 0.9619, 0.9826, 0.9944, 0.9963, 1.0000, 0.9800, 0.9778,
        0.7436, 0.9500, 0.9333, 0.6333, 0.9917, 0.9733, 0.7889, 0.9417, 0.8611,
        0.4833, 0.9533, 0.8111, 0.6133, 0.9667, 1.0000, 0.9810, 0.9750, 0.9821,
        0.9500, 1.0000, 0.9783, 0.9444, 0.8556, 0.7833, 0.8000])
tensor([0.7333, 0.9681, 0.9493, 0.9400, 0.9182, 0.8857, 0.8267, 0.8778, 0.9511,
        0.9917, 0.9894, 0.9571, 0.9855, 0.9944, 0.9963, 0.9952, 0.9800, 0.9806,
        0.7590, 0.9000, 0.9333, 0.6667, 0.9917, 0.9733, 0.7778, 0.9417, 0.8667,
        0.4833, 0.9467, 0.8444, 0.6000, 0.9667, 1.0000, 0.9810, 0.9750, 0.9821,
        0.9500, 1.0000, 0.9768, 0.9444, 0.8333, 0.7833, 0.8111])
tensor([0.7333, 0.9639, 0.9560, 0.9467, 0.9061, 0.8825, 0.8267, 0.8933, 0.9467,
        0.9958, 0.9894, 0.9643, 0.9841, 0.9944, 0.9963, 1.0000, 0.9733, 0.9806,
        0.7513, 0.9333, 0.9333, 0.6333, 0.9917, 0.9733, 0.8000, 0.9417, 0.8667,
        0.4833, 0.9600, 0.8111, 0.6133, 0.9741, 1.0000, 0.9810, 0.9750, 0.9795,
        0.9500, 1.0000, 0.9768, 0.9444, 0.8333, 0.7833, 0.8000])
tensor([0.7167, 0.9681, 0.9520, 0.9467, 0.9136, 0.8857, 0.8267, 0.8889, 0.9467,
        0.9958, 0.9894, 0.9619, 0.9841, 0.9944, 0.9963, 0.9952, 0.9800, 0.9806,
        0.7487, 0.9333, 0.9333, 0.5889, 0.9917, 0.9733, 0.8000, 0.9438, 0.8611,
        0.4833, 0.9467, 0.8444, 0.6000, 0.9667, 1.0000, 0.9810, 0.9750, 0.9846,
        0.9500, 1.0000, 0.9783, 0.9444, 0.8556, 0.7833, 0.8111])
tensor([0.7000, 0.9722, 0.9533, 0.9467, 0.9121, 0.8873, 0.8267, 0.9000, 0.9489,
        0.9917, 0.9894, 0.9690, 0.9812, 0.9944, 0.9963, 1.0000, 0.9800, 0.9806,
        0.7564, 0.9500, 0.9333, 0.6667, 0.9917, 0.9800, 0.7889, 0.9396, 0.8667,
        0.4833, 0.9533, 0.8333, 0.6067, 0.9741, 1.0000, 0.9810, 0.9750, 0.9795,
        0.9500, 1.0000, 0.9768, 0.9333, 0.8333, 0.7833, 0.8000])
tensor([0.7333, 0.9681, 0.9573, 0.9444, 0.9167, 0.8873, 0.8267, 0.8956, 0.9578,
        0.9958, 0.9894, 0.9643, 0.9855, 0.9944, 0.9963, 1.0000, 0.9800, 0.9806,
        0.7538, 0.9333, 0.9333, 0.6889, 0.9917, 0.9733, 0.8222, 0.9438, 0.8667,
        0.4833, 0.9667, 0.8556, 0.6267, 0.9704, 1.0000, 0.9810, 0.9750, 0.9846,
        0.9500, 1.0000, 0.9783, 0.9444, 0.8333, 0.8000, 0.8111])
tensor([0.7167, 0.9694, 0.9547, 0.9422, 0.9197, 0.8873, 0.8333, 0.8956, 0.9511,
        0.9917, 0.9894, 0.9667, 0.9855, 0.9944, 0.9963, 0.9952, 0.9800, 0.9806,
        0.7590, 0.9500, 0.9333, 0.6444, 0.9917, 0.9733, 0.8111, 0.9438, 0.8722,
        0.4833, 0.9533, 0.8444, 0.6267, 0.9741, 1.0000, 0.9810, 0.9917, 0.9846,
        0.9500, 1.0000, 0.9783, 0.9444, 0.8333, 0.8000, 0.8000])
tensor([0.7333, 0.9750, 0.9560, 0.9400, 0.9197, 0.8889, 0.8267, 0.9022, 0.9467,
        0.9937, 0.9894, 0.9690, 0.9870, 0.9944, 0.9963, 1.0000, 0.9800, 0.9806,
        0.7641, 0.9500, 0.9444, 0.7000, 0.9917, 0.9733, 0.8111, 0.9396, 0.8667,
        0.4833, 0.9467, 0.8333, 0.6400, 0.9667, 1.0000, 0.9810, 0.9750, 0.9846,
        0.9500, 1.0000, 0.9797, 0.9444, 0.8333, 0.8000, 0.8111])
tensor([0.7333, 0.9681, 0.9600, 0.9444, 0.9152, 0.8905, 0.8333, 0.8978, 0.9489,
        0.9958, 0.9909, 0.9667, 0.9870, 0.9944, 0.9963, 1.0000, 0.9800, 0.9806,
        0.7641, 0.9500, 0.9333, 0.7000, 0.9917, 0.9800, 0.8000, 0.9396, 0.8722,
        0.4833, 0.9600, 0.8778, 0.6067, 0.9741, 1.0000, 0.9810, 0.9917, 0.9795,
        0.9500, 1.0000, 0.9797, 0.9444, 0.8222, 0.8000, 0.8111])
tensor([0.7333, 0.9708, 0.9613, 0.9400, 0.9136, 0.8905, 0.8333, 0.9022, 0.9533,
        0.9958, 0.9894, 0.9667, 0.9870, 0.9944, 0.9963, 1.0000, 0.9800, 0.9806,
        0.7641, 0.9500, 0.9222, 0.7111, 0.9917, 0.9733, 0.8222, 0.9396, 0.8778,
        0.4833, 0.9667, 0.8556, 0.6400, 0.9704, 1.0000, 0.9810, 0.9917, 0.9872,
        0.9500, 1.0000, 0.9812, 0.9444, 0.8333, 0.8000, 0.8111])
tensor([0.7333, 0.9736, 0.9560, 0.9444, 0.9227, 0.8889, 0.8400, 0.9067, 0.9467,
        0.9958, 0.9894, 0.9762, 0.9870, 0.9944, 0.9963, 1.0000, 0.9800, 0.9806,
        0.7590, 0.9500, 0.9333, 0.6889, 0.9917, 0.9733, 0.8111, 0.9396, 0.8778,
        0.4833, 0.9600, 0.8778, 0.6267, 0.9704, 1.0000, 0.9762, 0.9833, 0.9846,
        0.9500, 1.0000, 0.9768, 0.9444, 0.8333, 0.8000, 0.8111])
tensor([0.7167, 0.9708, 0.9600, 0.9511, 0.9197, 0.8905, 0.8333, 0.9000, 0.9467,
        0.9917, 0.9909, 0.9690, 0.9884, 0.9944, 0.9963, 1.0000, 0.9800, 0.9806,
        0.7692, 0.9667, 0.9667, 0.6333, 0.9917, 0.9800, 0.8000, 0.9396, 0.8722,
        0.4833, 0.9533, 0.8333, 0.6267, 0.9778, 1.0000, 0.9810, 0.9917, 0.9795,
        0.9500, 1.0000, 0.9768, 0.9444, 0.8333, 0.8000, 0.8000])
tensor([0.7167, 0.9736, 0.9573, 0.9556, 0.9258, 0.8889, 0.8333, 0.9000, 0.9511,
        0.9917, 0.9894, 0.9738, 0.9870, 0.9944, 0.9963, 1.0000, 0.9800, 0.9806,
        0.7718, 0.9500, 0.9667, 0.7111, 0.9917, 0.9733, 0.8000, 0.9396, 0.8778,
        0.5000, 0.9533, 0.8333, 0.6267, 0.9778, 1.0000, 0.9810, 0.9917, 0.9821,
        0.9500, 1.0000, 0.9768, 0.9444, 0.8333, 0.8000, 0.8000])
tensor([0.7500, 0.9694, 0.9600, 0.9489, 0.9167, 0.8937, 0.8333, 0.9111, 0.9467,
        0.9958, 0.9894, 0.9738, 0.9870, 0.9944, 0.9963, 0.9952, 0.9800, 0.9806,
        0.7718, 0.9500, 0.9333, 0.7000, 0.9917, 0.9800, 0.8111, 0.9396, 0.8611,
        0.4833, 0.9600, 0.8778, 0.6133, 0.9778, 1.0000, 0.9762, 0.9917, 0.9872,
        0.9500, 1.0000, 0.9768, 0.9444, 0.8333, 0.8000, 0.8111])
tensor([0.7167, 0.9764, 0.9560, 0.9489, 0.9227, 0.8921, 0.8400, 0.9133, 0.9533,
        0.9937, 0.9894, 0.9714, 0.9884, 0.9944, 0.9963, 1.0000, 0.9800, 0.9806,
        0.7872, 0.9667, 0.9556, 0.7000, 0.9917, 0.9800, 0.8111, 0.9396, 0.8778,
        0.4833, 0.9533, 0.8778, 0.6267, 0.9667, 1.0000, 0.9762, 0.9917, 0.9872,
        0.9500, 1.0000, 0.9768, 0.9444, 0.8333, 0.8000, 0.8222])
tensor([0.7667, 0.9764, 0.9560, 0.9444, 0.9136, 0.8889, 0.8333, 0.9111, 0.9489,
        0.9958, 0.9894, 0.9690, 0.9899, 0.9944, 0.9963, 1.0000, 0.9800, 0.9806,
        0.7769, 0.9500, 0.9333, 0.6889, 0.9917, 0.9800, 0.8222, 0.9417, 0.8778,
        0.4833, 0.9600, 0.8778, 0.6267, 0.9741, 1.0000, 0.9714, 0.9917, 0.9872,
        0.9500, 1.0000, 0.9768, 0.9444, 0.8333, 0.8000, 0.8000])
tensor([0.7000, 0.9764, 0.9507, 0.9489, 0.9197, 0.8968, 0.8333, 0.9111, 0.9533,
        0.9958, 0.9879, 0.9714, 0.9870, 0.9944, 0.9963, 1.0000, 0.9800, 0.9806,
        0.7923, 0.9833, 0.9667, 0.6778, 0.9917, 0.9800, 0.8111, 0.9396, 0.8722,
        0.4833, 0.9600, 0.8444, 0.6400, 0.9667, 1.0000, 0.9762, 0.9917, 0.9821,
        0.9500, 1.0000, 0.9768, 0.9444, 0.8333, 0.8000, 0.8222])
tensor([0.7333, 0.9750, 0.9587, 0.9533, 0.9182, 0.8921, 0.8400, 0.9111, 0.9533,
        0.9958, 0.9894, 0.9643, 0.9884, 0.9944, 0.9963, 1.0000, 0.9800, 0.9806,
        0.7949, 0.9833, 0.9667, 0.6889, 0.9917, 0.9800, 0.8222, 0.9396, 0.8722,
        0.4833, 0.9600, 0.8667, 0.6333, 0.9667, 1.0000, 0.9762, 0.9917, 0.9897,
        0.9500, 1.0000, 0.9768, 0.9444, 0.8444, 0.8167, 0.8222])
tensor([0.7333, 0.9750, 0.9600, 0.9444, 0.9197, 0.8952, 0.8333, 0.9244, 0.9578,
        0.9958, 0.9894, 0.9738, 0.9884, 0.9944, 0.9963, 1.0000, 0.9800, 0.9806,
        0.7821, 0.9833, 0.9667, 0.6889, 0.9917, 0.9800, 0.8111, 0.9396, 0.8778,
        0.4833, 0.9600, 0.8556, 0.6333, 0.9667, 1.0000, 0.9714, 0.9917, 0.9872,
        0.9500, 1.0000, 0.9768, 0.9444, 0.8444, 0.8167, 0.8222])
tensor([0.7500, 0.9750, 0.9600, 0.9444, 0.9212, 0.8952, 0.8400, 0.9111, 0.9578,
        0.9958, 0.9909, 0.9714, 0.9884, 0.9944, 1.0000, 1.0000, 0.9800, 0.9806,
        0.7846, 0.9667, 0.9667, 0.7111, 0.9917, 0.9800, 0.8111, 0.9417, 0.8722,
        0.4833, 0.9533, 0.8778, 0.5933, 0.9667, 1.0000, 0.9714, 0.9917, 0.9872,
        0.9500, 1.0000, 0.9768, 0.9444, 0.8444, 0.8167, 0.8222])
tensor([0.7667, 0.9750, 0.9600, 0.9511, 0.9167, 0.8921, 0.8333, 0.9111, 0.9556,
        0.9958, 0.9894, 0.9738, 0.9884, 0.9944, 0.9963, 1.0000, 0.9800, 0.9806,
        0.7923, 0.9833, 0.9556, 0.7222, 0.9917, 0.9800, 0.8000, 0.9396, 0.8722,
        0.4833, 0.9600, 0.8778, 0.6333, 0.9667, 1.0000, 0.9714, 0.9917, 0.9872,
        0.9500, 1.0000, 0.9768, 0.9444, 0.8444, 0.8167, 0.8111])
tensor([0.7500, 0.9750, 0.9613, 0.9467, 0.9227, 0.8937, 0.8400, 0.9111, 0.9600,
        0.9937, 0.9909, 0.9786, 0.9913, 0.9944, 0.9963, 1.0000, 0.9867, 0.9806,
        0.8051, 0.9667, 0.9667, 0.7000, 0.9917, 0.9867, 0.8000, 0.9396, 0.8722,
        0.4833, 0.9533, 0.8778, 0.5800, 0.9667, 1.0000, 0.9714, 0.9917, 0.9846,
        0.9417, 1.0000, 0.9768, 0.9444, 0.8333, 0.8167, 0.8222])
tensor([0.7167, 0.9806, 0.9573, 0.9556, 0.9212, 0.8937, 0.8400, 0.9133, 0.9578,
        0.9979, 0.9909, 0.9786, 0.9913, 0.9944, 0.9963, 1.0000, 0.9800, 0.9806,
        0.8026, 0.9667, 0.9556, 0.7222, 0.9917, 0.9867, 0.8222, 0.9396, 0.8722,
        0.4833, 0.9533, 0.8778, 0.5933, 0.9667, 1.0000, 0.9714, 0.9917, 0.9846,
        0.9417, 1.0000, 0.9754, 0.9444, 0.8444, 0.8000, 0.8222])
tensor([0.7000, 0.9778, 0.9587, 0.9556, 0.9212, 0.8937, 0.8400, 0.9044, 0.9644,
        0.9958, 0.9894, 0.9738, 0.9884, 0.9944, 0.9963, 1.0000, 0.9800, 0.9806,
        0.8077, 0.9667, 0.9667, 0.7111, 0.9917, 0.9800, 0.8222, 0.9396, 0.8667,
        0.4833, 0.9533, 0.8778, 0.6000, 0.9667, 1.0000, 0.9810, 0.9917, 0.9872,
        0.9417, 1.0000, 0.9768, 0.9444, 0.8444, 0.8167, 0.8222])
tensor([0.7500, 0.9750, 0.9600, 0.9622, 0.9197, 0.8952, 0.8400, 0.9089, 0.9511,
        0.9958, 0.9909, 0.9762, 0.9928, 0.9944, 1.0000, 1.0000, 0.9800, 0.9806,
        0.7923, 1.0000, 0.9667, 0.7111, 0.9917, 0.9800, 0.8333, 0.9396, 0.8667,
        0.4833, 0.9667, 0.8556, 0.6267, 0.9667, 1.0000, 0.9810, 0.9917, 0.9846,
        0.9500, 1.0000, 0.9768, 0.9444, 0.8444, 0.8167, 0.8222])
tensor([0.7667, 0.9750, 0.9560, 0.9511, 0.9167, 0.8968, 0.8400, 0.9244, 0.9578,
        0.9979, 0.9879, 0.9786, 0.9928, 0.9944, 0.9963, 1.0000, 0.9800, 0.9806,
        0.8000, 0.9833, 0.9667, 0.7222, 0.9917, 0.9867, 0.8333, 0.9396, 0.8722,
        0.4833, 0.9600, 0.8778, 0.6000, 0.9667, 1.0000, 0.9714, 0.9917, 0.9872,
        0.9417, 1.0000, 0.9768, 0.9444, 0.8444, 0.8167, 0.8222])
tensor([0.7333, 0.9778, 0.9573, 0.9533, 0.9197, 0.8952, 0.8400, 0.9178, 0.9622,
        0.9979, 0.9909, 0.9810, 0.9913, 0.9944, 0.9963, 1.0000, 0.9800, 0.9806,
        0.8077, 0.9667, 0.9556, 0.7111, 0.9917, 0.9867, 0.8111, 0.9396, 0.8722,
        0.4833, 0.9533, 0.8778, 0.5933, 0.9667, 1.0000, 0.9714, 0.9917, 0.9872,
        0.9417, 1.0000, 0.9754, 0.9444, 0.8444, 0.8167, 0.8222])
tensor([0.7500, 0.9778, 0.9600, 0.9556, 0.9242, 0.8968, 0.8400, 0.9222, 0.9578,
        0.9979, 0.9909, 0.9762, 0.9913, 0.9944, 0.9963, 0.9952, 0.9800, 0.9806,
        0.7974, 0.9667, 0.9444, 0.7222, 0.9917, 0.9867, 0.8333, 0.9417, 0.8722,
        0.4833, 0.9533, 0.8778, 0.6067, 0.9741, 1.0000, 0.9762, 0.9917, 0.9872,
        0.9417, 1.0000, 0.9754, 0.9444, 0.8444, 0.8167, 0.8222])
tensor([0.7333, 0.9764, 0.9613, 0.9533, 0.9227, 0.8968, 0.8400, 0.9200, 0.9578,
        1.0000, 0.9909, 0.9833, 0.9913, 0.9944, 0.9963, 1.0000, 0.9800, 0.9806,
        0.8077, 1.0000, 0.9444, 0.7222, 0.9917, 0.9933, 0.8222, 0.9396, 0.8722,
        0.5000, 0.9733, 0.8778, 0.6000, 0.9741, 1.0000, 0.9714, 0.9917, 0.9821,
        0.9500, 1.0000, 0.9754, 0.9444, 0.8444, 0.8167, 0.8111])
tensor([0.7500, 0.9778, 0.9587, 0.9711, 0.9197, 0.8952, 0.8400, 0.9289, 0.9511,
        1.0000, 0.9894, 0.9833, 0.9913, 0.9944, 0.9963, 1.0000, 0.9800, 0.9833,
        0.8103, 1.0000, 0.9444, 0.7111, 0.9917, 0.9933, 0.8333, 0.9396, 0.8722,
        0.5000, 0.9600, 0.8778, 0.6067, 0.9741, 1.0000, 0.9762, 0.9917, 0.9769,
        0.9500, 1.0000, 0.9754, 0.9444, 0.8444, 0.8167, 0.8111])
tensor([0.7000, 0.9778, 0.9653, 0.9533, 0.9273, 0.9000, 0.8400, 0.9089, 0.9600,
        1.0000, 0.9909, 0.9786, 0.9913, 0.9944, 0.9963, 1.0000, 0.9800, 0.9833,
        0.8051, 0.9667, 0.9444, 0.7111, 0.9917, 0.9867, 0.8333, 0.9417, 0.8833,
        0.4833, 0.9733, 0.8778, 0.6000, 0.9667, 1.0000, 0.9762, 0.9917, 0.9769,
        0.9583, 1.0000, 0.9797, 0.9444, 0.8222, 0.8167, 0.8111])
tensor([0.7833, 0.9722, 0.9640, 0.9578, 0.9242, 0.8984, 0.8400, 0.9089, 0.9600,
        1.0000, 0.9924, 0.9810, 0.9884, 0.9944, 1.0000, 1.0000, 0.9800, 0.9889,
        0.8077, 0.9667, 0.9556, 0.7000, 0.9917, 0.9867, 0.8444, 0.9417, 0.8667,
        0.4833, 0.9533, 0.8778, 0.6133, 0.9667, 1.0000, 0.9762, 0.9917, 0.9821,
        0.9500, 1.0000, 0.9783, 0.9444, 0.8444, 0.8167, 0.8111])
tensor([0.7333, 0.9764, 0.9627, 0.9467, 0.9227, 0.9016, 0.8400, 0.9244, 0.9600,
        1.0000, 0.9894, 0.9786, 0.9913, 0.9944, 0.9963, 1.0000, 0.9867, 0.9889,
        0.8103, 0.9667, 0.9556, 0.7111, 0.9917, 0.9867, 0.8222, 0.9438, 0.8667,
        0.4833, 0.9600, 0.8778, 0.5933, 0.9667, 1.0000, 0.9714, 0.9917, 0.9821,
        0.9500, 1.0000, 0.9739, 0.9444, 0.8444, 0.8167, 0.8222])
tensor([0.7667, 0.9792, 0.9600, 0.9600, 0.9258, 0.8952, 0.8400, 0.9244, 0.9622,
        1.0000, 0.9894, 0.9833, 0.9928, 0.9944, 1.0000, 1.0000, 0.9800, 0.9861,
        0.8103, 0.9667, 0.9556, 0.7111, 0.9917, 0.9867, 0.8333, 0.9396, 0.8667,
        0.4833, 0.9533, 0.8778, 0.5867, 0.9667, 1.0000, 0.9714, 0.9917, 0.9846,
        0.9500, 1.0000, 0.9754, 0.9444, 0.8444, 0.8167, 0.8222])
tensor([0.7833, 0.9833, 0.9600, 0.9578, 0.9197, 0.9016, 0.8400, 0.9244, 0.9622,
        1.0000, 0.9894, 0.9810, 0.9899, 0.9958, 1.0000, 1.0000, 0.9800, 0.9889,
        0.8179, 1.0000, 0.9556, 0.7111, 0.9917, 0.9867, 0.8333, 0.9417, 0.8611,
        0.5000, 0.9533, 0.8889, 0.5933, 0.9667, 1.0000, 0.9714, 0.9917, 0.9846,
        0.9500, 1.0000, 0.9783, 0.9444, 0.8444, 0.8167, 0.8222])
tensor([0.8000, 0.9819, 0.9573, 0.9489, 0.9182, 0.9063, 0.8400, 0.9089, 0.9667,
        0.9958, 0.9894, 0.9810, 0.9913, 0.9944, 0.9963, 1.0000, 0.9867, 0.9861,
        0.8179, 0.9667, 0.9556, 0.7111, 0.9917, 0.9867, 0.8333, 0.9417, 0.8556,
        0.4833, 0.9533, 0.8889, 0.5933, 0.9667, 1.0000, 0.9714, 0.9917, 0.9846,
        0.9500, 1.0000, 0.9710, 0.9444, 0.8444, 0.8500, 0.8222])
tensor([0.7667, 0.9792, 0.9613, 0.9489, 0.9212, 0.9048, 0.8400, 0.9244, 0.9644,
        0.9958, 0.9894, 0.9786, 0.9913, 0.9944, 0.9963, 1.0000, 0.9800, 0.9806,
        0.8205, 0.9667, 0.9556, 0.7111, 0.9917, 0.9867, 0.8333, 0.9396, 0.8611,
        0.5000, 0.9733, 0.8778, 0.6133, 0.9704, 1.0000, 0.9714, 0.9917, 0.9846,
        0.9500, 1.0000, 0.9739, 0.9444, 0.8333, 0.8167, 0.8222])
tensor([0.7333, 0.9819, 0.9627, 0.9489, 0.9242, 0.9063, 0.8400, 0.9178, 0.9667,
        1.0000, 0.9894, 0.9833, 0.9913, 0.9944, 1.0000, 1.0000, 0.9800, 0.9833,
        0.8103, 0.9667, 0.9556, 0.7111, 0.9917, 0.9867, 0.8444, 0.9396, 0.8667,
        0.4833, 0.9600, 0.8889, 0.6400, 0.9667, 1.0000, 0.9714, 0.9917, 0.9846,
        0.9500, 1.0000, 0.9725, 0.9444, 0.8444, 0.8167, 0.8222])
tensor([0.7500, 0.9806, 0.9613, 0.9644, 0.9212, 0.9016, 0.8400, 0.9311, 0.9689,
        1.0000, 0.9909, 0.9810, 0.9913, 0.9944, 1.0000, 1.0000, 0.9800, 0.9806,
        0.8205, 0.9833, 0.9556, 0.7111, 0.9917, 0.9867, 0.8444, 0.9375, 0.8667,
        0.5000, 0.9800, 0.8889, 0.6333, 0.9741, 1.0000, 0.9714, 0.9917, 0.9769,
        0.9500, 1.0000, 0.9754, 0.9444, 0.8333, 0.8167, 0.8444])
tensor([0.7833, 0.9833, 0.9587, 0.9711, 0.9182, 0.9048, 0.8400, 0.9222, 0.9622,
        1.0000, 0.9879, 0.9786, 0.9913, 0.9944, 1.0000, 1.0000, 0.9800, 0.9833,
        0.8103, 0.9667, 0.9556, 0.7111, 0.9917, 0.9867, 0.8333, 0.9396, 0.8667,
        0.5000, 0.9600, 0.8889, 0.6267, 0.9667, 1.0000, 0.9714, 0.9917, 0.9846,
        0.9500, 1.0000, 0.9812, 0.9444, 0.8222, 0.8167, 0.8111])
tensor([0.7500, 0.9833, 0.9600, 0.9600, 0.9273, 0.9095, 0.8400, 0.9311, 0.9622,
        1.0000, 0.9909, 0.9786, 0.9928, 0.9944, 1.0000, 1.0000, 0.9867, 0.9861,
        0.8205, 0.9667, 0.9778, 0.7111, 0.9917, 0.9867, 0.8444, 0.9396, 0.8667,
        0.5000, 0.9600, 0.8889, 0.5800, 0.9667, 1.0000, 0.9714, 0.9917, 0.9846,
        0.9500, 1.0000, 0.9768, 0.9444, 0.8444, 0.8167, 0.8222])
tensor([0.7500, 0.9847, 0.9560, 0.9667, 0.9258, 0.9063, 0.8400, 0.9244, 0.9622,
        1.0000, 0.9909, 0.9786, 0.9942, 0.9944, 0.9963, 1.0000, 0.9867, 0.9833,
        0.8256, 1.0000, 0.9667, 0.7111, 0.9917, 0.9867, 0.8444, 0.9396, 0.8722,
        0.5000, 0.9600, 0.8889, 0.6400, 0.9667, 1.0000, 0.9714, 0.9917, 0.9846,
        0.9500, 1.0000, 0.9754, 0.9444, 0.8333, 0.8167, 0.8222])
tensor([0.7833, 0.9833, 0.9613, 0.9644, 0.9152, 0.9063, 0.8400, 0.9178, 0.9622,
        1.0000, 0.9909, 0.9810, 0.9942, 0.9958, 1.0000, 1.0000, 0.9867, 0.9861,
        0.8231, 1.0000, 0.9667, 0.7111, 0.9917, 0.9933, 0.8444, 0.9396, 0.8667,
        0.5000, 0.9600, 0.8889, 0.6200, 0.9741, 1.0000, 0.9714, 0.9917, 0.9821,
        0.9500, 1.0000, 0.9754, 0.9444, 0.8222, 0.8167, 0.8222])
