tensor([1., 0., 0., 0., 0., 0., 0., 0., 0., 0., 0., 0., 0., 0., 0., 0., 0., 0.,
        0., 0., 0., 0., 0., 0., 0., 0., 0., 0., 0., 0., 0., 0., 0., 0., 0., 0.,
        0., 0., 0., 0., 0., 0., 0.])
tensor([1., 0., 0., 0., 0., 0., 0., 0., 0., 0., 0., 0., 0., 0., 0., 0., 0., 0.,
        0., 0., 0., 0., 0., 0., 0., 0., 0., 0., 0., 0., 0., 0., 0., 0., 0., 0.,
        0., 0., 0., 0., 0., 0., 0.])
tensor([1., 0., 0., 0., 0., 0., 0., 0., 0., 0., 0., 0., 0., 0., 0., 0., 0., 0.,
        0., 0., 0., 0., 0., 0., 0., 0., 0., 0., 0., 0., 0., 0., 0., 0., 0., 0.,
        0., 0., 0., 0., 0., 0., 0.])
tensor([1., 0., 0., 0., 0., 0., 0., 0., 0., 0., 0., 0., 0., 0., 0., 0., 0., 0.,
        0., 0., 0., 0., 0., 0., 0., 0., 0., 0., 0., 0., 0., 0., 0., 0., 0., 0.,
        0., 0., 0., 0., 0., 0., 0.])
tensor([1., 0., 0., 0., 0., 0., 0., 0., 0., 0., 0., 0., 0., 0., 0., 0., 0., 0.,
        0., 0., 0., 0., 0., 0., 0., 0., 0., 0., 0., 0., 0., 0., 0., 0., 0., 0.,
        0., 0., 0., 0., 0., 0., 0.])
tensor([1., 0., 0., 0., 0., 0., 0., 0., 0., 0., 0., 0., 0., 0., 0., 0., 0., 0.,
        0., 0., 0., 0., 0., 0., 0., 0., 0., 0., 0., 0., 0., 0., 0., 0., 0., 0.,
        0., 0., 0., 0., 0., 0., 0.])
tensor([1., 0., 0., 0., 0., 0., 0., 0., 0., 0., 0., 0., 0., 0., 0., 0., 0., 0.,
        0., 0., 0., 0., 0., 0., 0., 0., 0., 0., 0., 0., 0., 0., 0., 0., 0., 0.,
        0., 0., 0., 0., 0., 0., 0.])
tensor([1., 0., 0., 0., 0., 0., 0., 0., 0., 0., 0., 0., 0., 0., 0., 0., 0., 0.,
        0., 0., 0., 0., 0., 0., 0., 0., 0., 0., 0., 0., 0., 0., 0., 0., 0., 0.,
        0., 0., 0., 0., 0., 0., 0.])
tensor([1., 0., 0., 0., 0., 0., 0., 0., 0., 0., 0., 0., 0., 0., 0., 0., 0., 0.,
        0., 0., 0., 0., 0., 0., 0., 0., 0., 0., 0., 0., 0., 0., 0., 0., 0., 0.,
        0., 0., 0., 0., 0., 0., 0.])
tensor([1., 0., 0., 0., 0., 0., 0., 0., 0., 0., 0., 0., 0., 0., 0., 0., 0., 0.,
        0., 0., 0., 0., 0., 0., 0., 0., 0., 0., 0., 0., 0., 0., 0., 0., 0., 0.,
        0., 0., 0., 0., 0., 0., 0.])
tensor([1., 0., 0., 0., 0., 0., 0., 0., 0., 0., 0., 0., 0., 0., 0., 0., 0., 0.,
        0., 0., 0., 0., 0., 0., 0., 0., 0., 0., 0., 0., 0., 0., 0., 0., 0., 0.,
        0., 0., 0., 0., 0., 0., 0.])
tensor([1., 0., 0., 0., 0., 0., 0., 0., 0., 0., 0., 0., 0., 0., 0., 0., 0., 0.,
        0., 0., 0., 0., 0., 0., 0., 0., 0., 0., 0., 0., 0., 0., 0., 0., 0., 0.,
        0., 0., 0., 0., 0., 0., 0.])
tensor([1., 0., 0., 0., 0., 0., 0., 0., 0., 0., 0., 0., 0., 0., 0., 0., 0., 0.,
        0., 0., 0., 0., 0., 0., 0., 0., 0., 0., 0., 0., 0., 0., 0., 0., 0., 0.,
        0., 0., 0., 0., 0., 0., 0.])
tensor([1., 0., 0., 0., 0., 0., 0., 0., 0., 0., 0., 0., 0., 0., 0., 0., 0., 0.,
        0., 0., 0., 0., 0., 0., 0., 0., 0., 0., 0., 0., 0., 0., 0., 0., 0., 0.,
        0., 0., 0., 0., 0., 0., 0.])
tensor([1., 0., 0., 0., 0., 0., 0., 0., 0., 0., 0., 0., 0., 0., 0., 0., 0., 0.,
        0., 0., 0., 0., 0., 0., 0., 0., 0., 0., 0., 0., 0., 0., 0., 0., 0., 0.,
        0., 0., 0., 0., 0., 0., 0.])
tensor([1., 0., 0., 0., 0., 0., 0., 0., 0., 0., 0., 0., 0., 0., 0., 0., 0., 0.,
        0., 0., 0., 0., 0., 0., 0., 0., 0., 0., 0., 0., 0., 0., 0., 0., 0., 0.,
        0., 0., 0., 0., 0., 0., 0.])
tensor([1., 0., 0., 0., 0., 0., 0., 0., 0., 0., 0., 0., 0., 0., 0., 0., 0., 0.,
        0., 0., 0., 0., 0., 0., 0., 0., 0., 0., 0., 0., 0., 0., 0., 0., 0., 0.,
        0., 0., 0., 0., 0., 0., 0.])
tensor([1., 0., 0., 0., 0., 0., 0., 0., 0., 0., 0., 0., 0., 0., 0., 0., 0., 0.,
        0., 0., 0., 0., 0., 0., 0., 0., 0., 0., 0., 0., 0., 0., 0., 0., 0., 0.,
        0., 0., 0., 0., 0., 0., 0.])
tensor([1., 0., 0., 0., 0., 0., 0., 0., 0., 0., 0., 0., 0., 0., 0., 0., 0., 0.,
        0., 0., 0., 0., 0., 0., 0., 0., 0., 0., 0., 0., 0., 0., 0., 0., 0., 0.,
        0., 0., 0., 0., 0., 0., 0.])
tensor([1., 0., 0., 0., 0., 0., 0., 0., 0., 0., 0., 0., 0., 0., 0., 0., 0., 0.,
        0., 0., 0., 0., 0., 0., 0., 0., 0., 0., 0., 0., 0., 0., 0., 0., 0., 0.,
        0., 0., 0., 0., 0., 0., 0.])
tensor([1., 0., 0., 0., 0., 0., 0., 0., 0., 0., 0., 0., 0., 0., 0., 0., 0., 0.,
        0., 0., 0., 0., 0., 0., 0., 0., 0., 0., 0., 0., 0., 0., 0., 0., 0., 0.,
        0., 0., 0., 0., 0., 0., 0.])
tensor([1., 0., 0., 0., 0., 0., 0., 0., 0., 0., 0., 0., 0., 0., 0., 0., 0., 0.,
        0., 0., 0., 0., 0., 0., 0., 0., 0., 0., 0., 0., 0., 0., 0., 0., 0., 0.,
        0., 0., 0., 0., 0., 0., 0.])
tensor([1., 0., 0., 0., 0., 0., 0., 0., 0., 0., 0., 0., 0., 0., 0., 0., 0., 0.,
        0., 0., 0., 0., 0., 0., 0., 0., 0., 0., 0., 0., 0., 0., 0., 0., 0., 0.,
        0., 0., 0., 0., 0., 0., 0.])
tensor([1., 0., 0., 0., 0., 0., 0., 0., 0., 0., 0., 0., 0., 0., 0., 0., 0., 0.,
        0., 0., 0., 0., 0., 0., 0., 0., 0., 0., 0., 0., 0., 0., 0., 0., 0., 0.,
        0., 0., 0., 0., 0., 0., 0.])
tensor([1., 0., 0., 0., 0., 0., 0., 0., 0., 0., 0., 0., 0., 0., 0., 0., 0., 0.,
        0., 0., 0., 0., 0., 0., 0., 0., 0., 0., 0., 0., 0., 0., 0., 0., 0., 0.,
        0., 0., 0., 0., 0., 0., 0.])
tensor([1., 0., 0., 0., 0., 0., 0., 0., 0., 0., 0., 0., 0., 0., 0., 0., 0., 0.,
        0., 0., 0., 0., 0., 0., 0., 0., 0., 0., 0., 0., 0., 0., 0., 0., 0., 0.,
        0., 0., 0., 0., 0., 0., 0.])
tensor([1., 0., 0., 0., 0., 0., 0., 0., 0., 0., 0., 0., 0., 0., 0., 0., 0., 0.,
        0., 0., 0., 0., 0., 0., 0., 0., 0., 0., 0., 0., 0., 0., 0., 0., 0., 0.,
        0., 0., 0., 0., 0., 0., 0.])
tensor([1., 0., 0., 0., 0., 0., 0., 0., 0., 0., 0., 0., 0., 0., 0., 0., 0., 0.,
        0., 0., 0., 0., 0., 0., 0., 0., 0., 0., 0., 0., 0., 0., 0., 0., 0., 0.,
        0., 0., 0., 0., 0., 0., 0.])
tensor([1., 0., 0., 0., 0., 0., 0., 0., 0., 0., 0., 0., 0., 0., 0., 0., 0., 0.,
        0., 0., 0., 0., 0., 0., 0., 0., 0., 0., 0., 0., 0., 0., 0., 0., 0., 0.,
        0., 0., 0., 0., 0., 0., 0.])
tensor([1., 0., 0., 0., 0., 0., 0., 0., 0., 0., 0., 0., 0., 0., 0., 0., 0., 0.,
        0., 0., 0., 0., 0., 0., 0., 0., 0., 0., 0., 0., 0., 0., 0., 0., 0., 0.,
        0., 0., 0., 0., 0., 0., 0.])
tensor([1., 0., 0., 0., 0., 0., 0., 0., 0., 0., 0., 0., 0., 0., 0., 0., 0., 0.,
        0., 0., 0., 0., 0., 0., 0., 0., 0., 0., 0., 0., 0., 0., 0., 0., 0., 0.,
        0., 0., 0., 0., 0., 0., 0.])
tensor([1., 0., 0., 0., 0., 0., 0., 0., 0., 0., 0., 0., 0., 0., 0., 0., 0., 0.,
        0., 0., 0., 0., 0., 0., 0., 0., 0., 0., 0., 0., 0., 0., 0., 0., 0., 0.,
        0., 0., 0., 0., 0., 0., 0.])
tensor([1., 0., 0., 0., 0., 0., 0., 0., 0., 0., 0., 0., 0., 0., 0., 0., 0., 0.,
        0., 0., 0., 0., 0., 0., 0., 0., 0., 0., 0., 0., 0., 0., 0., 0., 0., 0.,
        0., 0., 0., 0., 0., 0., 0.])
tensor([1., 0., 0., 0., 0., 0., 0., 0., 0., 0., 0., 0., 0., 0., 0., 0., 0., 0.,
        0., 0., 0., 0., 0., 0., 0., 0., 0., 0., 0., 0., 0., 0., 0., 0., 0., 0.,
        0., 0., 0., 0., 0., 0., 0.])
tensor([1., 0., 0., 0., 0., 0., 0., 0., 0., 0., 0., 0., 0., 0., 0., 0., 0., 0.,
        0., 0., 0., 0., 0., 0., 0., 0., 0., 0., 0., 0., 0., 0., 0., 0., 0., 0.,
        0., 0., 0., 0., 0., 0., 0.])
tensor([1., 0., 0., 0., 0., 0., 0., 0., 0., 0., 0., 0., 0., 0., 0., 0., 0., 0.,
        0., 0., 0., 0., 0., 0., 0., 0., 0., 0., 0., 0., 0., 0., 0., 0., 0., 0.,
        0., 0., 0., 0., 0., 0., 0.])
tensor([1., 0., 0., 0., 0., 0., 0., 0., 0., 0., 0., 0., 0., 0., 0., 0., 0., 0.,
        0., 0., 0., 0., 0., 0., 0., 0., 0., 0., 0., 0., 0., 0., 0., 0., 0., 0.,
        0., 0., 0., 0., 0., 0., 0.])
tensor([1., 0., 0., 0., 0., 0., 0., 0., 0., 0., 0., 0., 0., 0., 0., 0., 0., 0.,
        0., 0., 0., 0., 0., 0., 0., 0., 0., 0., 0., 0., 0., 0., 0., 0., 0., 0.,
        0., 0., 0., 0., 0., 0., 0.])
tensor([1., 0., 0., 0., 0., 0., 0., 0., 0., 0., 0., 0., 0., 0., 0., 0., 0., 0.,
        0., 0., 0., 0., 0., 0., 0., 0., 0., 0., 0., 0., 0., 0., 0., 0., 0., 0.,
        0., 0., 0., 0., 0., 0., 0.])
tensor([1., 0., 0., 0., 0., 0., 0., 0., 0., 0., 0., 0., 0., 0., 0., 0., 0., 0.,
        0., 0., 0., 0., 0., 0., 0., 0., 0., 0., 0., 0., 0., 0., 0., 0., 0., 0.,
        0., 0., 0., 0., 0., 0., 0.])
tensor([1., 0., 0., 0., 0., 0., 0., 0., 0., 0., 0., 0., 0., 0., 0., 0., 0., 0.,
        0., 0., 0., 0., 0., 0., 0., 0., 0., 0., 0., 0., 0., 0., 0., 0., 0., 0.,
        0., 0., 0., 0., 0., 0., 0.])
tensor([1., 0., 0., 0., 0., 0., 0., 0., 0., 0., 0., 0., 0., 0., 0., 0., 0., 0.,
        0., 0., 0., 0., 0., 0., 0., 0., 0., 0., 0., 0., 0., 0., 0., 0., 0., 0.,
        0., 0., 0., 0., 0., 0., 0.])
tensor([1., 0., 0., 0., 0., 0., 0., 0., 0., 0., 0., 0., 0., 0., 0., 0., 0., 0.,
        0., 0., 0., 0., 0., 0., 0., 0., 0., 0., 0., 0., 0., 0., 0., 0., 0., 0.,
        0., 0., 0., 0., 0., 0., 0.])
tensor([1., 0., 0., 0., 0., 0., 0., 0., 0., 0., 0., 0., 0., 0., 0., 0., 0., 0.,
        0., 0., 0., 0., 0., 0., 0., 0., 0., 0., 0., 0., 0., 0., 0., 0., 0., 0.,
        0., 0., 0., 0., 0., 0., 0.])
tensor([1., 0., 0., 0., 0., 0., 0., 0., 0., 0., 0., 0., 0., 0., 0., 0., 0., 0.,
        0., 0., 0., 0., 0., 0., 0., 0., 0., 0., 0., 0., 0., 0., 0., 0., 0., 0.,
        0., 0., 0., 0., 0., 0., 0.])
tensor([1., 0., 0., 0., 0., 0., 0., 0., 0., 0., 0., 0., 0., 0., 0., 0., 0., 0.,
        0., 0., 0., 0., 0., 0., 0., 0., 0., 0., 0., 0., 0., 0., 0., 0., 0., 0.,
        0., 0., 0., 0., 0., 0., 0.])
tensor([1., 0., 0., 0., 0., 0., 0., 0., 0., 0., 0., 0., 0., 0., 0., 0., 0., 0.,
        0., 0., 0., 0., 0., 0., 0., 0., 0., 0., 0., 0., 0., 0., 0., 0., 0., 0.,
        0., 0., 0., 0., 0., 0., 0.])
tensor([1., 0., 0., 0., 0., 0., 0., 0., 0., 0., 0., 0., 0., 0., 0., 0., 0., 0.,
        0., 0., 0., 0., 0., 0., 0., 0., 0., 0., 0., 0., 0., 0., 0., 0., 0., 0.,
        0., 0., 0., 0., 0., 0., 0.])
tensor([1., 0., 0., 0., 0., 0., 0., 0., 0., 0., 0., 0., 0., 0., 0., 0., 0., 0.,
        0., 0., 0., 0., 0., 0., 0., 0., 0., 0., 0., 0., 0., 0., 0., 0., 0., 0.,
        0., 0., 0., 0., 0., 0., 0.])
tensor([1., 0., 0., 0., 0., 0., 0., 0., 0., 0., 0., 0., 0., 0., 0., 0., 0., 0.,
        0., 0., 0., 0., 0., 0., 0., 0., 0., 0., 0., 0., 0., 0., 0., 0., 0., 0.,
        0., 0., 0., 0., 0., 0., 0.])
tensor([1., 0., 0., 0., 0., 0., 0., 0., 0., 0., 0., 0., 0., 0., 0., 0., 0., 0.,
        0., 0., 0., 0., 0., 0., 0., 0., 0., 0., 0., 0., 0., 0., 0., 0., 0., 0.,
        0., 0., 0., 0., 0., 0., 0.])
tensor([1., 0., 0., 0., 0., 0., 0., 0., 0., 0., 0., 0., 0., 0., 0., 0., 0., 0.,
        0., 0., 0., 0., 0., 0., 0., 0., 0., 0., 0., 0., 0., 0., 0., 0., 0., 0.,
        0., 0., 0., 0., 0., 0., 0.])
tensor([1., 0., 0., 0., 0., 0., 0., 0., 0., 0., 0., 0., 0., 0., 0., 0., 0., 0.,
        0., 0., 0., 0., 0., 0., 0., 0., 0., 0., 0., 0., 0., 0., 0., 0., 0., 0.,
        0., 0., 0., 0., 0., 0., 0.])
tensor([1.0000, 0.0000, 0.0053, 0.0000, 0.0000, 0.0000, 0.0000, 0.0000, 0.0000,
        0.0000, 0.0000, 0.0000, 0.0000, 0.0000, 0.0000, 0.0000, 0.0000, 0.0000,
        0.0000, 0.0000, 0.0000, 0.0000, 0.0000, 0.0000, 0.0000, 0.0000, 0.0000,
        0.0000, 0.0000, 0.0000, 0.0000, 0.0000, 0.0000, 0.0000, 0.0000, 0.0000,
        0.0000, 0.0000, 0.0000, 0.0000, 0.0000, 0.0000, 0.0000])
tensor([0.9833, 0.0000, 0.0520, 0.0000, 0.0000, 0.0000, 0.0000, 0.0000, 0.0000,
        0.0000, 0.0000, 0.0000, 0.0000, 0.0000, 0.0000, 0.0000, 0.0000, 0.0000,
        0.0000, 0.0000, 0.0000, 0.0000, 0.0000, 0.0000, 0.0000, 0.0000, 0.0000,
        0.0000, 0.0000, 0.0000, 0.0000, 0.0000, 0.0000, 0.0000, 0.0000, 0.0000,
        0.0000, 0.0000, 0.0000, 0.0000, 0.0000, 0.0000, 0.0000])
tensor([0.8667, 0.0000, 0.1267, 0.0000, 0.0000, 0.0000, 0.0000, 0.0000, 0.0000,
        0.0000, 0.0000, 0.0000, 0.0000, 0.0000, 0.0000, 0.0000, 0.0000, 0.0000,
        0.0000, 0.0000, 0.0000, 0.0000, 0.0000, 0.0000, 0.0000, 0.0000, 0.0000,
        0.0000, 0.0000, 0.0000, 0.0000, 0.0000, 0.0000, 0.0000, 0.0000, 0.0000,
        0.0000, 0.0000, 0.0000, 0.0000, 0.0000, 0.0000, 0.0000])
tensor([0.5667, 0.0000, 0.2667, 0.0000, 0.0000, 0.0000, 0.0000, 0.0000, 0.0000,
        0.0000, 0.0000, 0.0000, 0.0000, 0.0000, 0.0000, 0.0000, 0.0000, 0.0000,
        0.0000, 0.0000, 0.0000, 0.0000, 0.0000, 0.0000, 0.0000, 0.0000, 0.0000,
        0.0000, 0.0000, 0.0000, 0.0000, 0.0000, 0.0000, 0.0000, 0.0000, 0.0000,
        0.0000, 0.0000, 0.0000, 0.0000, 0.0000, 0.0000, 0.0000])
tensor([0.3833, 0.0000, 0.2720, 0.0000, 0.0000, 0.0000, 0.0000, 0.0000, 0.0000,
        0.0000, 0.0000, 0.0000, 0.0000, 0.0000, 0.0000, 0.0000, 0.0000, 0.0000,
        0.0000, 0.0000, 0.0000, 0.0000, 0.0000, 0.0000, 0.0000, 0.0000, 0.0000,
        0.0000, 0.0000, 0.0000, 0.0000, 0.0000, 0.0000, 0.0000, 0.0000, 0.0000,
        0.0000, 0.0000, 0.0000, 0.0000, 0.0000, 0.0000, 0.0000])
tensor([0.3833, 0.0000, 0.4627, 0.0000, 0.0000, 0.0000, 0.0000, 0.0000, 0.0000,
        0.0000, 0.0000, 0.0000, 0.0000, 0.0042, 0.0000, 0.0000, 0.0000, 0.0000,
        0.0000, 0.0000, 0.0000, 0.0000, 0.0000, 0.0000, 0.0000, 0.0000, 0.0000,
        0.0000, 0.0000, 0.0000, 0.0000, 0.0000, 0.0000, 0.0000, 0.0000, 0.0000,
        0.0000, 0.0000, 0.0043, 0.0000, 0.0000, 0.0000, 0.0000])
tensor([0.2667, 0.0000, 0.4760, 0.0000, 0.0000, 0.0000, 0.0000, 0.0000, 0.0000,
        0.0000, 0.0000, 0.0000, 0.0000, 0.0194, 0.0000, 0.0000, 0.0000, 0.0000,
        0.0000, 0.0000, 0.0000, 0.0000, 0.0000, 0.0000, 0.0000, 0.0167, 0.0000,
        0.0000, 0.0000, 0.0000, 0.0000, 0.0000, 0.0000, 0.0000, 0.0000, 0.0000,
        0.0000, 0.0000, 0.0058, 0.0000, 0.0000, 0.0000, 0.0000])
tensor([0.2333, 0.0000, 0.6267, 0.0000, 0.0000, 0.0000, 0.0000, 0.0000, 0.0000,
        0.0000, 0.0000, 0.0000, 0.0000, 0.0000, 0.0000, 0.0000, 0.0000, 0.0000,
        0.0000, 0.0000, 0.0000, 0.0000, 0.0000, 0.0000, 0.0000, 0.0604, 0.0000,
        0.0000, 0.0000, 0.0000, 0.0000, 0.0000, 0.0000, 0.0000, 0.0000, 0.0000,
        0.0000, 0.0000, 0.0174, 0.0000, 0.0000, 0.0000, 0.0000])
tensor([0.1833, 0.0000, 0.7227, 0.0000, 0.0000, 0.0000, 0.0000, 0.0000, 0.0000,
        0.0000, 0.0000, 0.0000, 0.0000, 0.0000, 0.0000, 0.0000, 0.0000, 0.0000,
        0.0000, 0.0000, 0.0000, 0.0000, 0.0000, 0.0000, 0.0000, 0.1708, 0.0000,
        0.0000, 0.0000, 0.0000, 0.0000, 0.0000, 0.0000, 0.0000, 0.0000, 0.0000,
        0.0000, 0.0000, 0.0348, 0.0000, 0.0000, 0.0000, 0.0000])
tensor([0.1000, 0.0000, 0.7627, 0.0000, 0.0000, 0.0000, 0.0000, 0.0000, 0.0000,
        0.0000, 0.0000, 0.0000, 0.0000, 0.0000, 0.0000, 0.0000, 0.0000, 0.0000,
        0.0000, 0.0000, 0.0000, 0.0000, 0.0000, 0.0000, 0.0000, 0.3542, 0.0000,
        0.0000, 0.0000, 0.0000, 0.0000, 0.0000, 0.0000, 0.0000, 0.0000, 0.0000,
        0.0000, 0.0000, 0.0783, 0.0000, 0.0000, 0.0000, 0.0000])
tensor([0.1000, 0.0000, 0.7613, 0.0000, 0.0000, 0.0000, 0.0000, 0.0000, 0.0000,
        0.0000, 0.0000, 0.0000, 0.0000, 0.0000, 0.0000, 0.0000, 0.0000, 0.0000,
        0.0000, 0.0000, 0.0000, 0.0000, 0.0000, 0.0000, 0.0000, 0.4187, 0.0000,
        0.0000, 0.0000, 0.0000, 0.0000, 0.0000, 0.0000, 0.0000, 0.0000, 0.0000,
        0.0000, 0.0000, 0.1072, 0.0000, 0.0000, 0.0000, 0.0000])
tensor([0.1000, 0.0000, 0.7600, 0.0000, 0.0000, 0.0000, 0.0000, 0.0000, 0.0000,
        0.0000, 0.0000, 0.0000, 0.0000, 0.0000, 0.0000, 0.0000, 0.0000, 0.0000,
        0.0692, 0.0000, 0.0000, 0.0000, 0.0000, 0.0000, 0.0000, 0.4938, 0.0000,
        0.0000, 0.0000, 0.0000, 0.0000, 0.0000, 0.0000, 0.0000, 0.0000, 0.0000,
        0.0000, 0.0000, 0.1000, 0.0000, 0.0000, 0.0000, 0.0000])
tensor([0.1000, 0.0000, 0.5627, 0.0000, 0.0000, 0.0000, 0.0000, 0.0000, 0.0000,
        0.0000, 0.0000, 0.0000, 0.0000, 0.0000, 0.0000, 0.0000, 0.0000, 0.0000,
        0.1308, 0.0000, 0.0000, 0.0000, 0.0000, 0.0000, 0.0000, 0.6250, 0.0000,
        0.0000, 0.0000, 0.0000, 0.0000, 0.0000, 0.0000, 0.0000, 0.0000, 0.0000,
        0.0000, 0.0000, 0.1391, 0.0000, 0.0000, 0.0000, 0.0000])
tensor([0.0000, 0.0000, 0.7267, 0.0000, 0.0000, 0.0000, 0.0000, 0.0000, 0.0000,
        0.0000, 0.0000, 0.0000, 0.0000, 0.0000, 0.0000, 0.0000, 0.0000, 0.0000,
        0.1205, 0.0000, 0.0000, 0.0000, 0.0000, 0.0000, 0.0000, 0.5708, 0.0000,
        0.0000, 0.0000, 0.0000, 0.0000, 0.0000, 0.0000, 0.0000, 0.0000, 0.0000,
        0.0000, 0.0000, 0.3145, 0.0000, 0.0000, 0.0000, 0.0000])
tensor([0.0167, 0.0000, 0.7840, 0.0000, 0.0000, 0.0000, 0.0000, 0.0000, 0.0000,
        0.0000, 0.0000, 0.0000, 0.0000, 0.0000, 0.0000, 0.0000, 0.0000, 0.0000,
        0.1615, 0.0000, 0.0000, 0.0000, 0.0000, 0.0000, 0.0000, 0.3667, 0.0000,
        0.0000, 0.0000, 0.0000, 0.0000, 0.0000, 0.0000, 0.0000, 0.0000, 0.0000,
        0.0000, 0.0000, 0.3478, 0.0000, 0.0000, 0.0000, 0.0000])
tensor([0.0000, 0.0000, 0.8200, 0.0000, 0.0242, 0.0000, 0.0000, 0.0000, 0.0000,
        0.0000, 0.0000, 0.0000, 0.0000, 0.0000, 0.0000, 0.0000, 0.0000, 0.0000,
        0.2923, 0.0000, 0.0000, 0.0000, 0.0000, 0.0000, 0.0000, 0.2500, 0.0000,
        0.0000, 0.0000, 0.0000, 0.0000, 0.0000, 0.0000, 0.0000, 0.0000, 0.0000,
        0.0000, 0.0000, 0.2058, 0.0000, 0.0000, 0.0000, 0.0000])
tensor([0.0000, 0.0000, 0.6880, 0.0000, 0.1833, 0.0000, 0.0000, 0.0000, 0.0000,
        0.0000, 0.0000, 0.0000, 0.0000, 0.1181, 0.0000, 0.0000, 0.0000, 0.0000,
        0.3923, 0.0000, 0.0000, 0.0000, 0.0000, 0.0000, 0.0000, 0.2479, 0.0000,
        0.0000, 0.0000, 0.0000, 0.0000, 0.0000, 0.0000, 0.0000, 0.0000, 0.0000,
        0.0000, 0.0000, 0.3087, 0.0000, 0.0000, 0.0000, 0.0000])
tensor([0.0000, 0.0000, 0.8213, 0.0000, 0.1303, 0.0000, 0.0000, 0.0000, 0.0000,
        0.0000, 0.0000, 0.0000, 0.0000, 0.0792, 0.0000, 0.0000, 0.0000, 0.0000,
        0.6462, 0.0000, 0.0000, 0.0000, 0.0000, 0.0000, 0.0000, 0.1562, 0.0000,
        0.0000, 0.0000, 0.0000, 0.0000, 0.0000, 0.0000, 0.0000, 0.0000, 0.0000,
        0.0000, 0.0000, 0.2043, 0.0000, 0.0000, 0.0000, 0.0000])
tensor([0.0000, 0.0000, 0.8147, 0.0000, 0.0045, 0.0000, 0.0000, 0.0000, 0.0000,
        0.0000, 0.1379, 0.0000, 0.0000, 0.0986, 0.0000, 0.0000, 0.0000, 0.0000,
        0.7821, 0.0000, 0.0000, 0.0000, 0.0000, 0.0000, 0.0000, 0.2354, 0.0000,
        0.0000, 0.0000, 0.0000, 0.0000, 0.0000, 0.0000, 0.0000, 0.0000, 0.0000,
        0.0000, 0.0000, 0.2609, 0.0000, 0.0000, 0.0000, 0.0000])
tensor([0.0000, 0.0000, 0.7827, 0.0000, 0.0924, 0.0000, 0.0000, 0.0000, 0.0000,
        0.0000, 0.2076, 0.0000, 0.0000, 0.0250, 0.0000, 0.0000, 0.0000, 0.0000,
        0.8282, 0.0000, 0.0000, 0.0000, 0.0000, 0.0000, 0.0000, 0.2542, 0.0000,
        0.0000, 0.0000, 0.0000, 0.0000, 0.0000, 0.0000, 0.0000, 0.0000, 0.0000,
        0.0000, 0.0000, 0.2348, 0.0000, 0.0000, 0.0000, 0.0000])
tensor([0.0000, 0.0014, 0.8520, 0.0000, 0.1030, 0.0000, 0.0000, 0.0000, 0.0000,
        0.0000, 0.0000, 0.0000, 0.0000, 0.0958, 0.0000, 0.0000, 0.0000, 0.0000,
        0.6385, 0.0000, 0.0000, 0.0000, 0.0000, 0.0000, 0.0000, 0.2562, 0.0000,
        0.0000, 0.0000, 0.0000, 0.0000, 0.0000, 0.0000, 0.0000, 0.0000, 0.0000,
        0.0000, 0.0000, 0.2797, 0.0000, 0.0000, 0.0000, 0.0000])
tensor([0.0167, 0.1056, 0.3987, 0.0000, 0.0288, 0.0000, 0.0000, 0.0000, 0.0000,
        0.0000, 0.0000, 0.1762, 0.0000, 0.0000, 0.0000, 0.0000, 0.0000, 0.0000,
        0.3821, 0.0000, 0.0000, 0.0000, 0.0000, 0.0000, 0.0000, 0.1979, 0.0000,
        0.0000, 0.0000, 0.0000, 0.0000, 0.0000, 0.0000, 0.0000, 0.0000, 0.0000,
        0.0000, 0.0000, 0.1652, 0.0000, 0.0000, 0.0000, 0.0000])
tensor([0.0000, 0.4528, 0.6760, 0.0000, 0.0606, 0.0000, 0.0000, 0.0000, 0.0000,
        0.0000, 0.0000, 0.2190, 0.0000, 0.0250, 0.0000, 0.0000, 0.0000, 0.0000,
        0.0744, 0.0000, 0.0000, 0.0000, 0.0000, 0.0000, 0.0000, 0.2562, 0.0000,
        0.0000, 0.0000, 0.0000, 0.0000, 0.0000, 0.0000, 0.0000, 0.0000, 0.0000,
        0.0000, 0.0000, 0.4957, 0.0000, 0.0000, 0.0000, 0.0000])
tensor([0.0000, 0.2139, 0.6907, 0.0000, 0.2955, 0.0000, 0.0000, 0.0000, 0.0000,
        0.0000, 0.0000, 0.3762, 0.0000, 0.0000, 0.0000, 0.0000, 0.0000, 0.0000,
        0.1795, 0.0000, 0.0000, 0.0000, 0.0000, 0.0000, 0.0000, 0.2083, 0.0000,
        0.0000, 0.0000, 0.0000, 0.0000, 0.0000, 0.0000, 0.0000, 0.0000, 0.0000,
        0.0000, 0.0000, 0.8797, 0.0000, 0.0000, 0.0000, 0.0000])
tensor([0.0000, 0.0000, 0.5733, 0.0000, 0.2106, 0.0000, 0.0000, 0.0000, 0.0000,
        0.0000, 0.0000, 0.3190, 0.0000, 0.2014, 0.0000, 0.0000, 0.0000, 0.0000,
        0.1897, 0.0000, 0.0000, 0.0000, 0.0000, 0.0000, 0.0000, 0.2396, 0.0000,
        0.0000, 0.0000, 0.0000, 0.0000, 0.0000, 0.0000, 0.0000, 0.0000, 0.0000,
        0.0000, 0.0000, 0.6000, 0.0000, 0.0000, 0.0000, 0.0000])
tensor([0.0000, 0.0472, 0.8640, 0.0000, 0.1197, 0.0000, 0.0000, 0.0000, 0.0000,
        0.0000, 0.0000, 0.2476, 0.0000, 0.0889, 0.0000, 0.0000, 0.0000, 0.0000,
        0.3385, 0.0000, 0.0000, 0.0000, 0.0000, 0.0000, 0.0000, 0.2146, 0.0000,
        0.0000, 0.0000, 0.0000, 0.0000, 0.0000, 0.0000, 0.0000, 0.0000, 0.0000,
        0.0000, 0.0000, 0.3420, 0.0000, 0.0000, 0.0000, 0.0000])
tensor([0.0000, 0.1236, 0.7787, 0.0000, 0.1015, 0.0000, 0.0000, 0.0000, 0.0000,
        0.0000, 0.0167, 0.2429, 0.0000, 0.2736, 0.0000, 0.0000, 0.0000, 0.0000,
        0.3769, 0.0000, 0.0000, 0.0000, 0.0000, 0.0000, 0.0000, 0.2479, 0.0000,
        0.0000, 0.0000, 0.0000, 0.0000, 0.0000, 0.0000, 0.0000, 0.0000, 0.0000,
        0.0000, 0.0000, 0.3058, 0.0000, 0.0000, 0.0000, 0.0000])
tensor([0.0000, 0.0056, 0.8587, 0.0000, 0.0121, 0.0000, 0.0000, 0.0000, 0.0000,
        0.0000, 0.1939, 0.2595, 0.0000, 0.2528, 0.0000, 0.0000, 0.0000, 0.2556,
        0.2385, 0.0000, 0.0000, 0.0000, 0.0000, 0.0000, 0.0000, 0.3021, 0.0000,
        0.0000, 0.0000, 0.0000, 0.0000, 0.0000, 0.0000, 0.0000, 0.0000, 0.0000,
        0.0000, 0.0000, 0.2986, 0.0000, 0.0000, 0.0000, 0.0000])
tensor([0.0000, 0.0625, 0.8507, 0.0000, 0.1030, 0.0000, 0.0000, 0.0000, 0.0000,
        0.0000, 0.1242, 0.2857, 0.0000, 0.3694, 0.0000, 0.0000, 0.0000, 0.4528,
        0.1744, 0.0000, 0.0000, 0.0000, 0.0000, 0.0000, 0.0000, 0.3313, 0.0000,
        0.0000, 0.0000, 0.0000, 0.0000, 0.0000, 0.0000, 0.0000, 0.0000, 0.0000,
        0.0000, 0.0000, 0.0348, 0.0000, 0.0000, 0.0000, 0.0000])
tensor([0.0000, 0.0514, 0.8533, 0.0000, 0.1242, 0.0000, 0.0000, 0.0000, 0.0000,
        0.0000, 0.0545, 0.3405, 0.0000, 0.4250, 0.0000, 0.0000, 0.0000, 0.6389,
        0.1410, 0.0000, 0.0000, 0.0000, 0.0000, 0.0000, 0.0000, 0.3146, 0.0000,
        0.0000, 0.0000, 0.0000, 0.0000, 0.0000, 0.0000, 0.0000, 0.0000, 0.0000,
        0.0000, 0.0000, 0.0000, 0.0000, 0.0000, 0.0000, 0.0000])
tensor([0.0000, 0.0000, 0.7853, 0.0000, 0.2621, 0.0000, 0.0000, 0.0000, 0.0000,
        0.0000, 0.1364, 0.3381, 0.0000, 0.6111, 0.0000, 0.0000, 0.0000, 0.6028,
        0.2513, 0.0000, 0.0000, 0.0000, 0.0000, 0.0000, 0.0000, 0.2396, 0.0000,
        0.0000, 0.0000, 0.0000, 0.0000, 0.0000, 0.0000, 0.0000, 0.0000, 0.0000,
        0.0000, 0.0000, 0.0188, 0.0000, 0.0000, 0.0000, 0.0000])
tensor([0.0000, 0.0375, 0.8333, 0.0000, 0.2788, 0.0000, 0.0000, 0.0000, 0.0000,
        0.0000, 0.1152, 0.4143, 0.0000, 0.5500, 0.0000, 0.0000, 0.0000, 0.6917,
        0.0462, 0.0000, 0.0000, 0.0000, 0.0000, 0.0000, 0.0000, 0.3688, 0.0000,
        0.0000, 0.0000, 0.0000, 0.0000, 0.0000, 0.0000, 0.0000, 0.0000, 0.0000,
        0.0000, 0.0000, 0.1159, 0.0000, 0.0000, 0.0000, 0.0000])
tensor([0.0000, 0.0556, 0.6467, 0.0000, 0.2182, 0.0000, 0.0000, 0.0000, 0.0000,
        0.0000, 0.5818, 0.5143, 0.0000, 0.8472, 0.0000, 0.0000, 0.0000, 0.6250,
        0.1077, 0.0000, 0.0000, 0.0000, 0.0000, 0.0000, 0.0000, 0.2917, 0.0000,
        0.0000, 0.0000, 0.0000, 0.0000, 0.0000, 0.0000, 0.0000, 0.0000, 0.0000,
        0.0000, 0.0000, 0.2971, 0.0000, 0.0000, 0.0000, 0.0000])
tensor([0.0000, 0.0611, 0.6520, 0.0000, 0.0545, 0.0000, 0.0000, 0.0000, 0.0000,
        0.0000, 0.2652, 0.4286, 0.0000, 0.8764, 0.0000, 0.0000, 0.0000, 0.7250,
        0.0590, 0.0000, 0.0000, 0.0000, 0.0000, 0.0000, 0.0000, 0.3604, 0.0000,
        0.0000, 0.0000, 0.0000, 0.0000, 0.0000, 0.0000, 0.0000, 0.0000, 0.0000,
        0.0000, 0.0000, 0.1942, 0.0000, 0.0000, 0.0000, 0.0000])
tensor([0.0000, 0.4667, 0.3480, 0.0000, 0.2530, 0.0000, 0.0000, 0.0000, 0.0000,
        0.0000, 0.5606, 0.4405, 0.0043, 0.8472, 0.0000, 0.0000, 0.0000, 0.7056,
        0.1282, 0.0000, 0.0000, 0.0000, 0.0000, 0.0000, 0.0000, 0.2937, 0.0000,
        0.0000, 0.0000, 0.0000, 0.0000, 0.0000, 0.0000, 0.0000, 0.0000, 0.0000,
        0.0000, 0.0000, 0.0609, 0.0000, 0.0000, 0.0000, 0.0000])
tensor([0.0000, 0.2014, 0.6587, 0.0000, 0.0030, 0.0000, 0.0000, 0.0000, 0.0000,
        0.0000, 0.3394, 0.5238, 0.0000, 0.9347, 0.0000, 0.0000, 0.0000, 0.7639,
        0.0000, 0.0000, 0.0000, 0.0000, 0.0000, 0.0000, 0.0000, 0.3375, 0.0000,
        0.0000, 0.0000, 0.0000, 0.0000, 0.0000, 0.0000, 0.0000, 0.0000, 0.0000,
        0.0000, 0.0000, 0.0928, 0.0000, 0.0000, 0.0000, 0.0000])
tensor([0.0000, 0.4431, 0.5400, 0.0000, 0.0015, 0.0000, 0.0000, 0.0000, 0.0000,
        0.0000, 0.2924, 0.1190, 0.0000, 0.9000, 0.0259, 0.0000, 0.0000, 0.8111,
        0.3795, 0.0000, 0.0000, 0.0000, 0.0000, 0.0000, 0.0000, 0.3292, 0.0000,
        0.0000, 0.0000, 0.0000, 0.0000, 0.0000, 0.0000, 0.0000, 0.0000, 0.0000,
        0.0000, 0.0000, 0.0754, 0.0000, 0.0000, 0.0000, 0.0000])
tensor([0.0000, 0.3000, 0.6680, 0.0000, 0.0061, 0.0000, 0.0000, 0.0000, 0.0000,
        0.0000, 0.3227, 0.3810, 0.0000, 0.9458, 0.0370, 0.0000, 0.0000, 0.8139,
        0.1103, 0.0000, 0.0000, 0.0000, 0.0000, 0.0000, 0.0000, 0.3521, 0.0000,
        0.0000, 0.0000, 0.0000, 0.0000, 0.0000, 0.0000, 0.0000, 0.0000, 0.0000,
        0.0000, 0.0000, 0.2957, 0.0000, 0.0000, 0.0000, 0.0000])
tensor([0.0000, 0.3139, 0.6493, 0.0000, 0.0121, 0.0000, 0.0000, 0.0000, 0.0000,
        0.0000, 0.5970, 0.5167, 0.0000, 0.9389, 0.0074, 0.0000, 0.0000, 0.7361,
        0.0692, 0.0000, 0.0000, 0.0000, 0.0000, 0.0000, 0.0000, 0.3208, 0.0000,
        0.0000, 0.0000, 0.0000, 0.0000, 0.0000, 0.0000, 0.0000, 0.0000, 0.0000,
        0.0000, 0.0000, 0.5652, 0.0000, 0.0000, 0.0000, 0.0000])
tensor([0.0000, 0.2819, 0.6613, 0.0000, 0.0000, 0.0000, 0.0000, 0.0000, 0.0000,
        0.0000, 0.7076, 0.5071, 0.0058, 0.9472, 0.0000, 0.0000, 0.0000, 0.7139,
        0.0513, 0.0000, 0.0000, 0.0000, 0.0000, 0.0000, 0.0000, 0.3521, 0.0000,
        0.0000, 0.0000, 0.0000, 0.0000, 0.0000, 0.0000, 0.0000, 0.0000, 0.0000,
        0.0000, 0.0000, 0.6348, 0.0000, 0.0000, 0.0000, 0.0000])
tensor([0.0000, 0.5667, 0.3987, 0.0000, 0.0394, 0.0000, 0.0000, 0.0000, 0.0000,
        0.0000, 0.7939, 0.3548, 0.0087, 0.9389, 0.0000, 0.0000, 0.0000, 0.7222,
        0.2231, 0.0000, 0.0000, 0.0000, 0.0000, 0.0000, 0.0000, 0.3479, 0.0000,
        0.0000, 0.0000, 0.0000, 0.0000, 0.0000, 0.0000, 0.0000, 0.0000, 0.0308,
        0.0000, 0.0000, 0.7087, 0.0000, 0.0000, 0.0000, 0.0000])
tensor([0.0000, 0.3347, 0.5307, 0.0000, 0.1136, 0.0000, 0.0000, 0.0000, 0.0000,
        0.0000, 0.6909, 0.4310, 0.0348, 0.9208, 0.0000, 0.0000, 0.0000, 0.7139,
        0.2744, 0.0000, 0.0000, 0.0000, 0.0000, 0.0000, 0.0000, 0.3000, 0.0000,
        0.0000, 0.0000, 0.0000, 0.0000, 0.0000, 0.0000, 0.0000, 0.0000, 0.1359,
        0.0000, 0.0000, 0.7536, 0.0000, 0.0000, 0.0000, 0.0000])
tensor([0.0000, 0.5389, 0.3907, 0.0000, 0.0621, 0.0000, 0.0000, 0.0000, 0.0000,
        0.0000, 0.9121, 0.4000, 0.0377, 0.8972, 0.0000, 0.0000, 0.0000, 0.7333,
        0.1487, 0.0000, 0.0000, 0.0000, 0.0000, 0.0000, 0.0000, 0.3479, 0.0000,
        0.0000, 0.0000, 0.0000, 0.0000, 0.0000, 0.0000, 0.0000, 0.0000, 0.1179,
        0.0000, 0.0000, 0.7435, 0.0000, 0.0000, 0.0000, 0.0000])
tensor([0.0000, 0.2986, 0.6733, 0.0000, 0.0152, 0.0000, 0.0000, 0.0000, 0.0000,
        0.0625, 0.8697, 0.4286, 0.0362, 0.9278, 0.0148, 0.0000, 0.0000, 0.7000,
        0.2000, 0.0000, 0.0000, 0.0000, 0.0000, 0.0000, 0.0000, 0.2708, 0.0000,
        0.0000, 0.0000, 0.0000, 0.0000, 0.0000, 0.0000, 0.0000, 0.0000, 0.2205,
        0.0000, 0.0000, 0.7116, 0.0000, 0.0000, 0.0000, 0.0000])
tensor([0.0000, 0.3806, 0.6347, 0.0000, 0.0288, 0.0000, 0.0000, 0.0000, 0.0000,
        0.0083, 0.9136, 0.5405, 0.0217, 0.9097, 0.0296, 0.0000, 0.0000, 0.7250,
        0.0564, 0.0000, 0.0000, 0.0000, 0.0000, 0.0000, 0.0000, 0.3000, 0.0000,
        0.0000, 0.0000, 0.0000, 0.0000, 0.0000, 0.0000, 0.0000, 0.0000, 0.2077,
        0.0000, 0.0000, 0.7667, 0.0000, 0.0000, 0.0000, 0.0000])
tensor([0.0000, 0.3083, 0.6400, 0.0000, 0.0333, 0.0222, 0.0000, 0.0000, 0.0000,
        0.0479, 0.9182, 0.4667, 0.0609, 0.9306, 0.0333, 0.0000, 0.0000, 0.7333,
        0.1256, 0.0000, 0.0000, 0.0000, 0.0000, 0.0000, 0.0000, 0.3333, 0.0000,
        0.0000, 0.0000, 0.0000, 0.0000, 0.0000, 0.0000, 0.0000, 0.0000, 0.2154,
        0.0000, 0.0000, 0.7797, 0.0000, 0.0000, 0.0000, 0.0000])
tensor([0.0000, 0.4097, 0.5973, 0.0000, 0.0318, 0.0190, 0.0000, 0.0000, 0.0000,
        0.0292, 0.9424, 0.5000, 0.0304, 0.9167, 0.0630, 0.0000, 0.0000, 0.7750,
        0.1051, 0.0000, 0.0000, 0.0000, 0.0000, 0.0000, 0.0000, 0.3271, 0.0000,
        0.0000, 0.0000, 0.0000, 0.0000, 0.0000, 0.0000, 0.0000, 0.0000, 0.2051,
        0.0000, 0.0000, 0.7855, 0.0000, 0.0000, 0.0000, 0.0000])
