tensor([1., 0., 0., 0., 0., 0., 0., 0., 0., 0., 0., 0., 0., 0., 0., 0., 0., 0.,
        0., 0., 0., 0., 0., 0., 0., 0., 0., 0., 0., 0., 0., 0., 0., 0., 0., 0.,
        0., 0., 0., 0., 0., 0., 0.])
tensor([1., 0., 0., 0., 0., 0., 0., 0., 0., 0., 0., 0., 0., 0., 0., 0., 0., 0.,
        0., 0., 0., 0., 0., 0., 0., 0., 0., 0., 0., 0., 0., 0., 0., 0., 0., 0.,
        0., 0., 0., 0., 0., 0., 0.])
tensor([1., 0., 0., 0., 0., 0., 0., 0., 0., 0., 0., 0., 0., 0., 0., 0., 0., 0.,
        0., 0., 0., 0., 0., 0., 0., 0., 0., 0., 0., 0., 0., 0., 0., 0., 0., 0.,
        0., 0., 0., 0., 0., 0., 0.])
tensor([1., 0., 0., 0., 0., 0., 0., 0., 0., 0., 0., 0., 0., 0., 0., 0., 0., 0.,
        0., 0., 0., 0., 0., 0., 0., 0., 0., 0., 0., 0., 0., 0., 0., 0., 0., 0.,
        0., 0., 0., 0., 0., 0., 0.])
tensor([1., 0., 0., 0., 0., 0., 0., 0., 0., 0., 0., 0., 0., 0., 0., 0., 0., 0.,
        0., 0., 0., 0., 0., 0., 0., 0., 0., 0., 0., 0., 0., 0., 0., 0., 0., 0.,
        0., 0., 0., 0., 0., 0., 0.])
tensor([1., 0., 0., 0., 0., 0., 0., 0., 0., 0., 0., 0., 0., 0., 0., 0., 0., 0.,
        0., 0., 0., 0., 0., 0., 0., 0., 0., 0., 0., 0., 0., 0., 0., 0., 0., 0.,
        0., 0., 0., 0., 0., 0., 0.])
tensor([1., 0., 0., 0., 0., 0., 0., 0., 0., 0., 0., 0., 0., 0., 0., 0., 0., 0.,
        0., 0., 0., 0., 0., 0., 0., 0., 0., 0., 0., 0., 0., 0., 0., 0., 0., 0.,
        0., 0., 0., 0., 0., 0., 0.])
tensor([1., 0., 0., 0., 0., 0., 0., 0., 0., 0., 0., 0., 0., 0., 0., 0., 0., 0.,
        0., 0., 0., 0., 0., 0., 0., 0., 0., 0., 0., 0., 0., 0., 0., 0., 0., 0.,
        0., 0., 0., 0., 0., 0., 0.])
tensor([1., 0., 0., 0., 0., 0., 0., 0., 0., 0., 0., 0., 0., 0., 0., 0., 0., 0.,
        0., 0., 0., 0., 0., 0., 0., 0., 0., 0., 0., 0., 0., 0., 0., 0., 0., 0.,
        0., 0., 0., 0., 0., 0., 0.])
tensor([1., 0., 0., 0., 0., 0., 0., 0., 0., 0., 0., 0., 0., 0., 0., 0., 0., 0.,
        0., 0., 0., 0., 0., 0., 0., 0., 0., 0., 0., 0., 0., 0., 0., 0., 0., 0.,
        0., 0., 0., 0., 0., 0., 0.])
tensor([1., 0., 0., 0., 0., 0., 0., 0., 0., 0., 0., 0., 0., 0., 0., 0., 0., 0.,
        0., 0., 0., 0., 0., 0., 0., 0., 0., 0., 0., 0., 0., 0., 0., 0., 0., 0.,
        0., 0., 0., 0., 0., 0., 0.])
tensor([1., 0., 0., 0., 0., 0., 0., 0., 0., 0., 0., 0., 0., 0., 0., 0., 0., 0.,
        0., 0., 0., 0., 0., 0., 0., 0., 0., 0., 0., 0., 0., 0., 0., 0., 0., 0.,
        0., 0., 0., 0., 0., 0., 0.])
tensor([1.0000, 0.0000, 0.0000, 0.0000, 0.0000, 0.0000, 0.0000, 0.0000, 0.0000,
        0.0000, 0.0000, 0.0000, 0.0000, 0.0000, 0.0000, 0.0000, 0.0000, 0.0500,
        0.0000, 0.0000, 0.0000, 0.0000, 0.0000, 0.0000, 0.0000, 0.0000, 0.0000,
        0.0000, 0.0000, 0.0000, 0.0000, 0.0000, 0.0000, 0.0000, 0.0000, 0.0000,
        0.0000, 0.0000, 0.0000, 0.0000, 0.0000, 0.0000, 0.0000])
tensor([1.0000, 0.0000, 0.0000, 0.0000, 0.0000, 0.0000, 0.0000, 0.0000, 0.0000,
        0.0000, 0.0000, 0.0000, 0.0768, 0.0000, 0.1000, 0.0000, 0.0000, 0.0778,
        0.0000, 0.0000, 0.0000, 0.0000, 0.0000, 0.0000, 0.0000, 0.0000, 0.0000,
        0.0000, 0.0000, 0.0000, 0.0000, 0.0000, 0.0000, 0.0000, 0.0000, 0.0000,
        0.0000, 0.0000, 0.0000, 0.0000, 0.0000, 0.0000, 0.0000])
tensor([1.0000, 0.0000, 0.0000, 0.0000, 0.0000, 0.0000, 0.0000, 0.0000, 0.0000,
        0.0000, 0.0000, 0.0000, 0.1246, 0.0000, 0.0000, 0.0000, 0.0000, 0.0000,
        0.0000, 0.0000, 0.0000, 0.0000, 0.0000, 0.0000, 0.0000, 0.0000, 0.0000,
        0.0000, 0.0000, 0.0000, 0.0000, 0.0000, 0.0000, 0.0000, 0.0000, 0.0000,
        0.0000, 0.0000, 0.0000, 0.0000, 0.0000, 0.0000, 0.0000])
tensor([1.0000, 0.0000, 0.0000, 0.0000, 0.0000, 0.0000, 0.0000, 0.0000, 0.0000,
        0.0000, 0.0000, 0.0000, 0.0449, 0.0069, 0.0000, 0.0000, 0.0000, 0.0000,
        0.0000, 0.0000, 0.0000, 0.0000, 0.0000, 0.0000, 0.0000, 0.0000, 0.0000,
        0.0000, 0.0000, 0.0000, 0.0000, 0.0000, 0.0000, 0.0000, 0.0000, 0.0000,
        0.0000, 0.0000, 0.0000, 0.0000, 0.0000, 0.0000, 0.0000])
tensor([1.0000, 0.0000, 0.0000, 0.0000, 0.0000, 0.0000, 0.0000, 0.0000, 0.0000,
        0.0000, 0.0000, 0.0000, 0.0145, 0.0056, 0.0000, 0.0000, 0.0000, 0.0000,
        0.0000, 0.0000, 0.0000, 0.0000, 0.0000, 0.0000, 0.0000, 0.0000, 0.0000,
        0.0000, 0.0000, 0.0000, 0.0000, 0.0000, 0.0000, 0.0000, 0.0000, 0.0000,
        0.0000, 0.0000, 0.0000, 0.0000, 0.0000, 0.0000, 0.0000])
tensor([1.0000, 0.0000, 0.0000, 0.0000, 0.0000, 0.0000, 0.0000, 0.0000, 0.0000,
        0.0000, 0.0000, 0.0000, 0.0043, 0.0000, 0.0000, 0.0000, 0.0000, 0.0000,
        0.0000, 0.0000, 0.0000, 0.0000, 0.0000, 0.0000, 0.0000, 0.0000, 0.0000,
        0.0000, 0.0000, 0.0000, 0.0000, 0.0000, 0.0000, 0.0000, 0.0000, 0.0000,
        0.0000, 0.0000, 0.0000, 0.0000, 0.0000, 0.0000, 0.0000])
tensor([1.0000, 0.0000, 0.0000, 0.0000, 0.0000, 0.0000, 0.0000, 0.0000, 0.0000,
        0.0000, 0.0000, 0.0048, 0.0536, 0.0000, 0.0000, 0.0000, 0.0000, 0.0000,
        0.0103, 0.0000, 0.0000, 0.0000, 0.0000, 0.0000, 0.0000, 0.0000, 0.0444,
        0.0000, 0.0000, 0.0000, 0.0000, 0.0000, 0.0000, 0.0000, 0.0000, 0.0000,
        0.0000, 0.0000, 0.0000, 0.0000, 0.0000, 0.0000, 0.0000])
tensor([1., 0., 0., 0., 0., 0., 0., 0., 0., 0., 0., 0., 0., 0., 0., 0., 0., 0.,
        0., 0., 0., 0., 0., 0., 0., 0., 0., 0., 0., 0., 0., 0., 0., 0., 0., 0.,
        0., 0., 0., 0., 0., 0., 0.])
tensor([1.0000, 0.0000, 0.0000, 0.0000, 0.0000, 0.0000, 0.0000, 0.0000, 0.0000,
        0.0000, 0.0000, 0.0024, 0.0841, 0.0000, 0.0704, 0.0000, 0.0000, 0.0000,
        0.0205, 0.0000, 0.0000, 0.0000, 0.0000, 0.0000, 0.0000, 0.0000, 0.0556,
        0.0000, 0.0000, 0.0000, 0.0000, 0.0000, 0.0000, 0.0000, 0.0000, 0.0000,
        0.0000, 0.0000, 0.0000, 0.0000, 0.0000, 0.0000, 0.0000])
tensor([1.0000, 0.0000, 0.0000, 0.0000, 0.0000, 0.0000, 0.0000, 0.0000, 0.0000,
        0.0000, 0.0000, 0.0000, 0.0116, 0.0000, 0.0000, 0.0000, 0.0000, 0.0000,
        0.0000, 0.0000, 0.0000, 0.0000, 0.0000, 0.0000, 0.0000, 0.0000, 0.0111,
        0.0000, 0.0000, 0.0000, 0.0000, 0.0000, 0.0000, 0.0000, 0.0000, 0.0000,
        0.0000, 0.0000, 0.0000, 0.0000, 0.0000, 0.0000, 0.0000])
tensor([1.0000, 0.0000, 0.0000, 0.0000, 0.0000, 0.0000, 0.0000, 0.0000, 0.0000,
        0.0000, 0.0000, 0.0000, 0.0333, 0.0000, 0.0000, 0.0000, 0.0000, 0.0000,
        0.0000, 0.0000, 0.0000, 0.0000, 0.0000, 0.0000, 0.0000, 0.0000, 0.1111,
        0.0000, 0.0000, 0.0000, 0.0000, 0.0000, 0.0000, 0.0000, 0.0000, 0.0000,
        0.0000, 0.0000, 0.0000, 0.0000, 0.0000, 0.0000, 0.0000])
tensor([1.0000, 0.0000, 0.0000, 0.0000, 0.0000, 0.0000, 0.0000, 0.0000, 0.0000,
        0.0000, 0.0000, 0.0000, 0.0203, 0.0000, 0.0000, 0.0000, 0.0000, 0.0000,
        0.0000, 0.0000, 0.0000, 0.0000, 0.0000, 0.0000, 0.0000, 0.0000, 0.1056,
        0.0000, 0.0000, 0.0000, 0.0000, 0.0000, 0.0000, 0.0000, 0.0000, 0.0000,
        0.0000, 0.0000, 0.0000, 0.0000, 0.0000, 0.0000, 0.0000])
tensor([1.0000, 0.0000, 0.0000, 0.0000, 0.0000, 0.0000, 0.0000, 0.0000, 0.0000,
        0.0000, 0.0000, 0.0000, 0.0391, 0.0000, 0.0000, 0.0000, 0.0000, 0.0000,
        0.0026, 0.0000, 0.0000, 0.0000, 0.0000, 0.0000, 0.0000, 0.0000, 0.1000,
        0.0000, 0.0000, 0.0000, 0.0000, 0.0000, 0.0000, 0.0000, 0.0000, 0.0000,
        0.0000, 0.0000, 0.0000, 0.0000, 0.0000, 0.0000, 0.0000])
tensor([1.0000, 0.0000, 0.0000, 0.0000, 0.0000, 0.0000, 0.0000, 0.0000, 0.0000,
        0.0000, 0.0061, 0.0000, 0.0130, 0.0000, 0.0000, 0.0000, 0.0000, 0.0000,
        0.0051, 0.0000, 0.0000, 0.0000, 0.0000, 0.0000, 0.0000, 0.0000, 0.1889,
        0.0000, 0.0000, 0.0000, 0.0000, 0.0000, 0.0000, 0.0000, 0.0000, 0.0000,
        0.0000, 0.0000, 0.0174, 0.0000, 0.0000, 0.0000, 0.0000])
tensor([1.0000, 0.0000, 0.0000, 0.0000, 0.0000, 0.0000, 0.0000, 0.0000, 0.0000,
        0.0000, 0.0045, 0.0095, 0.0623, 0.0000, 0.0000, 0.0000, 0.0000, 0.0000,
        0.0051, 0.0000, 0.0000, 0.0000, 0.0000, 0.0000, 0.0000, 0.0000, 0.1111,
        0.0000, 0.0000, 0.0000, 0.0000, 0.0000, 0.0000, 0.0000, 0.0000, 0.0000,
        0.0000, 0.0000, 0.0058, 0.0000, 0.0000, 0.0000, 0.0000])
tensor([1.0000, 0.0000, 0.0000, 0.0000, 0.0000, 0.0000, 0.0000, 0.0000, 0.0000,
        0.0000, 0.0348, 0.0000, 0.0159, 0.0014, 0.0000, 0.0000, 0.0000, 0.0000,
        0.0051, 0.0000, 0.0000, 0.0000, 0.0000, 0.0000, 0.0000, 0.0000, 0.2556,
        0.0000, 0.0000, 0.0000, 0.0000, 0.0000, 0.0000, 0.0000, 0.0000, 0.0000,
        0.0000, 0.0000, 0.0348, 0.0000, 0.0000, 0.0000, 0.0000])
tensor([1.0000, 0.0000, 0.0000, 0.0000, 0.0000, 0.0000, 0.0000, 0.0000, 0.0000,
        0.0000, 0.0258, 0.0095, 0.0870, 0.0000, 0.0000, 0.0000, 0.0000, 0.0000,
        0.0077, 0.0000, 0.0000, 0.0000, 0.0000, 0.0000, 0.0000, 0.0000, 0.1722,
        0.0000, 0.0000, 0.0000, 0.0000, 0.0000, 0.0000, 0.0000, 0.0000, 0.0000,
        0.0000, 0.0000, 0.0130, 0.0000, 0.0000, 0.0000, 0.0000])
tensor([1.0000, 0.0000, 0.0013, 0.0111, 0.0000, 0.0000, 0.0000, 0.0000, 0.0000,
        0.0000, 0.0621, 0.0000, 0.0478, 0.0014, 0.0000, 0.0143, 0.0000, 0.0000,
        0.0128, 0.0000, 0.0000, 0.0000, 0.0000, 0.0000, 0.0000, 0.0000, 0.2389,
        0.0000, 0.0000, 0.0000, 0.0000, 0.0000, 0.0000, 0.0000, 0.0000, 0.0000,
        0.0000, 0.0000, 0.0362, 0.0000, 0.0000, 0.0000, 0.0000])
tensor([1.0000, 0.0000, 0.0000, 0.0067, 0.0000, 0.0016, 0.0000, 0.0000, 0.0000,
        0.0000, 0.0864, 0.0143, 0.0913, 0.0028, 0.0259, 0.0000, 0.0000, 0.0000,
        0.0282, 0.0000, 0.0000, 0.0000, 0.0000, 0.0000, 0.0000, 0.0000, 0.2222,
        0.0000, 0.0000, 0.0000, 0.0000, 0.0000, 0.0000, 0.0000, 0.0000, 0.0000,
        0.0000, 0.0000, 0.0275, 0.0000, 0.0000, 0.0000, 0.0000])
tensor([1.0000, 0.0000, 0.0013, 0.0178, 0.0030, 0.0000, 0.0200, 0.0022, 0.0222,
        0.0000, 0.1439, 0.0143, 0.0768, 0.0069, 0.0000, 0.0429, 0.0000, 0.0000,
        0.0205, 0.0000, 0.0000, 0.0000, 0.0000, 0.0000, 0.0111, 0.0000, 0.3167,
        0.0000, 0.0000, 0.0000, 0.0000, 0.0037, 0.0000, 0.0000, 0.0000, 0.0000,
        0.0000, 0.0000, 0.0870, 0.0000, 0.0000, 0.0000, 0.0000])
tensor([1.0000, 0.0000, 0.0040, 0.0178, 0.0045, 0.0032, 0.0133, 0.0000, 0.0200,
        0.0021, 0.1545, 0.0333, 0.1362, 0.0056, 0.0444, 0.0381, 0.0000, 0.0000,
        0.0487, 0.0000, 0.0000, 0.0000, 0.0000, 0.0000, 0.0000, 0.0063, 0.3167,
        0.0167, 0.0000, 0.0000, 0.0000, 0.0000, 0.0000, 0.0000, 0.0000, 0.0077,
        0.0000, 0.0000, 0.0377, 0.0000, 0.0000, 0.0000, 0.0000])
tensor([1.0000, 0.0000, 0.0080, 0.0289, 0.0045, 0.0079, 0.0333, 0.0044, 0.0422,
        0.0000, 0.1591, 0.0333, 0.1203, 0.0153, 0.0222, 0.0810, 0.0000, 0.0000,
        0.0641, 0.0000, 0.0000, 0.0000, 0.0000, 0.0000, 0.0556, 0.0083, 0.3667,
        0.0167, 0.0000, 0.0000, 0.0000, 0.0037, 0.0000, 0.0000, 0.0000, 0.0103,
        0.0000, 0.0000, 0.1203, 0.0000, 0.0000, 0.0000, 0.0000])
tensor([1.0000, 0.0000, 0.0227, 0.0244, 0.0106, 0.0159, 0.0333, 0.0000, 0.0311,
        0.0063, 0.2121, 0.0381, 0.1826, 0.0139, 0.0926, 0.0905, 0.0000, 0.0000,
        0.0872, 0.0000, 0.0000, 0.0000, 0.0000, 0.0000, 0.0222, 0.0312, 0.4222,
        0.0167, 0.0000, 0.0000, 0.0000, 0.0037, 0.0000, 0.0000, 0.0000, 0.0077,
        0.0000, 0.0000, 0.1362, 0.0000, 0.0000, 0.0000, 0.0000])
tensor([1.0000, 0.0000, 0.0413, 0.0467, 0.0288, 0.0143, 0.0533, 0.0089, 0.0622,
        0.0104, 0.2545, 0.0548, 0.1681, 0.0264, 0.0889, 0.1286, 0.0000, 0.0000,
        0.0769, 0.0000, 0.0000, 0.0000, 0.0000, 0.0000, 0.0889, 0.0396, 0.4778,
        0.0333, 0.0000, 0.0000, 0.0000, 0.0037, 0.0000, 0.0000, 0.0000, 0.0179,
        0.0000, 0.0000, 0.2087, 0.0111, 0.0000, 0.0000, 0.0000])
tensor([1.0000, 0.0000, 0.0573, 0.0333, 0.0212, 0.0286, 0.0667, 0.0000, 0.0733,
        0.0250, 0.2394, 0.0476, 0.2188, 0.0333, 0.1630, 0.2190, 0.0000, 0.0000,
        0.0692, 0.0000, 0.0000, 0.0000, 0.0083, 0.0000, 0.0444, 0.0708, 0.5111,
        0.0667, 0.0000, 0.0000, 0.0000, 0.0037, 0.0000, 0.0000, 0.0000, 0.0000,
        0.0000, 0.0000, 0.1913, 0.0111, 0.0000, 0.0000, 0.0000])
tensor([1.0000, 0.0000, 0.0840, 0.0711, 0.0485, 0.0492, 0.0800, 0.0200, 0.1444,
        0.0271, 0.2758, 0.0524, 0.2536, 0.0389, 0.1407, 0.2333, 0.0000, 0.0000,
        0.1000, 0.0000, 0.0000, 0.0000, 0.0167, 0.0000, 0.1556, 0.0417, 0.5056,
        0.0333, 0.0000, 0.0000, 0.0000, 0.0111, 0.0000, 0.0000, 0.0000, 0.0385,
        0.0000, 0.0000, 0.2870, 0.0222, 0.0222, 0.0000, 0.0000])
tensor([1.0000, 0.0014, 0.1467, 0.0733, 0.0515, 0.0952, 0.0867, 0.0133, 0.1200,
        0.0792, 0.3470, 0.0857, 0.2783, 0.0458, 0.2259, 0.3190, 0.0000, 0.0000,
        0.1051, 0.0000, 0.0000, 0.0000, 0.0250, 0.0000, 0.1778, 0.1271, 0.5500,
        0.1167, 0.0000, 0.0000, 0.0000, 0.0667, 0.0000, 0.0000, 0.0000, 0.0205,
        0.0000, 0.0000, 0.3058, 0.1000, 0.0222, 0.0000, 0.0000])
tensor([1.0000, 0.0028, 0.1440, 0.1133, 0.0697, 0.1127, 0.0800, 0.0333, 0.1511,
        0.0750, 0.3652, 0.0905, 0.3261, 0.0583, 0.2593, 0.3381, 0.0000, 0.0000,
        0.1385, 0.0000, 0.0000, 0.0000, 0.0250, 0.0000, 0.2556, 0.1167, 0.5389,
        0.1167, 0.0000, 0.0000, 0.0000, 0.0926, 0.0333, 0.0000, 0.0000, 0.0385,
        0.0167, 0.0000, 0.3217, 0.1222, 0.0222, 0.0167, 0.0111])
tensor([1.0000, 0.0083, 0.2200, 0.1489, 0.0833, 0.1825, 0.1200, 0.0289, 0.1267,
        0.1125, 0.4909, 0.1071, 0.3391, 0.1028, 0.3407, 0.4762, 0.0000, 0.0056,
        0.1103, 0.0333, 0.0000, 0.0000, 0.0333, 0.0000, 0.2000, 0.1500, 0.5556,
        0.1167, 0.0000, 0.0000, 0.0000, 0.1185, 0.0333, 0.0000, 0.0000, 0.0385,
        0.0167, 0.0000, 0.3507, 0.1778, 0.0222, 0.0500, 0.0000])
tensor([1.0000, 0.0111, 0.2600, 0.2378, 0.1788, 0.2413, 0.2667, 0.0911, 0.2933,
        0.1708, 0.5576, 0.1262, 0.3913, 0.1264, 0.4222, 0.5048, 0.0000, 0.0083,
        0.1769, 0.0667, 0.0000, 0.0111, 0.0500, 0.0000, 0.3778, 0.1688, 0.5944,
        0.1667, 0.0000, 0.0111, 0.0067, 0.2704, 0.0500, 0.0143, 0.0000, 0.0923,
        0.0417, 0.0333, 0.4623, 0.3000, 0.0444, 0.0500, 0.0222])
tensor([1.0000, 0.0333, 0.3973, 0.2467, 0.2152, 0.3286, 0.2267, 0.1267, 0.2733,
        0.2021, 0.6227, 0.1310, 0.3942, 0.1722, 0.5852, 0.5333, 0.0000, 0.0194,
        0.1615, 0.1333, 0.0000, 0.0222, 0.0667, 0.0000, 0.5111, 0.1896, 0.6056,
        0.1833, 0.0067, 0.0111, 0.0067, 0.3296, 0.0500, 0.0190, 0.0000, 0.1103,
        0.0833, 0.0333, 0.4232, 0.4444, 0.0333, 0.0667, 0.0222])
tensor([1.0000, 0.0347, 0.4320, 0.2933, 0.2470, 0.3921, 0.3467, 0.1244, 0.2911,
        0.2083, 0.6318, 0.1286, 0.4087, 0.2014, 0.5926, 0.6048, 0.0000, 0.0528,
        0.1769, 0.1667, 0.0222, 0.0222, 0.0667, 0.0067, 0.4778, 0.2021, 0.6056,
        0.2000, 0.0067, 0.0111, 0.0067, 0.3519, 0.0500, 0.0190, 0.0000, 0.1256,
        0.1250, 0.0167, 0.5029, 0.4444, 0.0778, 0.1000, 0.0889])
tensor([1.0000, 0.0444, 0.4947, 0.3444, 0.3636, 0.4619, 0.4133, 0.2044, 0.3511,
        0.2188, 0.6909, 0.1714, 0.4638, 0.2361, 0.6778, 0.6286, 0.0000, 0.1306,
        0.2128, 0.2167, 0.1000, 0.0444, 0.1167, 0.0400, 0.5778, 0.2250, 0.6278,
        0.2500, 0.0200, 0.0444, 0.0000, 0.4704, 0.1167, 0.0476, 0.0000, 0.1974,
        0.1500, 0.0500, 0.5609, 0.5333, 0.1000, 0.1333, 0.2000])
tensor([1.0000, 0.0500, 0.5453, 0.3822, 0.3667, 0.5429, 0.4667, 0.3222, 0.4156,
        0.2333, 0.7030, 0.1643, 0.4884, 0.3361, 0.7333, 0.7143, 0.0000, 0.1917,
        0.2385, 0.2833, 0.1667, 0.0556, 0.1917, 0.0667, 0.5889, 0.2771, 0.6889,
        0.3000, 0.0600, 0.0444, 0.0067, 0.5259, 0.2833, 0.0667, 0.0083, 0.2462,
        0.1917, 0.0667, 0.5884, 0.5889, 0.1222, 0.1833, 0.2333])
tensor([1.0000, 0.0528, 0.5680, 0.4156, 0.3939, 0.5397, 0.4733, 0.3489, 0.3889,
        0.2792, 0.7485, 0.1690, 0.5377, 0.2917, 0.7333, 0.6000, 0.0000, 0.1250,
        0.2538, 0.3167, 0.1778, 0.0556, 0.1667, 0.0933, 0.5444, 0.2667, 0.6278,
        0.2333, 0.0467, 0.0556, 0.0067, 0.6074, 0.1667, 0.0619, 0.0083, 0.3205,
        0.1417, 0.0333, 0.6087, 0.5444, 0.1222, 0.1667, 0.2444])
tensor([1.0000, 0.0708, 0.6107, 0.4333, 0.3818, 0.5714, 0.4800, 0.3667, 0.4333,
        0.2583, 0.6924, 0.2214, 0.5638, 0.3556, 0.7778, 0.6810, 0.0067, 0.3000,
        0.1718, 0.3167, 0.2444, 0.0556, 0.2167, 0.0733, 0.5667, 0.2417, 0.6722,
        0.3000, 0.0733, 0.1667, 0.0067, 0.5333, 0.4000, 0.0667, 0.0083, 0.2974,
        0.1750, 0.0667, 0.5797, 0.5778, 0.1222, 0.2000, 0.2444])
tensor([0.9833, 0.0861, 0.6787, 0.6333, 0.4818, 0.6667, 0.5600, 0.4622, 0.4956,
        0.3958, 0.8212, 0.2381, 0.5913, 0.4236, 0.8333, 0.7857, 0.0467, 0.4306,
        0.3231, 0.6500, 0.2778, 0.1222, 0.3500, 0.1667, 0.5889, 0.3271, 0.6778,
        0.3000, 0.0867, 0.3000, 0.0533, 0.7444, 0.5167, 0.1571, 0.0333, 0.4436,
        0.1917, 0.0667, 0.6246, 0.7222, 0.1778, 0.2000, 0.3556])
tensor([0.9667, 0.1111, 0.7320, 0.6667, 0.5727, 0.6873, 0.6333, 0.5578, 0.5667,
        0.4417, 0.8697, 0.3310, 0.6391, 0.4472, 0.8778, 0.7333, 0.1533, 0.5556,
        0.3744, 0.8000, 0.4556, 0.2000, 0.3917, 0.3333, 0.6444, 0.4563, 0.7278,
        0.3167, 0.2133, 0.3556, 0.1467, 0.7815, 0.6333, 0.1619, 0.0833, 0.5256,
        0.1917, 0.1833, 0.6594, 0.7556, 0.2111, 0.3833, 0.4778])
tensor([0.9667, 0.1097, 0.7733, 0.6467, 0.5455, 0.6937, 0.6200, 0.5267, 0.5244,
        0.4187, 0.8470, 0.2667, 0.6101, 0.4556, 0.8778, 0.7333, 0.1067, 0.4000,
        0.3051, 0.7167, 0.4333, 0.2000, 0.5083, 0.2867, 0.6111, 0.3958, 0.6833,
        0.3000, 0.2267, 0.3778, 0.0667, 0.7593, 0.6000, 0.1524, 0.0250, 0.5026,
        0.1917, 0.1667, 0.6391, 0.6444, 0.1667, 0.3833, 0.4444])
tensor([0.9667, 0.1125, 0.7627, 0.5978, 0.5500, 0.6841, 0.6000, 0.4933, 0.5222,
        0.3792, 0.8303, 0.2810, 0.6565, 0.5556, 0.8778, 0.7524, 0.0467, 0.6111,
        0.3179, 0.5833, 0.4889, 0.2222, 0.5583, 0.3000, 0.6111, 0.3938, 0.7444,
        0.3167, 0.2400, 0.4444, 0.0600, 0.7259, 0.5833, 0.1619, 0.0833, 0.4769,
        0.1917, 0.1667, 0.6638, 0.6444, 0.2000, 0.2833, 0.4000])
tensor([0.9500, 0.1458, 0.8173, 0.7156, 0.6561, 0.7095, 0.6533, 0.5422, 0.5311,
        0.4521, 0.8803, 0.3429, 0.6667, 0.6347, 0.9185, 0.8000, 0.1600, 0.6500,
        0.3923, 0.8167, 0.6000, 0.2889, 0.6417, 0.3867, 0.6667, 0.4458, 0.7278,
        0.3167, 0.3400, 0.5111, 0.2267, 0.8111, 0.6500, 0.2762, 0.3083, 0.6231,
        0.2000, 0.2500, 0.6812, 0.7444, 0.2111, 0.5167, 0.4556])
tensor([0.9500, 0.1403, 0.8267, 0.7200, 0.6470, 0.7254, 0.6800, 0.5800, 0.6178,
        0.5250, 0.8879, 0.3381, 0.6681, 0.6417, 0.9222, 0.7667, 0.1867, 0.7111,
        0.3821, 0.8667, 0.6111, 0.2889, 0.6333, 0.4133, 0.6778, 0.5167, 0.7389,
        0.3167, 0.4133, 0.5444, 0.2133, 0.8407, 0.6833, 0.2143, 0.2583, 0.5564,
        0.2000, 0.2667, 0.6725, 0.7444, 0.2222, 0.5167, 0.4778])
tensor([0.9333, 0.1986, 0.8840, 0.6911, 0.6576, 0.7206, 0.6333, 0.5511, 0.5556,
        0.4583, 0.8439, 0.3833, 0.6826, 0.6667, 0.9444, 0.8476, 0.1067, 0.7611,
        0.3795, 0.4833, 0.6333, 0.3556, 0.7250, 0.3800, 0.7111, 0.5354, 0.7389,
        0.3500, 0.4533, 0.6000, 0.1867, 0.7704, 0.6667, 0.4238, 0.4917, 0.6564,
        0.2083, 0.3000, 0.7029, 0.7222, 0.2222, 0.5333, 0.4222])
tensor([0.9333, 0.1611, 0.8453, 0.7133, 0.7106, 0.7460, 0.6667, 0.6022, 0.6111,
        0.6000, 0.9030, 0.3762, 0.6870, 0.6847, 0.9111, 0.8429, 0.2400, 0.5944,
        0.4385, 0.8000, 0.6556, 0.3556, 0.7500, 0.4400, 0.7000, 0.5063, 0.7389,
        0.3333, 0.5067, 0.5889, 0.2933, 0.8370, 0.6667, 0.4333, 0.5333, 0.6667,
        0.2000, 0.3000, 0.7174, 0.7667, 0.2333, 0.5167, 0.4444])
tensor([0.9333, 0.1972, 0.8533, 0.7667, 0.7530, 0.7635, 0.7067, 0.6289, 0.6711,
        0.6333, 0.9121, 0.4429, 0.7696, 0.7639, 0.9667, 0.8381, 0.3000, 0.7722,
        0.4513, 0.9333, 0.6889, 0.3667, 0.7750, 0.5133, 0.7778, 0.5479, 0.7389,
        0.3333, 0.5800, 0.6333, 0.3667, 0.8630, 0.7000, 0.4619, 0.6167, 0.7692,
        0.2417, 0.3167, 0.7145, 0.8222, 0.2778, 0.6000, 0.5556])
tensor([0.9333, 0.2069, 0.8800, 0.8089, 0.7258, 0.7603, 0.7133, 0.6511, 0.6644,
        0.7104, 0.9273, 0.4738, 0.7507, 0.7347, 0.9630, 0.8476, 0.2800, 0.7472,
        0.4923, 0.9500, 0.7000, 0.3667, 0.7833, 0.5600, 0.7667, 0.5500, 0.7389,
        0.3333, 0.5667, 0.6222, 0.3733, 0.8704, 0.7000, 0.4905, 0.7000, 0.8385,
        0.2500, 0.3333, 0.7435, 0.8667, 0.2667, 0.6000, 0.5444])
tensor([0.9333, 0.2611, 0.8880, 0.8067, 0.7621, 0.7968, 0.7600, 0.6467, 0.7022,
        0.6896, 0.9348, 0.4810, 0.7667, 0.8472, 0.9889, 0.8714, 0.3400, 0.8361,
        0.4974, 0.9000, 0.7778, 0.3889, 0.8500, 0.5667, 0.7889, 0.6167, 0.7556,
        0.3833, 0.6467, 0.7778, 0.3800, 0.8630, 0.8167, 0.5381, 0.7583, 0.8333,
        0.2833, 0.3500, 0.7362, 0.8778, 0.2556, 0.6500, 0.5889])
tensor([0.9333, 0.3139, 0.9040, 0.8200, 0.7561, 0.7952, 0.7467, 0.7089, 0.7156,
        0.7312, 0.9333, 0.5214, 0.7942, 0.8236, 0.9667, 0.8571, 0.3933, 0.7722,
        0.4923, 0.9500, 0.8000, 0.3889, 0.8583, 0.6733, 0.8000, 0.6625, 0.7389,
        0.3833, 0.6533, 0.7778, 0.3600, 0.8963, 0.7000, 0.5429, 0.7583, 0.8744,
        0.2833, 0.3667, 0.7333, 0.9000, 0.2556, 0.6333, 0.5889])
tensor([0.9333, 0.3000, 0.9187, 0.8622, 0.8227, 0.8063, 0.7667, 0.7156, 0.8089,
        0.8479, 0.9591, 0.5762, 0.8203, 0.8250, 0.9741, 0.8667, 0.4800, 0.8361,
        0.5897, 1.0000, 0.8556, 0.4444, 0.8917, 0.8133, 0.8333, 0.6708, 0.7722,
        0.4500, 0.7267, 0.8556, 0.4333, 0.9148, 0.8333, 0.6667, 0.8417, 0.9051,
        0.3417, 0.5167, 0.7841, 0.9111, 0.3667, 0.7167, 0.6444])
tensor([0.9333, 0.3014, 0.9040, 0.7844, 0.8136, 0.8016, 0.7533, 0.6956, 0.8178,
        0.8188, 0.9485, 0.5405, 0.8145, 0.8292, 0.9593, 0.8571, 0.4467, 0.8000,
        0.5256, 0.9833, 0.7889, 0.3889, 0.8583, 0.7667, 0.7778, 0.6062, 0.7444,
        0.3500, 0.6600, 0.8000, 0.3800, 0.9111, 0.7000, 0.5810, 0.7750, 0.8744,
        0.3083, 0.4333, 0.7725, 0.9000, 0.3111, 0.6167, 0.5889])
tensor([0.9333, 0.3861, 0.9213, 0.8511, 0.8167, 0.8175, 0.7467, 0.7444, 0.8200,
        0.8021, 0.9530, 0.5595, 0.8304, 0.8819, 0.9667, 0.8857, 0.5000, 0.8167,
        0.5667, 1.0000, 0.8556, 0.4111, 0.9000, 0.8467, 0.8111, 0.7000, 0.7500,
        0.4333, 0.7600, 0.8556, 0.3800, 0.9111, 0.8167, 0.6333, 0.8417, 0.9179,
        0.3333, 0.4833, 0.7696, 0.9111, 0.3444, 0.7167, 0.6000])
tensor([0.9333, 0.4139, 0.9373, 0.8711, 0.8303, 0.8286, 0.7533, 0.7800, 0.8556,
        0.8958, 0.9606, 0.6857, 0.8362, 0.8556, 0.9667, 0.8905, 0.5533, 0.8250,
        0.6103, 1.0000, 0.8556, 0.4667, 0.9083, 0.8667, 0.8111, 0.7667, 0.7500,
        0.4500, 0.8067, 0.8889, 0.4133, 0.9185, 0.8333, 0.6381, 0.8417, 0.8974,
        0.3167, 0.5333, 0.7855, 0.9111, 0.3556, 0.7000, 0.6222])
tensor([0.9333, 0.4111, 0.9293, 0.8000, 0.8333, 0.8270, 0.7467, 0.6889, 0.7600,
        0.7688, 0.9258, 0.5619, 0.8000, 0.8764, 0.9667, 0.8952, 0.5600, 0.8389,
        0.5487, 0.8000, 0.8667, 0.4222, 0.8917, 0.7067, 0.7889, 0.7000, 0.7833,
        0.4667, 0.8133, 0.8667, 0.3533, 0.8704, 0.8500, 0.6714, 0.8583, 0.9154,
        0.4000, 0.5333, 0.7797, 0.8667, 0.3667, 0.6833, 0.5889])
tensor([0.9333, 0.4306, 0.9347, 0.8756, 0.8591, 0.8397, 0.7667, 0.7667, 0.8644,
        0.8833, 0.9621, 0.6643, 0.8551, 0.9028, 0.9778, 0.8952, 0.6867, 0.8611,
        0.6231, 1.0000, 0.9000, 0.4444, 0.9083, 0.8933, 0.8556, 0.7792, 0.7778,
        0.4667, 0.8933, 0.9333, 0.4267, 0.9259, 0.8500, 0.6952, 0.8917, 0.9308,
        0.3833, 0.5333, 0.8029, 0.9222, 0.4333, 0.7333, 0.6556])
tensor([0.9333, 0.5028, 0.9413, 0.8333, 0.8530, 0.8429, 0.7600, 0.7867, 0.8667,
        0.8375, 0.9545, 0.6595, 0.8362, 0.9000, 0.9667, 0.8905, 0.6600, 0.8694,
        0.5923, 1.0000, 0.8889, 0.4556, 0.9083, 0.8067, 0.8333, 0.7146, 0.7778,
        0.4667, 0.8867, 0.9222, 0.4267, 0.9222, 0.8500, 0.6905, 0.8833, 0.9256,
        0.3417, 0.5333, 0.7435, 0.9000, 0.3667, 0.7000, 0.6222])
tensor([0.9333, 0.4694, 0.9200, 0.8511, 0.8394, 0.8444, 0.7667, 0.7733, 0.8533,
        0.8750, 0.9621, 0.6714, 0.8391, 0.8903, 0.9667, 0.8905, 0.6600, 0.8639,
        0.6051, 1.0000, 0.9000, 0.4667, 0.9083, 0.8867, 0.8111, 0.7354, 0.7667,
        0.4667, 0.8867, 0.9000, 0.4267, 0.9296, 0.8500, 0.6667, 0.9083, 0.9282,
        0.3750, 0.5333, 0.8058, 0.9111, 0.4333, 0.7333, 0.6222])
tensor([0.9333, 0.4792, 0.9453, 0.8311, 0.8712, 0.8476, 0.7667, 0.7667, 0.8622,
        0.8396, 0.9545, 0.6643, 0.8290, 0.9000, 0.9667, 0.8905, 0.7400, 0.8556,
        0.6256, 0.9500, 0.9111, 0.4556, 0.9167, 0.8200, 0.8222, 0.7396, 0.7611,
        0.4667, 0.9000, 0.9000, 0.4000, 0.9185, 0.8667, 0.6857, 0.8917, 0.9256,
        0.4333, 0.5333, 0.7696, 0.9000, 0.4222, 0.7333, 0.6111])
tensor([0.9333, 0.5236, 0.9307, 0.8844, 0.8652, 0.8571, 0.7800, 0.8244, 0.9311,
        0.9458, 0.9636, 0.7857, 0.8609, 0.9083, 0.9667, 0.8905, 0.9200, 0.8528,
        0.6333, 1.0000, 0.9444, 0.4778, 0.9167, 0.9200, 0.8444, 0.8083, 0.7778,
        0.4833, 0.9133, 0.9444, 0.4867, 0.9333, 0.8833, 0.7476, 0.9333, 0.9333,
        0.4833, 0.5667, 0.8188, 0.9222, 0.4667, 0.7667, 0.6889])
tensor([0.9333, 0.5653, 0.9533, 0.8800, 0.8803, 0.8524, 0.7733, 0.8133, 0.9222,
        0.9563, 0.9667, 0.7095, 0.8783, 0.9194, 0.9667, 0.8952, 0.9467, 0.8889,
        0.6513, 1.0000, 0.9556, 0.5000, 0.9167, 0.9067, 0.8444, 0.7729, 0.7722,
        0.5000, 0.9133, 0.9222, 0.4400, 0.9407, 0.8833, 0.7810, 0.9333, 0.9462,
        0.5083, 0.6833, 0.8246, 0.9222, 0.5000, 0.8000, 0.7222])
tensor([0.9333, 0.5917, 0.9493, 0.8822, 0.8712, 0.8651, 0.7933, 0.7933, 0.8844,
        0.9312, 0.9652, 0.7333, 0.8551, 0.9292, 0.9667, 0.9000, 0.9467, 0.8778,
        0.6385, 0.9833, 0.9556, 0.4778, 0.9250, 0.9000, 0.8444, 0.8042, 0.7944,
        0.5000, 0.9333, 0.9222, 0.4933, 0.9185, 0.9167, 0.7333, 0.9333, 0.9487,
        0.5167, 0.6667, 0.8174, 0.9111, 0.4444, 0.8167, 0.7000])
tensor([0.9333, 0.5972, 0.9573, 0.9000, 0.8803, 0.8603, 0.7667, 0.8311, 0.9289,
        0.9625, 0.9667, 0.7214, 0.8652, 0.9236, 0.9667, 0.8905, 0.9333, 0.8611,
        0.6154, 1.0000, 0.9556, 0.4889, 0.9167, 0.9133, 0.8111, 0.7708, 0.7667,
        0.4667, 0.9133, 0.9111, 0.4467, 0.9333, 0.9000, 0.7190, 0.9333, 0.9385,
        0.4500, 0.6500, 0.8116, 0.9222, 0.5000, 0.8000, 0.6778])
tensor([0.9333, 0.5486, 0.9533, 0.8400, 0.8773, 0.8698, 0.7733, 0.8267, 0.9311,
        0.9083, 0.9652, 0.7357, 0.8594, 0.9208, 0.9667, 0.8905, 0.9333, 0.8556,
        0.6308, 1.0000, 0.9444, 0.5000, 0.9167, 0.8933, 0.8444, 0.7750, 0.8000,
        0.5000, 0.9133, 0.9222, 0.4933, 0.9296, 0.8833, 0.8095, 0.9333, 0.9436,
        0.4583, 0.6333, 0.8116, 0.8889, 0.5444, 0.7833, 0.6556])
tensor([0.9333, 0.6069, 0.9600, 0.8889, 0.8955, 0.8635, 0.7800, 0.8000, 0.9444,
        0.9563, 0.9682, 0.7571, 0.8609, 0.9333, 0.9667, 0.9000, 0.9533, 0.8806,
        0.6538, 1.0000, 0.9556, 0.4889, 0.9250, 0.9133, 0.8444, 0.8417, 0.8111,
        0.5000, 0.9400, 0.9222, 0.5200, 0.9333, 0.9167, 0.8286, 0.9500, 0.9513,
        0.5750, 0.6667, 0.8290, 0.9333, 0.5333, 0.8167, 0.6667])
tensor([0.9167, 0.7056, 0.9547, 0.8956, 0.9030, 0.8825, 0.7800, 0.8467, 0.9600,
        0.9729, 0.9682, 0.7619, 0.8884, 0.9458, 0.9778, 0.9000, 0.9600, 0.8806,
        0.6718, 1.0000, 0.9556, 0.4778, 0.9250, 0.9400, 0.8667, 0.8521, 0.8111,
        0.5000, 0.9400, 0.9667, 0.5533, 0.9370, 0.9333, 0.8190, 0.9417, 0.9487,
        0.5750, 0.6500, 0.8348, 0.9111, 0.5444, 0.8000, 0.7222])
tensor([0.9000, 0.7458, 0.9627, 0.8956, 0.9045, 0.8762, 0.7667, 0.8244, 0.9289,
        0.9688, 0.9667, 0.7857, 0.8812, 0.9514, 0.9778, 0.9238, 0.9533, 0.8806,
        0.6667, 0.9833, 0.9667, 0.4778, 0.9250, 0.9067, 0.8667, 0.8417, 0.8278,
        0.5000, 0.9533, 0.9778, 0.4800, 0.9259, 1.0000, 0.8762, 0.9417, 0.9513,
        0.7167, 0.7000, 0.8464, 0.9333, 0.5444, 0.8167, 0.7222])
tensor([0.9333, 0.7000, 0.9533, 0.9222, 0.8924, 0.8698, 0.8000, 0.8422, 0.9689,
        0.9750, 0.9667, 0.7929, 0.8913, 0.9472, 0.9667, 0.9048, 0.9600, 0.9000,
        0.6821, 1.0000, 0.9778, 0.4778, 0.9250, 0.9467, 0.8889, 0.8438, 0.8111,
        0.5000, 0.9533, 0.9778, 0.5733, 0.9407, 0.9667, 0.8952, 0.9417, 0.9513,
        0.6917, 0.7500, 0.8362, 0.9333, 0.5333, 0.8667, 0.7333])
tensor([0.9000, 0.7153, 0.9560, 0.8911, 0.9045, 0.8825, 0.8200, 0.8511, 0.9689,
        0.9750, 0.9682, 0.8357, 0.9043, 0.9472, 0.9778, 0.9143, 0.9600, 0.9194,
        0.6923, 1.0000, 0.9778, 0.4889, 0.9250, 0.9467, 0.8889, 0.8792, 0.8167,
        0.5000, 0.9533, 0.9778, 0.6000, 0.9444, 0.9833, 0.9238, 0.9750, 0.9538,
        0.7667, 0.7667, 0.8609, 0.9444, 0.5778, 0.8500, 0.7333])
tensor([0.9333, 0.7028, 0.9653, 0.9178, 0.8955, 0.8667, 0.7867, 0.8267, 0.9533,
        0.9729, 0.9682, 0.7690, 0.8681, 0.9486, 0.9667, 0.9048, 0.9467, 0.9000,
        0.6718, 1.0000, 0.9778, 0.4778, 0.9250, 0.9467, 0.8667, 0.8646, 0.8111,
        0.5000, 0.9467, 0.9778, 0.5467, 0.9444, 0.9333, 0.8619, 0.9333, 0.9487,
        0.6583, 0.7333, 0.8261, 0.9000, 0.5000, 0.8333, 0.7000])
tensor([0.9000, 0.7597, 0.9707, 0.8956, 0.9121, 0.8794, 0.8067, 0.8533, 0.9689,
        0.9812, 0.9682, 0.8524, 0.8710, 0.9486, 0.9704, 0.9048, 0.9600, 0.9139,
        0.6872, 1.0000, 0.9778, 0.4889, 0.9250, 0.9467, 0.8667, 0.8813, 0.8167,
        0.5000, 0.9533, 0.9889, 0.6400, 0.9444, 0.9833, 0.8952, 0.9417, 0.9462,
        0.7250, 0.8000, 0.8449, 0.9444, 0.5556, 0.8667, 0.7222])
tensor([0.9333, 0.7194, 0.9627, 0.8956, 0.8970, 0.8778, 0.8000, 0.8622, 0.9689,
        0.9729, 0.9682, 0.8286, 0.9000, 0.9514, 0.9667, 0.9190, 0.9533, 0.8972,
        0.7051, 1.0000, 0.9778, 0.4889, 0.9250, 0.9400, 0.8778, 0.8750, 0.8222,
        0.5000, 0.9533, 0.9889, 0.6400, 0.9444, 0.9667, 0.8810, 0.9417, 0.9462,
        0.6750, 0.8000, 0.8319, 0.9333, 0.5556, 0.8500, 0.7222])
tensor([0.8833, 0.7708, 0.9720, 0.9022, 0.9045, 0.8921, 0.8133, 0.8644, 0.9689,
        0.9792, 0.9697, 0.8524, 0.8899, 0.9569, 0.9704, 0.9143, 0.9667, 0.9139,
        0.6897, 1.0000, 0.9889, 0.4778, 0.9250, 0.9533, 0.8889, 0.8958, 0.8278,
        0.5000, 0.9600, 0.9889, 0.6467, 0.9444, 0.9833, 0.9190, 0.9667, 0.9538,
        0.7583, 0.7500, 0.8449, 0.9444, 0.5889, 0.9167, 0.7556])
tensor([0.9000, 0.7514, 0.9733, 0.9022, 0.9061, 0.8857, 0.7933, 0.8489, 0.9489,
        0.9729, 0.9697, 0.8333, 0.8754, 0.9514, 0.9704, 0.9095, 0.9600, 0.9139,
        0.6590, 1.0000, 0.9778, 0.4778, 0.9250, 0.9400, 0.8667, 0.8667, 0.8389,
        0.5000, 0.9600, 0.9556, 0.5867, 0.9407, 0.9833, 0.9143, 0.9417, 0.9538,
        0.7333, 0.7500, 0.8058, 0.9444, 0.6111, 0.9167, 0.7444])
tensor([0.8667, 0.8208, 0.9733, 0.9000, 0.9121, 0.8873, 0.8267, 0.8711, 0.9756,
        0.9771, 0.9712, 0.8571, 0.9188, 0.9542, 0.9778, 0.9286, 0.9733, 0.9194,
        0.6949, 1.0000, 0.9889, 0.4778, 0.9250, 0.9467, 0.8889, 0.8958, 0.8222,
        0.5000, 0.9667, 0.9889, 0.7000, 0.9519, 1.0000, 0.9524, 0.9750, 0.9590,
        0.8083, 0.8500, 0.8478, 0.9444, 0.6000, 0.9000, 0.7556])
tensor([0.9000, 0.7889, 0.9773, 0.9156, 0.9076, 0.8905, 0.8333, 0.8800, 0.9733,
        0.9833, 0.9818, 0.8857, 0.9174, 0.9556, 0.9704, 0.9238, 0.9733, 0.9278,
        0.7000, 1.0000, 0.9778, 0.4778, 0.9250, 0.9467, 0.8778, 0.8771, 0.8278,
        0.5000, 0.9600, 1.0000, 0.6933, 0.9519, 1.0000, 0.9476, 0.9583, 0.9590,
        0.7833, 0.8333, 0.8565, 0.9444, 0.6667, 0.9000, 0.7667])
tensor([0.8667, 0.8139, 0.9640, 0.9022, 0.9045, 0.9000, 0.8267, 0.8822, 0.9756,
        0.9812, 0.9758, 0.8643, 0.9072, 0.9542, 0.9815, 0.9190, 0.9733, 0.9222,
        0.7026, 1.0000, 0.9889, 0.4778, 0.9250, 0.9467, 0.8889, 0.9021, 0.8222,
        0.5000, 0.9600, 1.0000, 0.7000, 0.9519, 1.0000, 0.9381, 0.9833, 0.9590,
        0.7833, 0.8667, 0.8580, 0.9444, 0.6222, 0.9167, 0.7556])
tensor([0.8500, 0.8375, 0.9733, 0.8911, 0.9167, 0.8952, 0.8267, 0.8622, 0.9711,
        0.9708, 0.9742, 0.8643, 0.9029, 0.9556, 0.9704, 0.9333, 0.9733, 0.9167,
        0.7026, 1.0000, 0.9889, 0.5111, 0.9250, 0.9400, 0.8889, 0.9042, 0.8278,
        0.5000, 0.9600, 1.0000, 0.6867, 0.9519, 1.0000, 0.9381, 0.9833, 0.9538,
        0.7917, 0.8333, 0.8609, 0.9444, 0.5778, 0.9167, 0.7556])
tensor([0.8500, 0.8458, 0.9627, 0.9311, 0.9076, 0.8905, 0.8133, 0.8778, 0.9756,
        0.9875, 0.9758, 0.9024, 0.9101, 0.9611, 0.9778, 0.9476, 0.9733, 0.9361,
        0.7231, 1.0000, 0.9889, 0.5222, 0.9250, 0.9333, 0.9000, 0.9021, 0.8389,
        0.5000, 0.9600, 1.0000, 0.7067, 0.9593, 1.0000, 0.9667, 0.9833, 0.9641,
        0.8583, 0.9167, 0.8754, 0.9667, 0.7111, 0.9167, 0.7556])
tensor([0.8667, 0.8278, 0.9733, 0.9044, 0.9091, 0.8968, 0.8267, 0.8711, 0.9733,
        0.9875, 0.9773, 0.8810, 0.9101, 0.9569, 0.9778, 0.9476, 0.9733, 0.9361,
        0.7051, 1.0000, 0.9889, 0.4778, 0.9250, 0.9467, 0.8889, 0.9000, 0.8278,
        0.5000, 0.9600, 1.0000, 0.6800, 0.9519, 1.0000, 0.9429, 0.9833, 0.9641,
        0.8083, 0.8667, 0.8783, 0.9444, 0.6556, 0.9167, 0.7556])
tensor([0.8833, 0.8167, 0.9773, 0.9289, 0.9121, 0.8984, 0.8267, 0.8800, 0.9733,
        0.9937, 0.9773, 0.8833, 0.9029, 0.9569, 0.9704, 0.9333, 0.9800, 0.9139,
        0.7205, 1.0000, 0.9889, 0.4778, 0.9250, 0.9533, 0.8889, 0.9062, 0.8278,
        0.5000, 0.9600, 1.0000, 0.6867, 0.9519, 1.0000, 0.9524, 0.9833, 0.9538,
        0.7500, 0.8333, 0.8725, 0.9444, 0.6556, 0.9167, 0.7556])
tensor([0.8833, 0.8444, 0.9667, 0.9267, 0.9045, 0.8968, 0.8333, 0.8822, 0.9733,
        0.9854, 0.9742, 0.8810, 0.8986, 0.9583, 0.9741, 0.9429, 0.9733, 0.9083,
        0.7179, 1.0000, 0.9889, 0.5000, 0.9250, 0.9467, 0.9000, 0.9062, 0.8278,
        0.5000, 0.9600, 1.0000, 0.6867, 0.9556, 1.0000, 0.9524, 0.9833, 0.9641,
        0.7667, 0.8500, 0.8696, 0.9444, 0.6889, 0.9167, 0.7556])
tensor([0.8333, 0.8611, 0.9787, 0.9489, 0.9182, 0.8937, 0.8400, 0.8844, 0.9756,
        0.9937, 0.9773, 0.8905, 0.9014, 0.9597, 0.9889, 0.9476, 0.9933, 0.9306,
        0.7256, 1.0000, 1.0000, 0.5333, 0.9333, 0.9467, 0.9000, 0.9083, 0.8333,
        0.5000, 0.9600, 1.0000, 0.7067, 0.9556, 1.0000, 0.9667, 0.9833, 0.9667,
        0.8167, 0.8667, 0.8797, 0.9444, 0.7333, 0.9333, 0.7778])
tensor([0.8500, 0.8750, 0.9720, 0.9111, 0.9106, 0.9063, 0.8400, 0.8822, 0.9822,
        0.9937, 0.9773, 0.8952, 0.9029, 0.9569, 0.9926, 0.9476, 0.9933, 0.9278,
        0.7154, 1.0000, 1.0000, 0.4889, 0.9250, 0.9600, 0.8889, 0.9062, 0.8389,
        0.5000, 0.9600, 1.0000, 0.6933, 0.9481, 1.0000, 0.9524, 0.9833, 0.9590,
        0.7833, 0.8000, 0.8667, 0.9333, 0.6778, 0.9333, 0.7778])
tensor([0.8833, 0.8486, 0.9813, 0.9000, 0.9227, 0.9016, 0.8400, 0.8756, 0.9800,
        0.9937, 0.9773, 0.8905, 0.9130, 0.9597, 0.9926, 0.9476, 0.9933, 0.9444,
        0.7128, 1.0000, 1.0000, 0.5000, 0.9333, 0.9467, 0.9000, 0.9062, 0.8444,
        0.5000, 0.9667, 1.0000, 0.6733, 0.9519, 1.0000, 0.9619, 0.9833, 0.9692,
        0.8333, 0.8500, 0.8725, 0.9444, 0.6667, 0.9167, 0.7778])
tensor([0.8500, 0.8750, 0.9707, 0.9111, 0.9030, 0.9095, 0.8467, 0.8911, 0.9733,
        0.9917, 0.9788, 0.9119, 0.9203, 0.9611, 0.9889, 0.9476, 0.9933, 0.9472,
        0.7256, 1.0000, 1.0000, 0.5333, 0.9333, 0.9533, 0.8889, 0.9062, 0.8389,
        0.5000, 0.9600, 1.0000, 0.6867, 0.9556, 1.0000, 0.9571, 0.9833, 0.9615,
        0.8583, 0.8833, 0.8797, 0.9556, 0.6889, 0.9167, 0.7778])
tensor([0.8000, 0.8944, 0.9813, 0.9467, 0.9167, 0.9111, 0.8467, 0.8956, 0.9778,
        0.9937, 0.9803, 0.8905, 0.8957, 0.9611, 0.9963, 0.9381, 0.9933, 0.9472,
        0.7282, 1.0000, 1.0000, 0.5222, 0.9333, 0.9600, 0.9000, 0.9208, 0.8333,
        0.5000, 0.9600, 1.0000, 0.6800, 0.9556, 1.0000, 0.9714, 0.9833, 0.9692,
        0.8667, 0.9167, 0.8942, 0.9556, 0.7667, 0.9333, 0.7778])
tensor([0.8833, 0.8583, 0.9800, 0.9244, 0.9076, 0.8968, 0.8333, 0.8911, 0.9733,
        0.9854, 0.9788, 0.8929, 0.9014, 0.9597, 0.9889, 0.9333, 0.9933, 0.9389,
        0.7205, 1.0000, 1.0000, 0.4778, 0.9167, 0.9600, 0.8889, 0.9000, 0.8333,
        0.5000, 0.9600, 1.0000, 0.6933, 0.9519, 1.0000, 0.9524, 0.9833, 0.9641,
        0.8000, 0.8500, 0.8710, 0.9444, 0.6778, 0.9167, 0.7556])
tensor([0.8167, 0.8986, 0.9773, 0.9378, 0.9061, 0.9238, 0.8400, 0.9044, 0.9778,
        0.9937, 0.9773, 0.9071, 0.9145, 0.9681, 0.9963, 0.9476, 0.9933, 0.9528,
        0.7205, 1.0000, 0.9889, 0.5778, 0.9167, 0.9733, 0.9000, 0.9187, 0.8333,
        0.5000, 0.9667, 1.0000, 0.6867, 0.9593, 1.0000, 0.9714, 0.9833, 0.9769,
        0.8667, 0.9333, 0.8841, 0.9556, 0.7556, 0.9333, 0.7778])
tensor([0.8167, 0.9069, 0.9760, 0.9067, 0.9227, 0.9222, 0.8533, 0.8889, 0.9822,
        0.9875, 0.9788, 0.9190, 0.9217, 0.9653, 0.9963, 0.9476, 0.9933, 0.9472,
        0.7333, 1.0000, 1.0000, 0.5889, 0.9250, 0.9600, 0.9111, 0.9167, 0.8333,
        0.5000, 0.9600, 1.0000, 0.6800, 0.9556, 1.0000, 0.9714, 0.9917, 0.9718,
        0.8667, 0.9500, 0.8942, 0.9556, 0.8000, 0.9333, 0.7778])
