tensor([0., 0., 1., 0., 0., 0., 0., 0., 0., 0., 0., 0., 0., 0., 0., 0., 0., 0.,
        0., 0., 0., 0., 0., 0., 0., 0., 0., 0., 0., 0., 0., 0., 0., 0., 0., 0.,
        0., 0., 0., 0., 0., 0., 0.])
tensor([0., 0., 0., 0., 1., 0., 0., 0., 0., 0., 0., 0., 0., 0., 0., 0., 0., 0.,
        0., 0., 0., 0., 0., 0., 0., 0., 0., 0., 0., 0., 0., 0., 0., 0., 0., 0.,
        0., 0., 0., 0., 0., 0., 0.])
tensor([0., 0., 1., 0., 0., 0., 0., 0., 0., 0., 0., 0., 0., 0., 0., 0., 0., 0.,
        0., 0., 0., 0., 0., 0., 0., 0., 0., 0., 0., 0., 0., 0., 0., 0., 0., 0.,
        0., 0., 0., 0., 0., 0., 0.])
tensor([0., 0., 0., 0., 0., 0., 0., 0., 0., 0., 0., 0., 0., 1., 0., 0., 0., 0.,
        0., 0., 0., 0., 0., 0., 0., 0., 0., 0., 0., 0., 0., 0., 0., 0., 0., 0.,
        0., 0., 0., 0., 0., 0., 0.])
tensor([0., 0., 0., 0., 0., 0., 0., 0., 0., 0., 0., 0., 0., 1., 0., 0., 0., 0.,
        0., 0., 0., 0., 0., 0., 0., 0., 0., 0., 0., 0., 0., 0., 0., 0., 0., 0.,
        0., 0., 0., 0., 0., 0., 0.])
tensor([0.0000, 0.0000, 0.5667, 0.0000, 0.0000, 0.0000, 0.0000, 0.0000, 0.0000,
        0.0000, 0.7455, 0.0000, 0.0000, 0.3903, 0.0000, 0.0000, 0.0000, 0.0000,
        0.0000, 0.0000, 0.0000, 0.0000, 0.0000, 0.0000, 0.0000, 0.0000, 0.0000,
        0.0000, 0.0000, 0.0000, 0.0000, 0.0000, 0.0000, 0.0000, 0.0000, 0.0000,
        0.0000, 0.0000, 0.0000, 0.0000, 0.0000, 0.0000, 0.0000])
tensor([0.0000, 0.6111, 0.0453, 0.0000, 0.0076, 0.0000, 0.0000, 0.0000, 0.0000,
        0.0000, 0.8652, 0.0000, 0.1029, 0.1319, 0.0000, 0.0000, 0.0000, 0.0000,
        0.0000, 0.0000, 0.0000, 0.0000, 0.0000, 0.0000, 0.0000, 0.0000, 0.0000,
        0.0000, 0.0000, 0.0000, 0.0000, 0.0000, 0.0000, 0.0000, 0.0000, 0.1692,
        0.0000, 0.0000, 0.0000, 0.6111, 0.0000, 0.0000, 0.0000])
tensor([0.0000, 0.3417, 0.2453, 0.0000, 0.2045, 0.0000, 0.0000, 0.0000, 0.0000,
        0.0000, 0.7439, 0.0000, 0.5565, 0.1889, 0.0000, 0.0000, 0.0000, 0.0000,
        0.0000, 0.0000, 0.0000, 0.0000, 0.0000, 0.0000, 0.0000, 0.0000, 0.0000,
        0.0000, 0.0000, 0.0000, 0.0000, 0.0000, 0.0000, 0.0000, 0.0000, 0.8872,
        0.0000, 0.0000, 0.0058, 0.0000, 0.0000, 0.0000, 0.0000])
tensor([0.0000, 0.5250, 0.2600, 0.0000, 0.0152, 0.0429, 0.0000, 0.0000, 0.1044,
        0.0000, 0.4561, 0.0048, 0.8232, 0.3208, 0.0222, 0.0000, 0.0000, 0.7139,
        0.0000, 0.0000, 0.0000, 0.0000, 0.0000, 0.0000, 0.0000, 0.0021, 0.0000,
        0.0000, 0.0000, 0.0000, 0.0000, 0.0000, 0.0000, 0.0000, 0.0000, 0.7359,
        0.0000, 0.0000, 0.4812, 0.0000, 0.0000, 0.0000, 0.0000])
tensor([0.0000, 0.3403, 0.4533, 0.0133, 0.0379, 0.0683, 0.0000, 0.0000, 0.0000,
        0.1854, 0.2561, 0.5952, 0.7986, 0.8347, 0.2037, 0.0000, 0.0000, 0.7917,
        0.1205, 0.0000, 0.0000, 0.0000, 0.0000, 0.0000, 0.0000, 0.0479, 0.0000,
        0.0000, 0.0000, 0.0000, 0.0000, 0.0000, 0.0000, 0.0000, 0.0000, 0.0923,
        0.0000, 0.0000, 0.8942, 0.0000, 0.0000, 0.0000, 0.0000])
tensor([0.0000, 0.1153, 0.4520, 0.1422, 0.0955, 0.0778, 0.0733, 0.0022, 0.3133,
        0.1375, 0.7318, 0.5786, 0.8391, 0.8750, 0.4222, 0.0000, 0.0000, 0.8667,
        0.3026, 0.0000, 0.0000, 0.0000, 0.0000, 0.0000, 0.0000, 0.0188, 0.1556,
        0.0000, 0.0400, 0.0000, 0.0000, 0.0963, 0.0000, 0.0000, 0.0000, 0.5308,
        0.0000, 0.0000, 0.4899, 0.0000, 0.0000, 0.0000, 0.0000])
tensor([0.0000, 0.4042, 0.2920, 0.0467, 0.3197, 0.0714, 0.1867, 0.0000, 0.1289,
        0.3521, 0.8258, 0.7810, 0.8304, 0.9319, 0.7296, 0.0000, 0.0000, 0.6806,
        0.2821, 0.0000, 0.0000, 0.0000, 0.0000, 0.0000, 0.0000, 0.2000, 0.0000,
        0.0000, 0.0267, 0.0000, 0.0000, 0.0037, 0.0000, 0.0000, 0.0000, 0.4641,
        0.0000, 0.0000, 0.7565, 0.0000, 0.0000, 0.0000, 0.0000])
tensor([0.0000, 0.4472, 0.2280, 0.0244, 0.3258, 0.0524, 0.1800, 0.0178, 0.2000,
        0.4437, 0.8606, 0.7976, 0.8246, 0.9500, 0.7815, 0.1238, 0.0733, 0.6528,
        0.4128, 0.0000, 0.0000, 0.0000, 0.0250, 0.0000, 0.0000, 0.2729, 0.0167,
        0.0000, 0.0467, 0.0000, 0.0000, 0.0259, 0.0000, 0.0095, 0.0000, 0.4051,
        0.0000, 0.0000, 0.8290, 0.0000, 0.0000, 0.0333, 0.0444])
tensor([0.0000, 0.4417, 0.2160, 0.0400, 0.3288, 0.0571, 0.2533, 0.0356, 0.1289,
        0.5708, 0.8591, 0.8357, 0.8391, 0.9542, 0.8296, 0.2381, 0.2800, 0.5722,
        0.4872, 0.0000, 0.0000, 0.0000, 0.3250, 0.0000, 0.0000, 0.2937, 0.1056,
        0.0000, 0.0933, 0.0000, 0.0000, 0.0778, 0.0000, 0.0238, 0.0000, 0.3769,
        0.0000, 0.0000, 0.8826, 0.0000, 0.0000, 0.1333, 0.0111])
tensor([0.0000, 0.4125, 0.2587, 0.1289, 0.2970, 0.0476, 0.2733, 0.1444, 0.1089,
        0.6958, 0.8545, 0.8143, 0.8348, 0.9514, 0.8852, 0.4238, 0.5400, 0.5306,
        0.5282, 0.0000, 0.0000, 0.0000, 0.4750, 0.0000, 0.0000, 0.4604, 0.2556,
        0.0000, 0.2067, 0.0000, 0.0000, 0.0815, 0.0000, 0.0667, 0.0000, 0.4282,
        0.0000, 0.0000, 0.9130, 0.0000, 0.0000, 0.2500, 0.0889])
tensor([0.0000, 0.3611, 0.3147, 0.2178, 0.3379, 0.0540, 0.3333, 0.2800, 0.0400,
        0.7479, 0.8348, 0.7643, 0.8174, 0.9486, 0.9037, 0.4667, 0.6933, 0.6417,
        0.5667, 0.0000, 0.0111, 0.0222, 0.5917, 0.0000, 0.0000, 0.6375, 0.2944,
        0.0000, 0.3600, 0.1000, 0.0067, 0.4037, 0.0000, 0.1286, 0.6083, 0.3897,
        0.0000, 0.0833, 0.9348, 0.3222, 0.2667, 0.5333, 0.1000])
tensor([0.0000, 0.3847, 0.3307, 0.3044, 0.3924, 0.0810, 0.3933, 0.4133, 0.0022,
        0.7833, 0.8545, 0.7571, 0.8159, 0.9486, 0.9074, 0.5190, 0.7533, 0.7694,
        0.4718, 0.0000, 0.0000, 0.1000, 0.6500, 0.1333, 0.0000, 0.7000, 0.4167,
        0.0000, 0.4933, 0.2667, 0.0000, 0.6481, 0.1667, 0.2095, 0.8000, 0.4615,
        0.2333, 0.3833, 0.9203, 0.6333, 0.4111, 0.6667, 0.1222])
tensor([0.0000, 0.3903, 0.3187, 0.4000, 0.5591, 0.1254, 0.4000, 0.4622, 0.0000,
        0.7958, 0.8515, 0.7429, 0.8116, 0.9500, 0.9259, 0.5810, 0.7933, 0.8583,
        0.4795, 0.0000, 0.0000, 0.2000, 0.7250, 0.3067, 0.0000, 0.7292, 0.4556,
        0.0000, 0.5867, 0.3222, 0.0067, 0.7444, 0.1833, 0.3000, 0.8083, 0.5974,
        0.3917, 0.6167, 0.9159, 0.6667, 0.5111, 0.7667, 0.3222])
tensor([0.0000, 0.4194, 0.3400, 0.4622, 0.6576, 0.1873, 0.4067, 0.5067, 0.0200,
        0.7896, 0.8515, 0.7476, 0.8087, 0.9458, 0.9296, 0.6810, 0.8133, 0.8889,
        0.5308, 0.0167, 0.0000, 0.1889, 0.7583, 0.3667, 0.0222, 0.7500, 0.4500,
        0.0000, 0.5800, 0.3889, 0.0467, 0.7222, 0.1333, 0.4476, 0.8333, 0.6846,
        0.5333, 0.7667, 0.9246, 0.6556, 0.5222, 0.7500, 0.3778])
tensor([0.0000, 0.4875, 0.3920, 0.5267, 0.7288, 0.2095, 0.4067, 0.4911, 0.0622,
        0.7833, 0.8288, 0.7452, 0.8290, 0.9486, 0.9444, 0.7619, 0.8467, 0.9000,
        0.5282, 0.0167, 0.0000, 0.2000, 0.8250, 0.4667, 0.0333, 0.7667, 0.4389,
        0.0000, 0.6333, 0.4111, 0.0600, 0.7815, 0.1333, 0.6429, 0.8750, 0.7436,
        0.6417, 0.8500, 0.9217, 0.6111, 0.5111, 0.7333, 0.4444])
tensor([0.0000, 0.5556, 0.5267, 0.5711, 0.6803, 0.2619, 0.4400, 0.5044, 0.1800,
        0.7812, 0.8242, 0.7476, 0.8304, 0.9431, 0.9593, 0.8476, 0.8733, 0.9056,
        0.5282, 0.0167, 0.0000, 0.2222, 0.8583, 0.5000, 0.0889, 0.7833, 0.4278,
        0.0000, 0.6400, 0.4667, 0.1000, 0.7926, 0.1500, 0.7619, 0.9000, 0.8154,
        0.6833, 0.9000, 0.9406, 0.6444, 0.5333, 0.7000, 0.5222])
tensor([0.0333, 0.6028, 0.6093, 0.6400, 0.6076, 0.3032, 0.4800, 0.5289, 0.2822,
        0.8167, 0.8333, 0.7643, 0.8377, 0.9444, 0.9778, 0.8952, 0.8800, 0.9028,
        0.5154, 0.0500, 0.0889, 0.2556, 0.8417, 0.5267, 0.1444, 0.8125, 0.3833,
        0.2167, 0.6933, 0.4444, 0.1200, 0.8333, 0.1667, 0.8619, 0.9250, 0.8308,
        0.7083, 0.8833, 0.9406, 0.6000, 0.6222, 0.6667, 0.5333])
tensor([0.0167, 0.6569, 0.6627, 0.6489, 0.5985, 0.3508, 0.5133, 0.5022, 0.4556,
        0.8333, 0.8348, 0.8000, 0.8333, 0.9389, 0.9778, 0.8952, 0.8800, 0.9083,
        0.5821, 0.0667, 0.1222, 0.3778, 0.8583, 0.5600, 0.2444, 0.8604, 0.3833,
        0.2500, 0.6933, 0.4556, 0.1000, 0.8407, 0.2333, 0.8714, 0.9167, 0.8538,
        0.7500, 0.9167, 0.9478, 0.5333, 0.6111, 0.6833, 0.5556])
tensor([0.0167, 0.6667, 0.7093, 0.6222, 0.6136, 0.3651, 0.4867, 0.4978, 0.6444,
        0.8583, 0.8576, 0.8071, 0.8319, 0.9417, 0.9815, 0.9286, 0.8800, 0.9083,
        0.5590, 0.1333, 0.1667, 0.4444, 0.8583, 0.5667, 0.2778, 0.8958, 0.4056,
        0.2667, 0.7067, 0.4889, 0.0800, 0.8593, 0.2833, 0.8762, 0.9167, 0.8769,
        0.7750, 0.9333, 0.9565, 0.4444, 0.5889, 0.6333, 0.6556])
tensor([0.0167, 0.6903, 0.7067, 0.6667, 0.6212, 0.4127, 0.5200, 0.5089, 0.7733,
        0.8896, 0.8894, 0.8262, 0.8232, 0.9319, 0.9741, 0.9429, 0.8867, 0.9111,
        0.6282, 0.2333, 0.2000, 0.4111, 0.9000, 0.5800, 0.3111, 0.9083, 0.3944,
        0.2667, 0.6800, 0.5222, 0.0667, 0.8630, 0.3500, 0.8905, 0.9333, 0.8769,
        0.7917, 0.9333, 0.9652, 0.5222, 0.6111, 0.5833, 0.6556])
tensor([0.0667, 0.6847, 0.7173, 0.6956, 0.6758, 0.4667, 0.5600, 0.5133, 0.8511,
        0.9167, 0.9061, 0.8619, 0.8348, 0.9472, 0.9741, 0.9524, 0.8733, 0.9222,
        0.6359, 0.2333, 0.3111, 0.4222, 0.8917, 0.5400, 0.2222, 0.9396, 0.3722,
        0.2667, 0.6467, 0.5333, 0.0933, 0.8741, 0.4500, 0.8905, 0.9500, 0.8641,
        0.8000, 0.9000, 0.9667, 0.6111, 0.6333, 0.5833, 0.7778])
tensor([0.0333, 0.7000, 0.7387, 0.7400, 0.7242, 0.5175, 0.6400, 0.5311, 0.8644,
        0.9292, 0.9379, 0.8762, 0.8420, 0.9514, 0.9741, 0.9714, 0.9000, 0.9389,
        0.6154, 0.4000, 0.3222, 0.5222, 0.8917, 0.5467, 0.2333, 0.9417, 0.3833,
        0.2333, 0.6200, 0.5556, 0.1533, 0.8926, 0.4667, 0.8952, 0.9583, 0.8462,
        0.7750, 0.9000, 0.9623, 0.6778, 0.6333, 0.6000, 0.8000])
tensor([0.0500, 0.7167, 0.7360, 0.7778, 0.7652, 0.5667, 0.6600, 0.5556, 0.8844,
        0.9583, 0.9470, 0.8714, 0.8667, 0.9556, 0.9667, 0.9762, 0.9000, 0.9361,
        0.6538, 0.3167, 0.3333, 0.6667, 0.8917, 0.5867, 0.2667, 0.9354, 0.3889,
        0.2000, 0.6400, 0.5111, 0.2333, 0.8889, 0.5167, 0.9000, 0.9500, 0.8410,
        0.7583, 0.9000, 0.9652, 0.7000, 0.6111, 0.5667, 0.8222])
tensor([0.1167, 0.7250, 0.7733, 0.8000, 0.8030, 0.6079, 0.6800, 0.5911, 0.8911,
        0.9688, 0.9515, 0.8762, 0.8783, 0.9569, 0.9741, 0.9571, 0.9000, 0.9694,
        0.5974, 0.3167, 0.3333, 0.7222, 0.8917, 0.6067, 0.2444, 0.9417, 0.4167,
        0.2167, 0.6800, 0.5222, 0.2200, 0.9111, 0.7167, 0.8667, 0.9583, 0.8667,
        0.7667, 0.9000, 0.9565, 0.8000, 0.8222, 0.6500, 0.8222])
tensor([0.1167, 0.7389, 0.7347, 0.8400, 0.8258, 0.6825, 0.6600, 0.6222, 0.9000,
        0.9708, 0.9561, 0.8690, 0.8768, 0.9569, 0.9778, 0.9619, 0.9200, 0.9389,
        0.6590, 0.2833, 0.3667, 0.6889, 0.8917, 0.6867, 0.3111, 0.9375, 0.3944,
        0.2333, 0.6400, 0.5889, 0.2933, 0.8852, 0.6833, 0.8667, 0.9667, 0.8513,
        0.8000, 0.8833, 0.9609, 0.8778, 0.8333, 0.6500, 0.8333])
tensor([0.1667, 0.7847, 0.8133, 0.8267, 0.8591, 0.6746, 0.6800, 0.6356, 0.9156,
        0.9729, 0.9591, 0.8881, 0.8812, 0.9583, 0.9852, 0.9810, 0.9267, 0.9306,
        0.5436, 0.3333, 0.3333, 0.7556, 0.9083, 0.6533, 0.3333, 0.9417, 0.5444,
        0.2833, 0.7000, 0.6000, 0.2067, 0.9111, 0.8000, 0.9048, 0.9583, 0.8692,
        0.7917, 0.9833, 0.9507, 0.8333, 0.7778, 0.6000, 0.8333])
tensor([0.1667, 0.7778, 0.8227, 0.8556, 0.8848, 0.7175, 0.6400, 0.6822, 0.9244,
        0.9667, 0.9561, 0.8690, 0.8855, 0.9583, 0.9852, 0.9762, 0.9400, 0.9111,
        0.6436, 0.5500, 0.3889, 0.7444, 0.9083, 0.6800, 0.3111, 0.9375, 0.5556,
        0.2667, 0.6733, 0.5778, 0.3000, 0.8667, 0.8000, 0.9238, 0.9667, 0.8538,
        0.8167, 0.9500, 0.9623, 0.7667, 0.7333, 0.6500, 0.7556])
tensor([0.2000, 0.8181, 0.8293, 0.8533, 0.8848, 0.7333, 0.6667, 0.7067, 0.9133,
        0.9708, 0.9621, 0.8857, 0.8841, 0.9653, 0.9889, 0.9762, 0.9267, 0.9194,
        0.5000, 0.5167, 0.3889, 0.7889, 0.9167, 0.6733, 0.2778, 0.9479, 0.6722,
        0.2167, 0.6533, 0.5889, 0.2133, 0.9148, 0.8167, 0.8952, 0.9750, 0.8897,
        0.8083, 0.9833, 0.9319, 0.8111, 0.7333, 0.6500, 0.8000])
tensor([0.2167, 0.8083, 0.8627, 0.8689, 0.8924, 0.7286, 0.6267, 0.6911, 0.9333,
        0.9729, 0.9621, 0.8881, 0.8986, 0.9583, 0.9815, 0.9857, 0.9400, 0.9111,
        0.6385, 0.6000, 0.4000, 0.7556, 0.9083, 0.6867, 0.3444, 0.9458, 0.6611,
        0.2000, 0.6667, 0.5778, 0.3333, 0.8852, 0.8167, 0.8952, 0.9583, 0.8769,
        0.8000, 0.9667, 0.9623, 0.8667, 0.7000, 0.6500, 0.8333])
tensor([0.2000, 0.8375, 0.8560, 0.8756, 0.8909, 0.7492, 0.6867, 0.7644, 0.9178,
        0.9812, 0.9621, 0.8952, 0.8899, 0.9667, 0.9889, 0.9762, 0.9200, 0.9111,
        0.5077, 0.6333, 0.3778, 0.8000, 0.9167, 0.7333, 0.3444, 0.9563, 0.8389,
        0.1333, 0.6400, 0.6556, 0.2200, 0.9148, 0.8833, 0.9143, 0.9583, 0.8974,
        0.8333, 1.0000, 0.9464, 0.7889, 0.7222, 0.6500, 0.8222])
tensor([0.1667, 0.8444, 0.8773, 0.8911, 0.8985, 0.7508, 0.6867, 0.7711, 0.9356,
        0.9812, 0.9621, 0.9048, 0.8884, 0.9653, 0.9889, 0.9810, 0.9267, 0.9111,
        0.5103, 0.6000, 0.4778, 0.7444, 0.9167, 0.7333, 0.3444, 0.9542, 0.8667,
        0.1333, 0.6467, 0.6556, 0.2200, 0.9222, 0.8833, 0.9048, 0.9583, 0.8974,
        0.8250, 1.0000, 0.9464, 0.8444, 0.8222, 0.6500, 0.8111])
tensor([0.2667, 0.8556, 0.8907, 0.9000, 0.9045, 0.7508, 0.7067, 0.7800, 0.9267,
        0.9854, 0.9667, 0.9143, 0.8899, 0.9667, 0.9889, 0.9857, 0.9267, 0.9083,
        0.4846, 0.6500, 0.4222, 0.7333, 0.9250, 0.7133, 0.2556, 0.9563, 0.9056,
        0.1333, 0.6800, 0.6333, 0.3333, 0.9333, 0.8833, 0.8857, 0.9583, 0.9077,
        0.8167, 1.0000, 0.9449, 0.8667, 0.7889, 0.6667, 0.8333])
tensor([0.2333, 0.8708, 0.8893, 0.8867, 0.9091, 0.7619, 0.7000, 0.7889, 0.9244,
        0.9792, 0.9636, 0.9310, 0.8884, 0.9667, 0.9815, 0.9857, 0.9200, 0.9083,
        0.4462, 0.6333, 0.4333, 0.7333, 0.9083, 0.7600, 0.3333, 0.9625, 0.9333,
        0.0833, 0.6400, 0.7222, 0.2400, 0.9296, 0.9167, 0.9143, 0.9583, 0.9103,
        0.8250, 1.0000, 0.9565, 0.7778, 0.8222, 0.6500, 0.8000])
tensor([0.2667, 0.8833, 0.8920, 0.9044, 0.9106, 0.7714, 0.6933, 0.8111, 0.9267,
        0.9792, 0.9697, 0.9143, 0.8928, 0.9722, 0.9778, 0.9810, 0.9333, 0.9083,
        0.4333, 0.5833, 0.4556, 0.7333, 0.9250, 0.7467, 0.3222, 0.9667, 0.9444,
        0.1000, 0.6800, 0.7556, 0.3200, 0.9407, 0.9167, 0.8952, 0.9583, 0.9256,
        0.8250, 1.0000, 0.9449, 0.7889, 0.7111, 0.6500, 0.8222])
tensor([0.2667, 0.8986, 0.8920, 0.8933, 0.9061, 0.7587, 0.7133, 0.8044, 0.9267,
        0.9771, 0.9682, 0.9095, 0.8986, 0.9750, 0.9852, 0.9857, 0.9333, 0.9111,
        0.3846, 0.6000, 0.3111, 0.7444, 0.9167, 0.6800, 0.3444, 0.9729, 0.9611,
        0.0667, 0.6800, 0.7778, 0.3400, 0.9519, 0.9500, 0.9143, 0.9750, 0.9282,
        0.8083, 1.0000, 0.9623, 0.6444, 0.7778, 0.6333, 0.8222])
tensor([0.2167, 0.9111, 0.8613, 0.8978, 0.8985, 0.7905, 0.7067, 0.8111, 0.8978,
        0.9750, 0.9652, 0.9071, 0.9043, 0.9806, 0.9778, 0.9810, 0.9200, 0.9139,
        0.3385, 0.4667, 0.4000, 0.7556, 0.9167, 0.6867, 0.3222, 0.9771, 0.9611,
        0.0833, 0.6933, 0.7667, 0.3333, 0.9444, 0.9500, 0.9095, 0.9833, 0.9077,
        0.8250, 1.0000, 0.9580, 0.6667, 0.7444, 0.6167, 0.8111])
tensor([0.3000, 0.9056, 0.9093, 0.9089, 0.9258, 0.8063, 0.7133, 0.8444, 0.9356,
        0.9708, 0.9742, 0.9119, 0.9116, 0.9681, 0.9778, 0.9762, 0.9600, 0.9056,
        0.5769, 0.6333, 0.5889, 0.7556, 0.9083, 0.7867, 0.4000, 0.9646, 0.9333,
        0.1667, 0.6800, 0.7556, 0.5733, 0.9222, 0.9667, 0.9190, 0.9583, 0.9487,
        0.8333, 1.0000, 0.9710, 0.8333, 0.8222, 0.6667, 0.8222])
tensor([0.3833, 0.8806, 0.9373, 0.9067, 0.9364, 0.8111, 0.7333, 0.8378, 0.9467,
        0.9771, 0.9773, 0.9167, 0.9087, 0.9694, 0.9815, 0.9857, 0.9467, 0.9083,
        0.4462, 0.5500, 0.4667, 0.7444, 0.8917, 0.7533, 0.4111, 0.9604, 0.9667,
        0.1167, 0.7267, 0.7556, 0.6133, 0.9444, 0.9833, 0.9238, 0.9583, 0.9538,
        0.8583, 1.0000, 0.9725, 0.7667, 0.7333, 0.6667, 0.8778])
tensor([0.4000, 0.9167, 0.9253, 0.9000, 0.9318, 0.8159, 0.7333, 0.8644, 0.9378,
        0.9708, 0.9803, 0.9357, 0.9087, 0.9653, 0.9815, 0.9810, 0.9467, 0.9083,
        0.5410, 0.5500, 0.5333, 0.7444, 0.8917, 0.7533, 0.3778, 0.9646, 0.9556,
        0.1167, 0.6800, 0.7667, 0.5667, 0.9370, 0.9833, 0.8810, 0.9667, 0.9718,
        0.8417, 1.0000, 0.9710, 0.8889, 0.7889, 0.6833, 0.8444])
tensor([0.4000, 0.9069, 0.9360, 0.8978, 0.9333, 0.8159, 0.7333, 0.8667, 0.9489,
        0.9750, 0.9803, 0.9405, 0.9145, 0.9694, 0.9815, 0.9810, 0.9467, 0.9028,
        0.5333, 0.4667, 0.4333, 0.7444, 0.8917, 0.7800, 0.4000, 0.9625, 0.9556,
        0.1500, 0.7267, 0.7556, 0.5333, 0.9444, 0.9833, 0.9048, 0.9667, 0.9641,
        0.8333, 1.0000, 0.9696, 0.8444, 0.8000, 0.6667, 0.8333])
tensor([0.4000, 0.9056, 0.9440, 0.9089, 0.9364, 0.8111, 0.7267, 0.8733, 0.9489,
        0.9750, 0.9833, 0.9381, 0.9174, 0.9736, 0.9778, 0.9810, 0.9467, 0.9000,
        0.4897, 0.5167, 0.3778, 0.7333, 0.8833, 0.7333, 0.4000, 0.9708, 0.9556,
        0.1167, 0.7200, 0.7778, 0.5733, 0.9444, 0.9833, 0.9048, 0.9667, 0.9615,
        0.8333, 1.0000, 0.9710, 0.7667, 0.8000, 0.6667, 0.8667])
tensor([0.4000, 0.9167, 0.9400, 0.9044, 0.9394, 0.8270, 0.7467, 0.8711, 0.9489,
        0.9729, 0.9833, 0.9262, 0.9145, 0.9722, 0.9778, 0.9810, 0.9467, 0.9028,
        0.5590, 0.6000, 0.4889, 0.7556, 0.8917, 0.7800, 0.4000, 0.9708, 0.9500,
        0.1667, 0.7200, 0.8333, 0.6467, 0.9407, 0.9833, 0.9048, 0.9583, 0.9615,
        0.8500, 0.9667, 0.9696, 0.8111, 0.8333, 0.6667, 0.8444])
tensor([0.3833, 0.9208, 0.9387, 0.9089, 0.9424, 0.8238, 0.7400, 0.8733, 0.9533,
        0.9812, 0.9833, 0.9214, 0.9101, 0.9736, 0.9778, 0.9857, 0.9600, 0.9083,
        0.6077, 0.6000, 0.5778, 0.7444, 0.9167, 0.7467, 0.4000, 0.9688, 0.9389,
        0.2667, 0.7333, 0.7556, 0.6800, 0.9444, 0.9833, 0.9143, 0.9667, 0.9590,
        0.8500, 1.0000, 0.9667, 0.8333, 0.8111, 0.6667, 0.8889])
tensor([0.3500, 0.9222, 0.9467, 0.9156, 0.9379, 0.8349, 0.7333, 0.8911, 0.9511,
        0.9771, 0.9848, 0.9476, 0.9130, 0.9736, 0.9815, 0.9810, 0.9533, 0.9000,
        0.6205, 0.6333, 0.6778, 0.7333, 0.9000, 0.7933, 0.4111, 0.9688, 0.9222,
        0.3833, 0.7267, 0.7889, 0.6533, 0.9444, 0.9833, 0.9190, 0.9667, 0.9538,
        0.8667, 0.9667, 0.9696, 0.8111, 0.8222, 0.6667, 0.8778])
tensor([0.4500, 0.9319, 0.9493, 0.9156, 0.9379, 0.8317, 0.7333, 0.9022, 0.9489,
        0.9812, 0.9848, 0.9381, 0.9043, 0.9750, 0.9815, 0.9810, 0.9600, 0.9028,
        0.6333, 0.6000, 0.7000, 0.7222, 0.9000, 0.8267, 0.4222, 0.9667, 0.9111,
        0.4333, 0.7267, 0.8000, 0.6733, 0.9407, 0.9833, 0.9286, 0.9667, 0.9436,
        0.8583, 1.0000, 0.9696, 0.7556, 0.8333, 0.6667, 0.9111])
tensor([0.3667, 0.9278, 0.9560, 0.9178, 0.9394, 0.8317, 0.7333, 0.9022, 0.9600,
        0.9812, 0.9833, 0.9310, 0.9000, 0.9722, 0.9778, 0.9857, 0.9600, 0.9000,
        0.6564, 0.6167, 0.8000, 0.7333, 0.9000, 0.8467, 0.5000, 0.9646, 0.8722,
        0.4500, 0.7667, 0.7111, 0.6733, 0.9333, 0.9833, 0.9286, 0.9833, 0.9436,
        0.8917, 1.0000, 0.9710, 0.8111, 0.8444, 0.6667, 0.9111])
tensor([0.4000, 0.9236, 0.9627, 0.9133, 0.9409, 0.8302, 0.7267, 0.9133, 0.9622,
        0.9812, 0.9848, 0.9333, 0.8899, 0.9708, 0.9778, 0.9905, 0.9667, 0.9028,
        0.6744, 0.6333, 0.7778, 0.7333, 0.9083, 0.8467, 0.4889, 0.9646, 0.8444,
        0.4500, 0.7600, 0.7333, 0.6800, 0.9370, 0.9833, 0.9095, 0.9667, 0.9462,
        0.8667, 0.9833, 0.9681, 0.8333, 0.8444, 0.6833, 0.9222])
tensor([0.4000, 0.9306, 0.9560, 0.9133, 0.9394, 0.8365, 0.7333, 0.9133, 0.9667,
        0.9833, 0.9864, 0.9452, 0.8928, 0.9708, 0.9778, 0.9952, 0.9667, 0.9000,
        0.6949, 0.6333, 0.8111, 0.7111, 0.9083, 0.8867, 0.4667, 0.9625, 0.8389,
        0.4500, 0.7533, 0.7556, 0.6667, 0.9259, 0.9833, 0.9524, 0.9750, 0.9308,
        0.9167, 1.0000, 0.9594, 0.7667, 0.8333, 0.6667, 0.9333])
tensor([0.4667, 0.9319, 0.9573, 0.9178, 0.9424, 0.8365, 0.7333, 0.9156, 0.9689,
        0.9812, 0.9864, 0.9238, 0.8971, 0.9708, 0.9741, 0.9857, 0.9667, 0.9000,
        0.7205, 0.6000, 0.8222, 0.7111, 0.8917, 0.8800, 0.5111, 0.9625, 0.8278,
        0.4667, 0.7533, 0.7667, 0.6867, 0.9296, 0.9833, 0.9190, 0.9750, 0.9333,
        0.8917, 1.0000, 0.9667, 0.8111, 0.8556, 0.6833, 0.9333])
tensor([0.4667, 0.9278, 0.9653, 0.9089, 0.9424, 0.8349, 0.7267, 0.9200, 0.9756,
        0.9812, 0.9879, 0.9500, 0.8986, 0.9764, 0.9778, 0.9905, 0.9733, 0.9000,
        0.7103, 0.6000, 0.8222, 0.7333, 0.8917, 0.9133, 0.5222, 0.9625, 0.8278,
        0.4500, 0.7667, 0.7889, 0.6600, 0.9333, 0.9833, 0.9143, 0.9667, 0.9436,
        0.9000, 1.0000, 0.9696, 0.8222, 0.8222, 0.6833, 0.9333])
tensor([0.4667, 0.9417, 0.9587, 0.9089, 0.9424, 0.8333, 0.7533, 0.9311, 0.9733,
        0.9812, 0.9879, 0.9548, 0.8957, 0.9764, 0.9741, 0.9905, 0.9733, 0.9000,
        0.6949, 0.5833, 0.8333, 0.7222, 0.8917, 0.9200, 0.5444, 0.9646, 0.8556,
        0.4667, 0.7867, 0.7889, 0.6600, 0.9259, 0.9833, 0.9190, 0.9750, 0.9410,
        0.9167, 1.0000, 0.9623, 0.7889, 0.8556, 0.6833, 0.9333])
tensor([0.4667, 0.9319, 0.9627, 0.9111, 0.9424, 0.8270, 0.7333, 0.9311, 0.9800,
        0.9792, 0.9879, 0.9405, 0.8957, 0.9722, 0.9704, 0.9905, 0.9733, 0.9000,
        0.7128, 0.6667, 0.8444, 0.6778, 0.8667, 0.9200, 0.6000, 0.9646, 0.8333,
        0.4667, 0.8067, 0.7444, 0.6933, 0.9259, 0.9833, 0.9429, 0.9833, 0.9385,
        0.9083, 1.0000, 0.9681, 0.7556, 0.8556, 0.6833, 0.9333])
tensor([0.4833, 0.9319, 0.9613, 0.9178, 0.9439, 0.8333, 0.7533, 0.9333, 0.9800,
        0.9792, 0.9879, 0.9452, 0.9000, 0.9736, 0.9741, 0.9952, 0.9600, 0.9000,
        0.7077, 0.6667, 0.8556, 0.7222, 0.8667, 0.9133, 0.6556, 0.9625, 0.8667,
        0.4667, 0.7867, 0.8000, 0.7000, 0.9222, 0.9667, 0.9190, 0.9833, 0.9410,
        0.9167, 1.0000, 0.9681, 0.8000, 0.7889, 0.6833, 0.9333])
tensor([0.4833, 0.9403, 0.9640, 0.9222, 0.9470, 0.8302, 0.7267, 0.9311, 0.9756,
        0.9771, 0.9879, 0.9357, 0.9058, 0.9708, 0.9741, 1.0000, 0.9667, 0.9000,
        0.7385, 0.7000, 0.7889, 0.7444, 0.9333, 0.8933, 0.6778, 0.9625, 0.8389,
        0.4667, 0.7867, 0.7556, 0.7133, 0.9259, 0.9667, 0.9286, 0.9833, 0.9410,
        0.9250, 1.0000, 0.9681, 0.8222, 0.8000, 0.6833, 0.9556])
tensor([0.4833, 0.9389, 0.9667, 0.9178, 0.9470, 0.8317, 0.7400, 0.9422, 0.9667,
        0.9729, 0.9879, 0.9381, 0.9043, 0.9764, 0.9741, 1.0000, 0.9667, 0.9028,
        0.7333, 0.7000, 0.8222, 0.7667, 0.8583, 0.9000, 0.7222, 0.9625, 0.8333,
        0.4667, 0.8000, 0.8000, 0.7000, 0.9259, 0.9333, 0.9429, 0.9833, 0.9385,
        0.9333, 1.0000, 0.9580, 0.8000, 0.7889, 0.7167, 0.9556])
tensor([0.5333, 0.9375, 0.9667, 0.9178, 0.9485, 0.8286, 0.7533, 0.9378, 0.9733,
        0.9771, 0.9864, 0.9452, 0.9014, 0.9708, 0.9741, 1.0000, 0.9667, 0.9083,
        0.7308, 0.7000, 0.8222, 0.7556, 0.8833, 0.9267, 0.7111, 0.9625, 0.8389,
        0.4667, 0.8067, 0.8111, 0.7000, 0.9259, 0.9500, 0.9429, 0.9833, 0.9385,
        0.9000, 0.9667, 0.9696, 0.8000, 0.8000, 0.6833, 0.9556])
tensor([0.6167, 0.9417, 0.9693, 0.9222, 0.9470, 0.8302, 0.7533, 0.9333, 0.9800,
        0.9771, 0.9864, 0.9357, 0.8971, 0.9750, 0.9741, 1.0000, 0.9733, 0.9028,
        0.7256, 0.7333, 0.8667, 0.8000, 0.8667, 0.9000, 0.7333, 0.9625, 0.8389,
        0.4667, 0.8600, 0.8111, 0.7067, 0.9148, 0.9500, 0.9333, 0.9833, 0.9436,
        0.9417, 1.0000, 0.9652, 0.8000, 0.8000, 0.7167, 0.9556])
tensor([0.6500, 0.9500, 0.9680, 0.9178, 0.9439, 0.8286, 0.7400, 0.9356, 0.9800,
        0.9729, 0.9879, 0.9381, 0.8986, 0.9722, 0.9704, 1.0000, 0.9733, 0.9056,
        0.7282, 0.7333, 0.8333, 0.7667, 0.8583, 0.9067, 0.7556, 0.9625, 0.8611,
        0.4667, 0.8667, 0.8111, 0.7067, 0.9185, 0.9500, 0.9333, 0.9833, 0.9487,
        0.9167, 0.9667, 0.9681, 0.8111, 0.8111, 0.7167, 0.9556])
tensor([0.6000, 0.9431, 0.9653, 0.9200, 0.9485, 0.8286, 0.7733, 0.9356, 0.9800,
        0.9729, 0.9894, 0.9405, 0.9058, 0.9736, 0.9741, 1.0000, 0.9733, 0.9000,
        0.7538, 0.7167, 0.8444, 0.7667, 0.8583, 0.9067, 0.7556, 0.9625, 0.8444,
        0.4667, 0.8133, 0.8111, 0.7067, 0.9222, 0.9667, 0.9429, 0.9833, 0.9462,
        0.9417, 1.0000, 0.9638, 0.8667, 0.8222, 0.7833, 0.9556])
tensor([0.6167, 0.9472, 0.9733, 0.9244, 0.9455, 0.8190, 0.7733, 0.9356, 0.9800,
        0.9750, 0.9894, 0.9405, 0.9130, 0.9736, 0.9704, 1.0000, 0.9733, 0.9083,
        0.7462, 0.7667, 0.8222, 0.7778, 0.8750, 0.9200, 0.7333, 0.9604, 0.8500,
        0.4667, 0.8333, 0.8111, 0.6867, 0.9185, 0.9333, 0.9333, 0.9833, 0.9487,
        0.9250, 0.9833, 0.9725, 0.8778, 0.8111, 0.8000, 0.9556])
tensor([0.6833, 0.9472, 0.9667, 0.9244, 0.9470, 0.8302, 0.7600, 0.9333, 0.9800,
        0.9771, 0.9894, 0.9429, 0.9130, 0.9736, 0.9741, 1.0000, 0.9733, 0.9083,
        0.7513, 0.7000, 0.8444, 0.7556, 0.8750, 0.9200, 0.7444, 0.9604, 0.8222,
        0.4667, 0.8533, 0.8000, 0.7000, 0.9370, 0.9667, 0.9476, 0.9833, 0.9487,
        0.9333, 0.9667, 0.9667, 0.8667, 0.8222, 0.7833, 0.9556])
tensor([0.6667, 0.9472, 0.9693, 0.9289, 0.9485, 0.8270, 0.7867, 0.9422, 0.9800,
        0.9729, 0.9894, 0.9476, 0.9145, 0.9764, 0.9741, 1.0000, 0.9733, 0.9056,
        0.7462, 0.7167, 0.8444, 0.7889, 0.8667, 0.9200, 0.7556, 0.9583, 0.8500,
        0.4667, 0.8533, 0.8111, 0.6867, 0.9222, 0.9167, 0.9429, 0.9833, 0.9487,
        0.9250, 0.9667, 0.9696, 0.8778, 0.8000, 0.8167, 0.9556])
tensor([0.6833, 0.9444, 0.9720, 0.9356, 0.9485, 0.8381, 0.7867, 0.9422, 0.9622,
        0.9729, 0.9833, 0.9524, 0.9087, 0.9750, 0.9778, 1.0000, 0.9733, 0.9083,
        0.7385, 0.7167, 0.8222, 0.8000, 0.8667, 0.9200, 0.7444, 0.9625, 0.8556,
        0.4667, 0.8200, 0.8333, 0.6600, 0.9333, 0.9667, 0.9571, 0.9833, 0.9487,
        0.9333, 0.9667, 0.9681, 0.8000, 0.7889, 0.7833, 0.9556])
tensor([0.6833, 0.9486, 0.9787, 0.9378, 0.9470, 0.8381, 0.7667, 0.9356, 0.9689,
        0.9750, 0.9879, 0.9405, 0.9072, 0.9722, 0.9778, 1.0000, 0.9733, 0.9056,
        0.7615, 0.7333, 0.8889, 0.8000, 0.8667, 0.9267, 0.7889, 0.9583, 0.8444,
        0.4667, 0.8267, 0.8222, 0.6867, 0.9222, 0.9167, 0.9714, 0.9833, 0.9487,
        0.9500, 1.0000, 0.9667, 0.8667, 0.8000, 0.8333, 0.9667])
tensor([0.7167, 0.9514, 0.9800, 0.9289, 0.9485, 0.8508, 0.7733, 0.9422, 0.9778,
        0.9750, 0.9848, 0.9405, 0.9174, 0.9722, 0.9815, 1.0000, 0.9733, 0.9194,
        0.7769, 0.7833, 0.8556, 0.7889, 0.8750, 0.9400, 0.8000, 0.9604, 0.8611,
        0.4667, 0.8467, 0.7889, 0.6267, 0.9333, 0.9833, 0.9667, 0.9833, 0.9564,
        0.9333, 1.0000, 0.9667, 0.8889, 0.8000, 0.8333, 0.9667])
tensor([0.6667, 0.9528, 0.9787, 0.9400, 0.9470, 0.8413, 0.8000, 0.9511, 0.9667,
        0.9729, 0.9848, 0.9548, 0.9145, 0.9722, 0.9815, 1.0000, 0.9733, 0.9278,
        0.7590, 0.7500, 0.9000, 0.7667, 0.8750, 0.9333, 0.7667, 0.9583, 0.8667,
        0.4667, 0.8467, 0.8000, 0.6533, 0.9519, 0.9333, 0.9667, 0.9833, 0.9564,
        0.9333, 0.9667, 0.9739, 0.8667, 0.8000, 0.8333, 0.9778])
tensor([0.6833, 0.9472, 0.9813, 0.9467, 0.9470, 0.8476, 0.8000, 0.9467, 0.9733,
        0.9750, 0.9864, 0.9619, 0.9116, 0.9722, 0.9741, 0.9952, 0.9733, 0.9222,
        0.7564, 0.7667, 0.8667, 0.7667, 0.8667, 0.9200, 0.7556, 0.9563, 0.8778,
        0.4667, 0.8200, 0.8333, 0.6867, 0.9481, 0.9500, 0.9619, 0.9833, 0.9538,
        0.9250, 1.0000, 0.9725, 0.8667, 0.8222, 0.8333, 0.9778])
tensor([0.7167, 0.9458, 0.9800, 0.9444, 0.9485, 0.8444, 0.7867, 0.9422, 0.9600,
        0.9688, 0.9864, 0.9571, 0.9145, 0.9722, 0.9815, 1.0000, 0.9733, 0.9222,
        0.7667, 0.8333, 0.8889, 0.7556, 0.8583, 0.9267, 0.7556, 0.9625, 0.8556,
        0.4667, 0.8333, 0.8333, 0.6733, 0.9481, 0.9167, 0.9714, 0.9917, 0.9538,
        0.9250, 1.0000, 0.9652, 0.8778, 0.7778, 0.8500, 0.9778])
tensor([0.7167, 0.9667, 0.9773, 0.9467, 0.9485, 0.8571, 0.8000, 0.9467, 0.9600,
        0.9750, 0.9848, 0.9667, 0.9159, 0.9792, 0.9741, 1.0000, 0.9733, 0.9278,
        0.7667, 0.8167, 0.8889, 0.7778, 0.8750, 0.9133, 0.7778, 0.9583, 0.8333,
        0.4667, 0.8267, 0.8444, 0.6600, 0.9519, 0.9167, 0.9762, 0.9833, 0.9538,
        0.9250, 0.9833, 0.9754, 0.9000, 0.7889, 0.8667, 0.9778])
tensor([0.7333, 0.9542, 0.9827, 0.9467, 0.9485, 0.8540, 0.8000, 0.9422, 0.9711,
        0.9667, 0.9833, 0.9548, 0.9217, 0.9764, 0.9852, 1.0000, 0.9733, 0.9250,
        0.7769, 0.8167, 0.8889, 0.7889, 0.8500, 0.9400, 0.7889, 0.9563, 0.8500,
        0.4667, 0.8200, 0.8333, 0.6400, 0.9407, 0.9000, 0.9762, 0.9917, 0.9667,
        0.9333, 1.0000, 0.9710, 0.9333, 0.8111, 0.8667, 0.9778])
tensor([0.7333, 0.9611, 0.9827, 0.9489, 0.9470, 0.8714, 0.7733, 0.9533, 0.9644,
        0.9771, 0.9864, 0.9619, 0.9275, 0.9736, 0.9852, 1.0000, 0.9800, 0.9306,
        0.7590, 0.8833, 0.8889, 0.7667, 0.8750, 0.9400, 0.8000, 0.9563, 0.8611,
        0.4667, 0.8267, 0.8333, 0.6600, 0.9333, 0.9167, 0.9905, 0.9917, 0.9590,
        0.9250, 0.9833, 0.9739, 0.9000, 0.8222, 0.8500, 0.9778])
tensor([0.7333, 0.9583, 0.9827, 0.9533, 0.9485, 0.8587, 0.7733, 0.9356, 0.9667,
        0.9729, 0.9833, 0.9643, 0.9217, 0.9722, 0.9852, 1.0000, 0.9800, 0.9278,
        0.7667, 0.8500, 0.9000, 0.7556, 0.8750, 0.9400, 0.7556, 0.9563, 0.8722,
        0.4667, 0.8133, 0.8556, 0.6200, 0.9481, 0.9000, 0.9857, 0.9917, 0.9692,
        0.9167, 1.0000, 0.9754, 0.9333, 0.8333, 0.8667, 0.9778])
tensor([0.7167, 0.9653, 0.9760, 0.9556, 0.9515, 0.8635, 0.7933, 0.9244, 0.9733,
        0.9750, 0.9833, 0.9643, 0.9319, 0.9708, 0.9889, 1.0000, 0.9800, 0.9444,
        0.7769, 0.9167, 0.9000, 0.6889, 0.8750, 0.9200, 0.8222, 0.9583, 0.8611,
        0.4667, 0.8133, 0.8333, 0.6800, 0.9444, 0.9167, 0.9762, 0.9917, 0.9692,
        0.9333, 1.0000, 0.9739, 0.9333, 0.8222, 0.8667, 0.9778])
tensor([0.7167, 0.9625, 0.9827, 0.9533, 0.9515, 0.8651, 0.8067, 0.9400, 0.9756,
        0.9771, 0.9864, 0.9595, 0.9319, 0.9764, 0.9667, 1.0000, 0.9800, 0.9306,
        0.7744, 0.8833, 0.9000, 0.7333, 0.8750, 0.9133, 0.8333, 0.9521, 0.8389,
        0.4667, 0.8133, 0.8333, 0.7200, 0.9519, 0.9167, 0.9905, 0.9917, 0.9692,
        0.9333, 1.0000, 0.9710, 0.9333, 0.7778, 0.8667, 0.9778])
tensor([0.7333, 0.9625, 0.9827, 0.9556, 0.9500, 0.8619, 0.7800, 0.9444, 0.9756,
        0.9792, 0.9848, 0.9619, 0.9217, 0.9722, 0.9963, 1.0000, 0.9800, 0.9583,
        0.7538, 0.8333, 0.9000, 0.6889, 0.8750, 0.9333, 0.8667, 0.9521, 0.8556,
        0.4667, 0.8333, 0.8556, 0.7067, 0.9519, 0.9167, 0.9810, 0.9917, 0.9718,
        0.9083, 0.9667, 0.9710, 0.9333, 0.8333, 0.8667, 0.9889])
tensor([0.7333, 0.9653, 0.9853, 0.9533, 0.9515, 0.8619, 0.8133, 0.9444, 0.9600,
        0.9812, 0.9833, 0.9619, 0.9087, 0.9778, 0.9815, 1.0000, 0.9800, 0.9139,
        0.7487, 0.8167, 0.9000, 0.6667, 0.8750, 0.9400, 0.8556, 0.9479, 0.8500,
        0.4667, 0.8400, 0.8444, 0.6467, 0.9593, 0.9333, 0.9857, 0.9917, 0.9615,
        0.9333, 1.0000, 0.9609, 0.9111, 0.7778, 0.8833, 0.9778])
tensor([0.7333, 0.9736, 0.9827, 0.9578, 0.9439, 0.8460, 0.7933, 0.9444, 0.9489,
        0.9792, 0.9803, 0.9619, 0.9203, 0.9778, 0.9926, 1.0000, 0.9733, 0.9528,
        0.7000, 0.7333, 0.8778, 0.7556, 0.8833, 0.9467, 0.8111, 0.9542, 0.8611,
        0.4667, 0.8467, 0.8333, 0.6600, 0.9630, 0.9667, 0.9857, 0.9917, 0.9538,
        0.9083, 0.9667, 0.9710, 0.7889, 0.7667, 0.8500, 0.9778])
tensor([0.7167, 0.9597, 0.9867, 0.9533, 0.9530, 0.8698, 0.8067, 0.9511, 0.9356,
        0.9854, 0.9773, 0.9429, 0.9145, 0.9819, 0.9926, 1.0000, 0.9733, 0.9639,
        0.7103, 0.7333, 0.9000, 0.7778, 0.8667, 0.9400, 0.8111, 0.9646, 0.8667,
        0.4667, 0.8467, 0.8333, 0.6133, 0.9667, 0.9167, 0.9857, 0.9917, 0.9513,
        0.9083, 0.9667, 0.9710, 0.6667, 0.7778, 0.8333, 0.9667])
tensor([0.7333, 0.9722, 0.9827, 0.9511, 0.9515, 0.8714, 0.7867, 0.9600, 0.9689,
        0.9771, 0.9848, 0.9595, 0.9362, 0.9778, 0.9889, 1.0000, 0.9800, 0.9611,
        0.7923, 0.9000, 0.9556, 0.7333, 0.8667, 0.9400, 0.8556, 0.9604, 0.8500,
        0.4667, 0.8200, 0.8333, 0.6867, 0.9444, 0.9333, 0.9857, 0.9917, 0.9718,
        0.9167, 0.9667, 0.9754, 0.9111, 0.8333, 0.9000, 0.9889])
tensor([0.7667, 0.9639, 0.9840, 0.9511, 0.9530, 0.8556, 0.7933, 0.9356, 0.9733,
        0.9771, 0.9818, 0.9619, 0.9348, 0.9722, 0.9667, 1.0000, 0.9933, 0.9639,
        0.7923, 0.9500, 0.9556, 0.7222, 0.8667, 0.9467, 0.8444, 0.9563, 0.8556,
        0.4667, 0.8267, 0.8333, 0.6600, 0.9444, 0.9667, 0.9762, 0.9917, 0.9795,
        0.9250, 1.0000, 0.9725, 0.9556, 0.8444, 0.9000, 0.9889])
tensor([0.7333, 0.9667, 0.9840, 0.9533, 0.9576, 0.8683, 0.8000, 0.9533, 0.9711,
        0.9937, 0.9848, 0.9619, 0.9348, 0.9764, 0.9963, 1.0000, 0.9800, 0.9417,
        0.7769, 0.8667, 0.9000, 0.6667, 0.8667, 0.9400, 0.8556, 0.9542, 0.8556,
        0.4667, 0.8333, 0.8444, 0.6933, 0.9519, 0.9167, 0.9810, 0.9917, 0.9769,
        0.9083, 0.9833, 0.9783, 0.9333, 0.8111, 0.9000, 0.9889])
tensor([0.7667, 0.9708, 0.9840, 0.9578, 0.9545, 0.8619, 0.7933, 0.9489, 0.9667,
        0.9937, 0.9833, 0.9667, 0.9304, 0.9764, 0.9889, 1.0000, 0.9800, 0.9667,
        0.7564, 0.9000, 0.9444, 0.6667, 0.8750, 0.9467, 0.8556, 0.9563, 0.8667,
        0.4667, 0.8333, 0.8333, 0.6200, 0.9556, 0.9667, 0.9810, 0.9917, 0.9769,
        0.9167, 1.0000, 0.9667, 0.9333, 0.8111, 0.9167, 0.9889])
tensor([0.7833, 0.9694, 0.9840, 0.9578, 0.9606, 0.8667, 0.8133, 0.9311, 0.9667,
        0.9833, 0.9803, 0.9595, 0.9275, 0.9764, 0.9889, 1.0000, 0.9800, 0.9278,
        0.7333, 0.8500, 0.9556, 0.6778, 0.8750, 0.9467, 0.8556, 0.9542, 0.8611,
        0.4667, 0.8333, 0.8333, 0.6133, 0.9593, 0.9833, 0.9905, 0.9917, 0.9744,
        0.9167, 1.0000, 0.9667, 0.9333, 0.7444, 0.9167, 0.9889])
tensor([0.7500, 0.9722, 0.9840, 0.9578, 0.9561, 0.8667, 0.7867, 0.9467, 0.9644,
        0.9875, 0.9803, 0.9571, 0.9232, 0.9778, 0.9741, 1.0000, 0.9800, 0.9806,
        0.7846, 0.9000, 0.9556, 0.6667, 0.8667, 0.9467, 0.8889, 0.9625, 0.8500,
        0.4667, 0.8400, 0.8333, 0.6067, 0.9519, 0.9667, 0.9810, 0.9917, 0.9769,
        0.9250, 0.9667, 0.9739, 0.9444, 0.8222, 0.9167, 0.9889])
tensor([0.8000, 0.9667, 0.9840, 0.9600, 0.9576, 0.8571, 0.7933, 0.9267, 0.9756,
        0.9854, 0.9803, 0.9548, 0.9246, 0.9750, 0.9815, 1.0000, 0.9867, 0.9528,
        0.7872, 0.9333, 0.9667, 0.7222, 0.8833, 0.9467, 0.8556, 0.9563, 0.8444,
        0.4667, 0.8400, 0.8000, 0.6933, 0.9481, 0.9667, 0.9857, 0.9917, 0.9821,
        0.9000, 0.9667, 0.9797, 0.9444, 0.8556, 0.9833, 0.9889])
tensor([0.7500, 0.9708, 0.9840, 0.9600, 0.9576, 0.8651, 0.7933, 0.9222, 0.9733,
        0.9937, 0.9803, 0.9571, 0.9290, 0.9764, 0.9630, 1.0000, 0.9800, 0.9611,
        0.7872, 0.9500, 0.9778, 0.7444, 0.8750, 0.9400, 0.8667, 0.9583, 0.8556,
        0.4667, 0.8333, 0.8444, 0.6400, 0.9519, 0.9667, 0.9857, 0.9917, 0.9821,
        0.9167, 0.9667, 0.9826, 0.9444, 0.7778, 0.9500, 0.9889])
tensor([0.7833, 0.9681, 0.9840, 0.9622, 0.9576, 0.8540, 0.7867, 0.9222, 0.9556,
        0.9958, 0.9803, 0.9619, 0.9304, 0.9764, 0.9889, 1.0000, 0.9800, 0.9611,
        0.7487, 0.9000, 0.9667, 0.7222, 0.8667, 0.9533, 0.8667, 0.9563, 0.8833,
        0.4667, 0.8333, 0.8444, 0.7200, 0.9519, 0.9667, 0.9810, 0.9917, 0.9795,
        0.9250, 1.0000, 0.9754, 0.9556, 0.7889, 0.9500, 0.9889])
tensor([0.7833, 0.9722, 0.9800, 0.9622, 0.9561, 0.8667, 0.8133, 0.9378, 0.9533,
        0.9958, 0.9758, 0.9571, 0.9261, 0.9792, 0.9889, 1.0000, 0.9867, 0.9806,
        0.7538, 0.9500, 0.9556, 0.6778, 0.8833, 0.9467, 0.8444, 0.9625, 0.8556,
        0.4667, 0.8400, 0.8222, 0.6733, 0.9593, 0.9667, 0.9857, 0.9917, 0.9769,
        0.9250, 0.9667, 0.9725, 0.9444, 0.8111, 0.9667, 0.9889])
tensor([0.7833, 0.9722, 0.9853, 0.9622, 0.9591, 0.8603, 0.7867, 0.9378, 0.9444,
        0.9958, 0.9742, 0.9571, 0.9261, 0.9792, 0.9667, 1.0000, 0.9800, 0.9833,
        0.7718, 0.9500, 0.9667, 0.6444, 0.8750, 0.9333, 0.8444, 0.9583, 0.8611,
        0.4667, 0.8467, 0.8333, 0.6933, 0.9667, 0.9667, 0.9714, 0.9917, 0.9795,
        0.9250, 0.9667, 0.9739, 0.9444, 0.8111, 0.9833, 0.9889])
tensor([0.7833, 0.9694, 0.9853, 0.9644, 0.9576, 0.8540, 0.8000, 0.9333, 0.9556,
        0.9958, 0.9758, 0.9643, 0.9261, 0.9792, 0.9852, 1.0000, 0.9800, 0.9750,
        0.7564, 0.9500, 0.9778, 0.6778, 0.8750, 0.9400, 0.8556, 0.9521, 0.8556,
        0.4667, 0.8333, 0.8556, 0.6600, 0.9630, 0.9167, 0.9857, 0.9917, 0.9795,
        0.9250, 1.0000, 0.9667, 0.9444, 0.8111, 0.9667, 0.9889])
tensor([0.8000, 0.9681, 0.9800, 0.9644, 0.9591, 0.8603, 0.7933, 0.9400, 0.9600,
        0.9958, 0.9773, 0.9619, 0.9246, 0.9792, 0.9926, 1.0000, 0.9800, 0.9833,
        0.7667, 0.9500, 0.9889, 0.7111, 0.8750, 0.9400, 0.8111, 0.9625, 0.8500,
        0.4667, 0.8333, 0.8556, 0.6333, 0.9519, 0.9667, 0.9762, 0.9917, 0.9821,
        0.9417, 1.0000, 0.9681, 0.9556, 0.7889, 0.9833, 0.9889])
tensor([0.8000, 0.9764, 0.9827, 0.9644, 0.9576, 0.8571, 0.8133, 0.9400, 0.9600,
        0.9958, 0.9773, 0.9595, 0.9275, 0.9792, 0.9852, 1.0000, 0.9800, 0.9833,
        0.7846, 0.9000, 0.9889, 0.6667, 0.8667, 0.9600, 0.8778, 0.9667, 0.8556,
        0.4667, 0.8333, 0.8444, 0.6467, 0.9630, 0.9833, 0.9762, 0.9917, 0.9795,
        0.9000, 0.9667, 0.9739, 0.9444, 0.8000, 0.9667, 0.9889])
tensor([0.8167, 0.9694, 0.9840, 0.9622, 0.9561, 0.8603, 0.7933, 0.9089, 0.9667,
        0.9979, 0.9773, 0.9595, 0.9203, 0.9806, 0.9815, 1.0000, 0.9800, 0.9750,
        0.7821, 0.9000, 0.9889, 0.6444, 0.8833, 0.9600, 0.8889, 0.9604, 0.8556,
        0.4667, 0.8400, 0.8444, 0.6800, 0.9556, 0.9667, 0.9714, 0.9917, 0.9821,
        0.9250, 1.0000, 0.9681, 0.9556, 0.8222, 0.9833, 0.9889])
tensor([0.8167, 0.9792, 0.9827, 0.9644, 0.9576, 0.8524, 0.7933, 0.9178, 0.9711,
        0.9979, 0.9773, 0.9571, 0.9232, 0.9833, 0.9630, 1.0000, 0.9867, 0.9833,
        0.7769, 0.8833, 0.9889, 0.6111, 0.8833, 0.9600, 0.8556, 0.9521, 0.8444,
        0.4667, 0.8467, 0.8556, 0.6267, 0.9444, 1.0000, 0.9762, 0.9917, 0.9821,
        0.9333, 0.9667, 0.9754, 0.9556, 0.8333, 0.9667, 0.9889])
tensor([0.8167, 0.9750, 0.9840, 0.9667, 0.9576, 0.8508, 0.7933, 0.9044, 0.9800,
        0.9958, 0.9758, 0.9643, 0.9246, 0.9819, 0.9556, 1.0000, 0.9800, 0.9833,
        0.7744, 0.8833, 0.9889, 0.7111, 0.8833, 0.9533, 0.8778, 0.9542, 0.8556,
        0.4667, 0.8600, 0.8444, 0.7333, 0.9481, 0.9667, 0.9667, 0.9917, 0.9795,
        0.8917, 0.9500, 0.9812, 0.9556, 0.8444, 0.9833, 0.9889])
