tensor([0., 0., 0., 0., 0., 0., 0., 0., 0., 0., 0., 0., 0., 0., 0., 0., 0., 1.,
        0., 0., 0., 0., 0., 0., 0., 0., 0., 0., 0., 0., 0., 0., 0., 0., 0., 0.,
        0., 0., 0., 0., 0., 0., 0.])
tensor([0., 0., 0., 0., 0., 0., 0., 0., 0., 0., 0., 0., 0., 1., 0., 0., 0., 0.,
        0., 0., 0., 0., 0., 0., 0., 0., 0., 0., 0., 0., 0., 0., 0., 0., 0., 0.,
        0., 0., 0., 0., 0., 0., 0.])
tensor([0., 0., 1., 0., 0., 0., 0., 0., 0., 0., 0., 0., 0., 0., 0., 0., 0., 0.,
        0., 0., 0., 0., 0., 0., 0., 0., 0., 0., 0., 0., 0., 0., 0., 0., 0., 0.,
        0., 0., 0., 0., 0., 0., 0.])
tensor([0., 0., 1., 0., 0., 0., 0., 0., 0., 0., 0., 0., 0., 0., 0., 0., 0., 0.,
        0., 0., 0., 0., 0., 0., 0., 0., 0., 0., 0., 0., 0., 0., 0., 0., 0., 0.,
        0., 0., 0., 0., 0., 0., 0.])
tensor([0., 0., 0., 0., 0., 0., 0., 0., 0., 0., 0., 0., 0., 0., 0., 0., 0., 0.,
        0., 0., 0., 0., 0., 0., 0., 0., 0., 0., 0., 0., 0., 0., 0., 0., 0., 0.,
        0., 0., 1., 0., 0., 0., 0.])
tensor([0., 0., 0., 0., 1., 0., 0., 0., 0., 0., 0., 0., 0., 0., 0., 0., 0., 0.,
        0., 0., 0., 0., 0., 0., 0., 0., 0., 0., 0., 0., 0., 0., 0., 0., 0., 0.,
        0., 0., 0., 0., 0., 0., 0.])
tensor([0., 0., 0., 0., 0., 0., 0., 0., 0., 0., 0., 0., 0., 1., 0., 0., 0., 0.,
        0., 0., 0., 0., 0., 0., 0., 0., 0., 0., 0., 0., 0., 0., 0., 0., 0., 0.,
        0., 0., 0., 0., 0., 0., 0.])
tensor([0., 0., 1., 0., 0., 0., 0., 0., 0., 0., 0., 0., 0., 0., 0., 0., 0., 0.,
        0., 0., 0., 0., 0., 0., 0., 0., 0., 0., 0., 0., 0., 0., 0., 0., 0., 0.,
        0., 0., 0., 0., 0., 0., 0.])
tensor([0., 0., 1., 0., 0., 0., 0., 0., 0., 0., 0., 0., 0., 0., 0., 0., 0., 0.,
        0., 0., 0., 0., 0., 0., 0., 0., 0., 0., 0., 0., 0., 0., 0., 0., 0., 0.,
        0., 0., 0., 0., 0., 0., 0.])
tensor([0., 0., 1., 0., 0., 0., 0., 0., 0., 0., 0., 0., 0., 0., 0., 0., 0., 0.,
        0., 0., 0., 0., 0., 0., 0., 0., 0., 0., 0., 0., 0., 0., 0., 0., 0., 0.,
        0., 0., 0., 0., 0., 0., 0.])
tensor([0., 0., 1., 0., 0., 0., 0., 0., 0., 0., 0., 0., 0., 0., 0., 0., 0., 0.,
        0., 0., 0., 0., 0., 0., 0., 0., 0., 0., 0., 0., 0., 0., 0., 0., 0., 0.,
        0., 0., 0., 0., 0., 0., 0.])
tensor([0., 0., 1., 0., 0., 0., 0., 0., 0., 0., 0., 0., 0., 0., 0., 0., 0., 0.,
        0., 0., 0., 0., 0., 0., 0., 0., 0., 0., 0., 0., 0., 0., 0., 0., 0., 0.,
        0., 0., 0., 0., 0., 0., 0.])
tensor([0., 0., 1., 0., 0., 0., 0., 0., 0., 0., 0., 0., 0., 0., 0., 0., 0., 0.,
        0., 0., 0., 0., 0., 0., 0., 0., 0., 0., 0., 0., 0., 0., 0., 0., 0., 0.,
        0., 0., 0., 0., 0., 0., 0.])
tensor([0., 0., 1., 0., 0., 0., 0., 0., 0., 0., 0., 0., 0., 0., 0., 0., 0., 0.,
        0., 0., 0., 0., 0., 0., 0., 0., 0., 0., 0., 0., 0., 0., 0., 0., 0., 0.,
        0., 0., 0., 0., 0., 0., 0.])
tensor([0., 0., 1., 0., 0., 0., 0., 0., 0., 0., 0., 0., 0., 0., 0., 0., 0., 0.,
        0., 0., 0., 0., 0., 0., 0., 0., 0., 0., 0., 0., 0., 0., 0., 0., 0., 0.,
        0., 0., 0., 0., 0., 0., 0.])
tensor([0., 0., 1., 0., 0., 0., 0., 0., 0., 0., 0., 0., 0., 0., 0., 0., 0., 0.,
        0., 0., 0., 0., 0., 0., 0., 0., 0., 0., 0., 0., 0., 0., 0., 0., 0., 0.,
        0., 0., 0., 0., 0., 0., 0.])
tensor([0., 0., 1., 0., 0., 0., 0., 0., 0., 0., 0., 0., 0., 0., 0., 0., 0., 0.,
        0., 0., 0., 0., 0., 0., 0., 0., 0., 0., 0., 0., 0., 0., 0., 0., 0., 0.,
        0., 0., 0., 0., 0., 0., 0.])
tensor([0.0000, 0.0000, 1.0000, 0.0000, 0.0000, 0.0000, 0.0000, 0.0000, 0.0000,
        0.0000, 0.0000, 0.0000, 0.0159, 0.0000, 0.0000, 0.0000, 0.0000, 0.0000,
        0.0000, 0.0000, 0.0000, 0.0000, 0.0000, 0.0000, 0.0000, 0.0000, 0.0000,
        0.0000, 0.0000, 0.0000, 0.0000, 0.0000, 0.0000, 0.0000, 0.0000, 0.0000,
        0.0000, 0.0000, 0.0000, 0.0000, 0.0000, 0.0000, 0.0000])
tensor([0.0000, 0.0000, 0.0000, 0.0000, 0.0000, 0.0000, 0.0000, 0.0000, 0.0000,
        0.0000, 0.0000, 0.0000, 0.0159, 0.0000, 0.0000, 0.0000, 0.0000, 1.0000,
        0.0000, 0.0000, 0.0000, 0.0000, 0.0000, 0.0000, 0.0000, 0.0000, 0.0000,
        0.0000, 0.0000, 0.0000, 0.0000, 0.0000, 0.0000, 0.0000, 0.0000, 0.1821,
        0.0000, 0.3333, 0.1116, 0.0000, 0.0000, 0.0000, 0.0000])
tensor([0.0000, 0.0056, 0.0173, 0.0000, 0.0000, 0.0000, 0.0000, 0.0000, 0.0000,
        0.0000, 0.0000, 0.0000, 0.0159, 0.0458, 0.0000, 0.0000, 0.0000, 0.9500,
        0.0000, 0.0000, 0.0000, 0.0000, 0.0000, 0.0000, 0.0000, 0.0000, 0.0000,
        0.0000, 0.0000, 0.0000, 0.0000, 0.0000, 0.0000, 0.0000, 0.0000, 0.0154,
        0.0000, 0.8833, 0.0203, 0.0000, 0.0000, 0.0000, 0.0000])
tensor([0.0000, 0.0222, 0.0360, 0.0000, 0.0000, 0.0000, 0.0000, 0.0000, 0.0000,
        0.0000, 0.0000, 0.0000, 0.0667, 0.0278, 0.0000, 0.0000, 0.0000, 0.9333,
        0.0000, 0.0000, 0.0000, 0.0000, 0.0000, 0.0000, 0.0000, 0.0000, 0.0000,
        0.0000, 0.0000, 0.0000, 0.0000, 0.0000, 0.0000, 0.0000, 0.0000, 0.0179,
        0.0000, 1.0000, 0.0029, 0.0000, 0.0000, 0.0000, 0.0000])
tensor([0.0000, 0.0569, 0.3120, 0.0000, 0.0000, 0.0000, 0.0000, 0.0000, 0.0000,
        0.0000, 0.0000, 0.0000, 0.4623, 0.1903, 0.0000, 0.0000, 0.0000, 0.9194,
        0.0000, 0.0000, 0.0000, 0.0000, 0.0000, 0.0000, 0.0000, 0.0000, 0.0000,
        0.0000, 0.0000, 0.0000, 0.0000, 0.0000, 0.0000, 0.0000, 0.0000, 1.0000,
        0.0000, 0.0000, 0.0087, 0.0000, 0.0000, 0.0000, 0.0000])
tensor([0.0000, 0.1014, 0.7920, 0.0000, 0.0000, 0.0000, 0.0000, 0.0000, 0.0000,
        0.0000, 0.0000, 0.0000, 0.7478, 0.4694, 0.0000, 0.0000, 0.0000, 0.9167,
        0.0000, 0.0000, 0.0000, 0.0000, 0.0000, 0.0000, 0.0000, 0.0000, 0.0000,
        0.0000, 0.0000, 0.0000, 0.0000, 0.0000, 0.0000, 0.0000, 0.0000, 0.0000,
        0.0000, 0.0000, 0.9058, 0.0000, 0.0000, 0.0000, 0.0000])
tensor([0.0000, 0.2069, 0.7547, 0.0000, 0.0000, 0.0921, 0.0000, 0.0000, 0.0000,
        0.0000, 0.3409, 0.0214, 0.7667, 0.5861, 0.0000, 0.0000, 0.0000, 0.9111,
        0.0231, 0.0000, 0.0000, 0.0000, 0.0000, 0.0000, 0.0000, 0.0000, 0.0000,
        0.0000, 0.0000, 0.0000, 0.0000, 0.0000, 0.0000, 0.0000, 0.0000, 0.0000,
        0.0000, 0.0000, 0.9029, 0.0000, 0.0000, 0.0000, 0.0000])
tensor([0.0000, 0.3153, 0.5653, 0.0022, 0.0636, 0.1238, 0.0000, 0.0000, 0.0000,
        0.0063, 0.5409, 0.0524, 0.7841, 0.6694, 0.0074, 0.0000, 0.0000, 0.9194,
        0.2154, 0.0000, 0.0000, 0.0000, 0.0000, 0.0000, 0.0000, 0.0312, 0.0000,
        0.0000, 0.0000, 0.0000, 0.0000, 0.0000, 0.0000, 0.0000, 0.0000, 0.0000,
        0.0000, 0.0000, 0.8913, 0.0000, 0.0000, 0.0000, 0.0000])
tensor([0.0000, 0.3014, 0.4133, 0.0178, 0.0682, 0.1571, 0.0000, 0.0000, 0.0000,
        0.2146, 0.7288, 0.2476, 0.7623, 0.7069, 0.0000, 0.0000, 0.0000, 0.9250,
        0.3205, 0.0000, 0.0000, 0.0000, 0.0000, 0.0000, 0.0000, 0.2667, 0.0000,
        0.0000, 0.0000, 0.0000, 0.0000, 0.0000, 0.0000, 0.0000, 0.0000, 0.0000,
        0.0000, 0.0000, 0.8942, 0.0000, 0.0000, 0.0000, 0.0000])
tensor([0.0000, 0.2611, 0.3867, 0.0044, 0.1242, 0.1333, 0.0000, 0.0356, 0.0067,
        0.2958, 0.7606, 0.4429, 0.7739, 0.7417, 0.0222, 0.0000, 0.0000, 0.9278,
        0.5077, 0.0000, 0.0000, 0.0000, 0.0000, 0.0000, 0.0000, 0.3417, 0.0000,
        0.0000, 0.0000, 0.0000, 0.0000, 0.0000, 0.0000, 0.0000, 0.0000, 0.0077,
        0.0000, 0.0000, 0.9014, 0.0000, 0.0000, 0.0000, 0.0000])
tensor([0.0000, 0.3833, 0.3253, 0.0000, 0.1121, 0.1206, 0.0000, 0.1000, 0.0133,
        0.3521, 0.8030, 0.5357, 0.7884, 0.8139, 0.0667, 0.0000, 0.0000, 0.9194,
        0.4923, 0.0000, 0.0000, 0.0000, 0.0000, 0.0000, 0.0000, 0.3688, 0.0000,
        0.0000, 0.0000, 0.0000, 0.0000, 0.0000, 0.0000, 0.0000, 0.0000, 0.0077,
        0.0000, 0.0000, 0.9000, 0.0000, 0.0000, 0.0000, 0.0000])
tensor([0.0000, 0.4486, 0.2467, 0.0022, 0.1076, 0.1238, 0.2067, 0.1356, 0.0733,
        0.4104, 0.8303, 0.5929, 0.8014, 0.8333, 0.4111, 0.0333, 0.0000, 0.8639,
        0.4795, 0.0000, 0.0000, 0.0000, 0.0167, 0.0000, 0.0000, 0.3917, 0.0000,
        0.0000, 0.0000, 0.0000, 0.0000, 0.0000, 0.0000, 0.0000, 0.0000, 0.0077,
        0.0000, 0.0000, 0.8870, 0.0000, 0.0000, 0.0000, 0.0000])
tensor([0.0000, 0.5528, 0.1573, 0.0000, 0.0939, 0.0905, 0.2867, 0.1333, 0.1089,
        0.4771, 0.8394, 0.6333, 0.8087, 0.8569, 0.3815, 0.2333, 0.0000, 0.8583,
        0.4615, 0.0000, 0.0000, 0.0000, 0.0667, 0.0000, 0.0000, 0.4563, 0.0000,
        0.0000, 0.0067, 0.0000, 0.0000, 0.0000, 0.0000, 0.0000, 0.0000, 0.0077,
        0.0000, 0.0000, 0.8841, 0.0000, 0.0000, 0.0000, 0.0333])
tensor([0.0000, 0.4069, 0.3253, 0.0000, 0.0894, 0.1048, 0.2867, 0.1333, 0.1044,
        0.5083, 0.8545, 0.6548, 0.8087, 0.8861, 0.2111, 0.2524, 0.0000, 0.8778,
        0.4744, 0.0000, 0.0000, 0.0000, 0.1333, 0.0000, 0.0000, 0.4938, 0.0000,
        0.0000, 0.0067, 0.0000, 0.0000, 0.0000, 0.0000, 0.0000, 0.0000, 0.0205,
        0.0000, 0.0000, 0.8855, 0.0000, 0.0000, 0.0000, 0.0778])
tensor([0.0000, 0.3583, 0.3653, 0.0156, 0.1030, 0.1302, 0.2533, 0.1489, 0.0933,
        0.5875, 0.8636, 0.6643, 0.8000, 0.9000, 0.3852, 0.2857, 0.0133, 0.8250,
        0.5103, 0.0000, 0.0000, 0.0000, 0.1667, 0.0000, 0.0000, 0.5250, 0.0000,
        0.0000, 0.0133, 0.0000, 0.0000, 0.0000, 0.0000, 0.0000, 0.0000, 0.0359,
        0.0000, 0.0000, 0.8855, 0.0000, 0.0000, 0.0000, 0.0556])
tensor([0.0000, 0.4319, 0.2880, 0.0311, 0.1242, 0.1635, 0.2800, 0.1933, 0.0267,
        0.5979, 0.8742, 0.6595, 0.7855, 0.9194, 0.5074, 0.3524, 0.0867, 0.7861,
        0.5487, 0.0000, 0.0000, 0.0000, 0.2167, 0.0000, 0.0000, 0.5292, 0.0000,
        0.0000, 0.0133, 0.0000, 0.0000, 0.0000, 0.0000, 0.0000, 0.0000, 0.0667,
        0.0000, 0.0000, 0.8652, 0.0000, 0.0000, 0.0000, 0.0556])
tensor([0.0000, 0.4361, 0.2787, 0.0867, 0.1288, 0.1603, 0.2867, 0.2133, 0.0444,
        0.6375, 0.8667, 0.6548, 0.7739, 0.9264, 0.5259, 0.3905, 0.3067, 0.7917,
        0.5718, 0.0000, 0.0000, 0.0000, 0.3083, 0.0000, 0.0000, 0.5208, 0.0000,
        0.0000, 0.0133, 0.0000, 0.0000, 0.0000, 0.0000, 0.0000, 0.0000, 0.0872,
        0.0000, 0.0000, 0.8406, 0.0000, 0.0000, 0.0000, 0.0667])
tensor([0.0000, 0.3736, 0.3653, 0.1467, 0.1364, 0.1540, 0.2800, 0.2333, 0.0467,
        0.6604, 0.8576, 0.6643, 0.7754, 0.9292, 0.6741, 0.4476, 0.5067, 0.7750,
        0.5538, 0.0000, 0.0000, 0.0000, 0.3917, 0.0000, 0.0000, 0.5500, 0.0000,
        0.0000, 0.0200, 0.0000, 0.0000, 0.0000, 0.0000, 0.0000, 0.0000, 0.1513,
        0.0000, 0.0000, 0.8391, 0.0000, 0.0000, 0.0500, 0.1000])
tensor([0.0000, 0.4069, 0.3293, 0.1578, 0.1621, 0.1413, 0.2667, 0.2511, 0.0511,
        0.6938, 0.8682, 0.6786, 0.7725, 0.9319, 0.6222, 0.4810, 0.5533, 0.8389,
        0.5436, 0.0000, 0.0000, 0.0111, 0.4750, 0.0000, 0.0000, 0.5833, 0.0056,
        0.0000, 0.0333, 0.0000, 0.0000, 0.0000, 0.0667, 0.0048, 0.0000, 0.2949,
        0.0000, 0.0000, 0.8130, 0.0000, 0.0000, 0.1667, 0.1222])
tensor([0.0000, 0.4361, 0.2947, 0.1778, 0.1939, 0.1127, 0.2733, 0.2844, 0.0622,
        0.7000, 0.8727, 0.6762, 0.7783, 0.9333, 0.7370, 0.5143, 0.6067, 0.8500,
        0.5436, 0.0000, 0.0000, 0.0778, 0.5417, 0.0000, 0.0000, 0.6000, 0.0500,
        0.0000, 0.0467, 0.0000, 0.0000, 0.0000, 0.2000, 0.0143, 0.0000, 0.3564,
        0.0000, 0.0000, 0.7986, 0.0000, 0.0000, 0.3667, 0.1333])
tensor([0.0000, 0.4333, 0.2947, 0.2089, 0.2379, 0.1016, 0.3267, 0.3200, 0.0822,
        0.7042, 0.8667, 0.6905, 0.7681, 0.9361, 0.7444, 0.6571, 0.6333, 0.8806,
        0.5333, 0.0000, 0.0000, 0.1333, 0.6000, 0.0000, 0.0000, 0.6125, 0.0833,
        0.0000, 0.1133, 0.0000, 0.0000, 0.0222, 0.4500, 0.0238, 0.0000, 0.3769,
        0.0000, 0.0000, 0.7957, 0.0000, 0.0000, 0.5500, 0.0889])
tensor([0.0000, 0.4319, 0.3267, 0.2200, 0.2576, 0.1175, 0.3533, 0.3333, 0.0800,
        0.7271, 0.8682, 0.6881, 0.7623, 0.9361, 0.8148, 0.7619, 0.6400, 0.9056,
        0.5333, 0.0000, 0.0000, 0.2000, 0.6167, 0.0000, 0.0000, 0.5938, 0.1389,
        0.0000, 0.1333, 0.0000, 0.0000, 0.0815, 0.5833, 0.0667, 0.0000, 0.4513,
        0.0000, 0.0000, 0.7884, 0.0000, 0.0000, 0.6000, 0.0778])
tensor([0.0000, 0.4458, 0.3467, 0.2511, 0.2455, 0.0968, 0.3600, 0.3822, 0.1400,
        0.7396, 0.8470, 0.7167, 0.7594, 0.9417, 0.8519, 0.7714, 0.6333, 0.9083,
        0.5462, 0.0000, 0.0000, 0.2333, 0.6417, 0.0000, 0.0000, 0.5583, 0.1889,
        0.0000, 0.2067, 0.0111, 0.0000, 0.2556, 0.5833, 0.0714, 0.0000, 0.4641,
        0.0000, 0.0000, 0.8130, 0.0000, 0.0000, 0.6833, 0.0778])
tensor([0.0000, 0.4625, 0.3667, 0.2733, 0.2939, 0.1175, 0.4200, 0.3933, 0.1133,
        0.7583, 0.8576, 0.7190, 0.7565, 0.9486, 0.8778, 0.8714, 0.6400, 0.9222,
        0.5308, 0.0000, 0.0000, 0.2667, 0.6833, 0.0133, 0.0000, 0.5813, 0.2500,
        0.0000, 0.2600, 0.0889, 0.0200, 0.3815, 0.5667, 0.1238, 0.0000, 0.5282,
        0.0000, 0.0000, 0.8072, 0.0000, 0.0000, 0.7000, 0.0556])
tensor([0.0000, 0.4833, 0.3427, 0.3378, 0.3394, 0.1556, 0.4200, 0.3933, 0.1089,
        0.7583, 0.8591, 0.7595, 0.7478, 0.9486, 0.9037, 0.9190, 0.6667, 0.9167,
        0.5282, 0.0000, 0.0000, 0.2778, 0.7000, 0.0133, 0.0000, 0.5813, 0.2889,
        0.0000, 0.3267, 0.0889, 0.0533, 0.4667, 0.5167, 0.1667, 0.0000, 0.5769,
        0.0000, 0.0000, 0.7942, 0.1333, 0.0000, 0.7000, 0.0667])
tensor([0.0000, 0.4486, 0.3907, 0.3822, 0.3455, 0.1635, 0.4067, 0.4244, 0.1333,
        0.7563, 0.8500, 0.7667, 0.7478, 0.9514, 0.8926, 0.9238, 0.6867, 0.9306,
        0.5667, 0.0000, 0.0000, 0.2778, 0.7333, 0.0133, 0.0000, 0.5771, 0.3278,
        0.0000, 0.3667, 0.1556, 0.0867, 0.5333, 0.4500, 0.2524, 0.0000, 0.5949,
        0.0083, 0.0167, 0.8174, 0.3222, 0.0000, 0.6833, 0.0556])
tensor([0.0000, 0.4278, 0.4293, 0.3844, 0.4273, 0.1810, 0.4400, 0.4200, 0.1533,
        0.7667, 0.8470, 0.7833, 0.7377, 0.9528, 0.8963, 0.9476, 0.6867, 0.9250,
        0.5615, 0.0000, 0.0000, 0.3000, 0.7833, 0.0133, 0.0000, 0.5896, 0.4000,
        0.0000, 0.4333, 0.1667, 0.1467, 0.5667, 0.4500, 0.4000, 0.0583, 0.6359,
        0.1250, 0.0500, 0.8087, 0.4889, 0.1222, 0.6500, 0.0778])
tensor([0.0000, 0.4097, 0.4440, 0.4378, 0.4636, 0.2365, 0.4333, 0.4089, 0.1689,
        0.7521, 0.8515, 0.7524, 0.7319, 0.9542, 0.9000, 0.8905, 0.7133, 0.9333,
        0.6026, 0.0167, 0.0000, 0.2778, 0.8083, 0.0467, 0.0000, 0.6104, 0.4444,
        0.0000, 0.4400, 0.1778, 0.1333, 0.5889, 0.4333, 0.5714, 0.1917, 0.6564,
        0.2417, 0.0500, 0.8217, 0.5778, 0.2111, 0.6667, 0.0778])
tensor([0.0000, 0.3972, 0.4773, 0.4800, 0.4833, 0.2683, 0.4800, 0.4133, 0.2022,
        0.7750, 0.8409, 0.7548, 0.7246, 0.9542, 0.9222, 0.9238, 0.7333, 0.9306,
        0.6154, 0.0167, 0.0000, 0.2778, 0.8167, 0.0600, 0.0000, 0.6542, 0.4722,
        0.0000, 0.5133, 0.1889, 0.1267, 0.6074, 0.4333, 0.7238, 0.3000, 0.6974,
        0.3583, 0.1667, 0.8261, 0.6333, 0.3111, 0.6333, 0.1556])
tensor([0.0000, 0.4181, 0.4933, 0.5600, 0.5530, 0.2651, 0.4733, 0.3800, 0.2356,
        0.7750, 0.8409, 0.7524, 0.7290, 0.9528, 0.9222, 0.9190, 0.7600, 0.9444,
        0.6205, 0.0167, 0.0000, 0.2889, 0.8667, 0.1400, 0.0000, 0.6708, 0.5222,
        0.0167, 0.5333, 0.2556, 0.1133, 0.6444, 0.4667, 0.7476, 0.4917, 0.7564,
        0.4917, 0.2667, 0.8406, 0.6444, 0.4333, 0.6333, 0.2000])
tensor([0.0167, 0.4458, 0.4667, 0.5956, 0.5500, 0.3079, 0.4800, 0.3956, 0.2689,
        0.7875, 0.8364, 0.7357, 0.7406, 0.9528, 0.9296, 0.9476, 0.7600, 0.9500,
        0.6462, 0.0167, 0.0000, 0.3111, 0.8833, 0.1600, 0.0000, 0.7000, 0.5111,
        0.0167, 0.5733, 0.2667, 0.1533, 0.6630, 0.4833, 0.8000, 0.6167, 0.7923,
        0.5667, 0.3000, 0.8493, 0.6667, 0.4889, 0.6333, 0.2556])
tensor([0.0000, 0.4486, 0.4760, 0.6156, 0.5939, 0.3444, 0.5133, 0.3911, 0.2644,
        0.7875, 0.8348, 0.7429, 0.7507, 0.9569, 0.9333, 0.9476, 0.7667, 0.9528,
        0.6308, 0.0167, 0.0000, 0.3111, 0.8833, 0.2267, 0.0000, 0.7188, 0.5222,
        0.0333, 0.6467, 0.3000, 0.1267, 0.6815, 0.5167, 0.8286, 0.7500, 0.8256,
        0.5917, 0.5333, 0.8638, 0.6667, 0.5444, 0.6500, 0.2778])
tensor([0.0000, 0.4472, 0.5173, 0.6356, 0.6000, 0.3429, 0.5200, 0.3867, 0.2911,
        0.7979, 0.8258, 0.7548, 0.7565, 0.9542, 0.9259, 0.9524, 0.7933, 0.9611,
        0.6513, 0.0167, 0.0000, 0.3222, 0.8833, 0.3600, 0.0000, 0.7542, 0.4889,
        0.0500, 0.7000, 0.2778, 0.1667, 0.6852, 0.5667, 0.8143, 0.7833, 0.8487,
        0.6167, 0.6000, 0.8768, 0.6889, 0.5778, 0.6333, 0.2778])
tensor([0.0000, 0.4472, 0.5467, 0.6533, 0.6030, 0.3460, 0.5267, 0.3844, 0.3044,
        0.8104, 0.8227, 0.7667, 0.7667, 0.9528, 0.9370, 0.9524, 0.8000, 0.9528,
        0.6179, 0.0167, 0.0000, 0.3222, 0.8917, 0.4800, 0.0000, 0.7812, 0.5111,
        0.0833, 0.7000, 0.3111, 0.1867, 0.7222, 0.6667, 0.8333, 0.8167, 0.8615,
        0.6333, 0.6167, 0.8812, 0.7778, 0.6000, 0.6167, 0.3778])
tensor([0.0000, 0.4653, 0.5627, 0.6644, 0.6152, 0.3746, 0.5600, 0.3956, 0.3133,
        0.8188, 0.8136, 0.7738, 0.7710, 0.9528, 0.9333, 0.9524, 0.8067, 0.9583,
        0.6256, 0.0000, 0.0111, 0.2889, 0.9000, 0.5333, 0.1111, 0.7833, 0.4944,
        0.1333, 0.7133, 0.3111, 0.1667, 0.7148, 0.7333, 0.8381, 0.8167, 0.8872,
        0.6500, 0.7333, 0.8826, 0.8111, 0.6000, 0.6167, 0.3111])
tensor([0.0000, 0.4903, 0.5720, 0.6756, 0.5788, 0.3746, 0.5867, 0.4067, 0.3356,
        0.8250, 0.8288, 0.7857, 0.7725, 0.9528, 0.9370, 0.9571, 0.8067, 0.9611,
        0.6282, 0.0167, 0.0111, 0.3000, 0.8917, 0.5000, 0.1111, 0.7875, 0.5056,
        0.1333, 0.7200, 0.3778, 0.2067, 0.7259, 0.7167, 0.8333, 0.8667, 0.8897,
        0.6583, 0.7667, 0.8957, 0.8222, 0.6000, 0.6167, 0.3556])
tensor([0.0000, 0.5097, 0.5573, 0.7044, 0.6121, 0.4016, 0.5867, 0.4044, 0.3289,
        0.8313, 0.8273, 0.7976, 0.7768, 0.9528, 0.9407, 0.9714, 0.8133, 0.9667,
        0.6308, 0.0000, 0.0222, 0.2889, 0.9000, 0.5733, 0.1444, 0.7875, 0.5056,
        0.1833, 0.7400, 0.4222, 0.1800, 0.7481, 0.7333, 0.8381, 0.8917, 0.8923,
        0.6667, 0.8000, 0.9000, 0.8556, 0.6111, 0.6167, 0.3667])
tensor([0.0500, 0.5208, 0.5720, 0.7133, 0.6000, 0.4111, 0.5867, 0.4178, 0.3422,
        0.8396, 0.8288, 0.7976, 0.7812, 0.9528, 0.9444, 0.9619, 0.8267, 0.9667,
        0.6282, 0.0000, 0.0111, 0.2778, 0.9083, 0.5533, 0.2000, 0.8021, 0.5167,
        0.1833, 0.7333, 0.4111, 0.2467, 0.7333, 0.7500, 0.8524, 0.8917, 0.8974,
        0.6750, 0.8000, 0.9029, 0.8556, 0.6222, 0.6167, 0.4000])
tensor([0.0333, 0.5153, 0.5987, 0.7200, 0.6470, 0.4095, 0.6133, 0.4222, 0.3556,
        0.8792, 0.8136, 0.7976, 0.7870, 0.9542, 0.9370, 0.9619, 0.8333, 0.9694,
        0.6333, 0.0500, 0.0333, 0.2889, 0.9083, 0.5467, 0.2222, 0.7979, 0.5111,
        0.2000, 0.7400, 0.4444, 0.2133, 0.7259, 0.7833, 0.8714, 0.9083, 0.8974,
        0.6833, 0.8000, 0.9174, 0.8889, 0.6556, 0.6167, 0.3889])
tensor([0.0667, 0.5458, 0.6000, 0.7311, 0.6409, 0.4111, 0.6133, 0.4511, 0.3667,
        0.8813, 0.8212, 0.8048, 0.7899, 0.9542, 0.9444, 0.9619, 0.8333, 0.9722,
        0.6179, 0.0500, 0.0222, 0.3111, 0.9250, 0.5533, 0.2444, 0.8042, 0.5389,
        0.1833, 0.7533, 0.4778, 0.2267, 0.7481, 0.8500, 0.8762, 0.9083, 0.9051,
        0.6833, 0.8000, 0.9232, 0.8889, 0.6222, 0.6167, 0.5444])
tensor([0.0667, 0.5736, 0.6147, 0.7467, 0.6258, 0.4317, 0.6267, 0.4467, 0.3600,
        0.8813, 0.8318, 0.8071, 0.7942, 0.9528, 0.9556, 0.9619, 0.8333, 0.9722,
        0.6256, 0.0500, 0.0222, 0.3222, 0.9250, 0.5533, 0.2333, 0.8125, 0.5222,
        0.2000, 0.7400, 0.5333, 0.2533, 0.7481, 0.8500, 0.8905, 0.9083, 0.9051,
        0.6833, 0.8333, 0.9217, 0.8889, 0.6111, 0.6000, 0.5667])
tensor([0.0667, 0.5819, 0.6227, 0.7756, 0.6379, 0.4429, 0.6333, 0.4756, 0.3622,
        0.9062, 0.8303, 0.8048, 0.7884, 0.9528, 0.9556, 0.9619, 0.8400, 0.9750,
        0.6333, 0.0500, 0.0333, 0.3111, 0.9250, 0.5733, 0.2556, 0.8125, 0.5278,
        0.1833, 0.7533, 0.5444, 0.2400, 0.7593, 0.8333, 0.8714, 0.9083, 0.9154,
        0.6917, 0.8333, 0.9275, 0.9222, 0.6111, 0.6167, 0.5333])
tensor([0.0500, 0.5889, 0.6240, 0.8000, 0.6409, 0.4667, 0.6200, 0.4600, 0.3800,
        0.9062, 0.8424, 0.8143, 0.8000, 0.9556, 0.9556, 0.9619, 0.8400, 0.9750,
        0.6359, 0.0167, 0.0222, 0.3222, 0.9250, 0.5400, 0.2444, 0.8167, 0.5222,
        0.2000, 0.7467, 0.5444, 0.2667, 0.7593, 0.9000, 0.9000, 0.9250, 0.9128,
        0.6917, 0.8667, 0.9275, 0.9000, 0.6111, 0.6167, 0.6222])
tensor([0.0667, 0.6097, 0.6373, 0.8044, 0.6364, 0.4698, 0.6267, 0.4844, 0.3911,
        0.9062, 0.8515, 0.8024, 0.8043, 0.9611, 0.9630, 0.9571, 0.8467, 0.9750,
        0.6462, 0.0333, 0.0667, 0.3333, 0.9250, 0.5800, 0.2667, 0.8167, 0.5222,
        0.2000, 0.7267, 0.6111, 0.2733, 0.7593, 0.9167, 0.9000, 0.9250, 0.9205,
        0.6917, 0.8667, 0.9246, 0.9111, 0.6111, 0.5833, 0.6111])
tensor([0.0667, 0.6222, 0.6347, 0.7978, 0.6288, 0.4841, 0.6200, 0.4956, 0.4333,
        0.9292, 0.8379, 0.8190, 0.8000, 0.9583, 0.9667, 0.9714, 0.8467, 0.9694,
        0.6385, 0.0500, 0.0333, 0.3222, 0.9250, 0.5867, 0.2556, 0.8146, 0.5556,
        0.2000, 0.7333, 0.6111, 0.2733, 0.7630, 0.9167, 0.9048, 0.9333, 0.9179,
        0.6917, 0.8833, 0.9290, 0.9444, 0.6222, 0.5833, 0.6333])
tensor([0.0667, 0.6264, 0.6507, 0.8022, 0.6788, 0.4698, 0.6000, 0.5067, 0.4267,
        0.9250, 0.8515, 0.8024, 0.8000, 0.9597, 0.9630, 0.9571, 0.8533, 0.9667,
        0.6462, 0.1667, 0.0778, 0.3778, 0.9250, 0.5667, 0.2889, 0.8250, 0.5333,
        0.2000, 0.7200, 0.6556, 0.2733, 0.7519, 0.9333, 0.9048, 0.9333, 0.9205,
        0.6917, 0.9333, 0.9304, 0.9444, 0.6000, 0.6333, 0.6556])
tensor([0.0667, 0.6514, 0.6400, 0.8067, 0.6712, 0.5111, 0.6133, 0.5000, 0.4378,
        0.9312, 0.8606, 0.8071, 0.8000, 0.9597, 0.9704, 0.9667, 0.8600, 0.9667,
        0.6590, 0.0333, 0.0778, 0.3556, 0.9333, 0.6267, 0.2778, 0.8250, 0.5333,
        0.2000, 0.7333, 0.6889, 0.2667, 0.7667, 0.9667, 0.9048, 0.9417, 0.9308,
        0.6917, 0.9333, 0.9232, 0.9333, 0.5889, 0.5833, 0.6556])
tensor([0.0667, 0.6597, 0.6520, 0.8156, 0.6561, 0.5175, 0.6267, 0.4933, 0.4689,
        0.9333, 0.8636, 0.8095, 0.8058, 0.9597, 0.9704, 0.9714, 0.8600, 0.9667,
        0.6590, 0.1333, 0.0556, 0.4000, 0.9333, 0.5867, 0.2333, 0.8292, 0.5333,
        0.2000, 0.7267, 0.7222, 0.3000, 0.7667, 0.9667, 0.9095, 0.9417, 0.9282,
        0.6917, 0.9333, 0.9232, 0.9333, 0.5778, 0.6167, 0.6667])
tensor([0.0667, 0.6625, 0.6640, 0.8200, 0.6591, 0.5016, 0.6133, 0.5267, 0.4889,
        0.9438, 0.8652, 0.7952, 0.8072, 0.9597, 0.9778, 0.9667, 0.8600, 0.9639,
        0.6564, 0.0500, 0.0778, 0.3889, 0.9333, 0.6133, 0.3111, 0.8271, 0.5833,
        0.2000, 0.7200, 0.7333, 0.3067, 0.7704, 0.9667, 0.9143, 0.9417, 0.9256,
        0.7000, 0.9167, 0.9261, 0.9444, 0.6111, 0.6000, 0.7111])
tensor([0.0667, 0.6708, 0.6720, 0.8178, 0.6682, 0.5222, 0.6133, 0.5267, 0.4933,
        0.9417, 0.8742, 0.7976, 0.8087, 0.9611, 0.9815, 0.9619, 0.8600, 0.9639,
        0.6538, 0.1167, 0.0889, 0.4111, 0.9333, 0.6067, 0.2333, 0.8333, 0.5722,
        0.2000, 0.7333, 0.7556, 0.3067, 0.7667, 0.9833, 0.9143, 0.9417, 0.9282,
        0.6917, 0.9333, 0.9261, 0.9444, 0.5778, 0.6333, 0.7333])
tensor([0.0833, 0.6833, 0.6800, 0.8267, 0.6712, 0.5397, 0.6267, 0.5178, 0.5578,
        0.9542, 0.8727, 0.7976, 0.8130, 0.9597, 0.9815, 0.9667, 0.8667, 0.9611,
        0.6590, 0.1000, 0.0778, 0.3778, 0.9333, 0.6200, 0.2667, 0.8354, 0.5611,
        0.2000, 0.7333, 0.7444, 0.3133, 0.7778, 0.9833, 0.9143, 0.9417, 0.9308,
        0.7000, 0.9333, 0.9261, 0.9333, 0.5889, 0.6333, 0.7222])
tensor([0.0833, 0.6986, 0.6800, 0.8333, 0.6803, 0.5349, 0.6200, 0.5378, 0.5711,
        0.9563, 0.8788, 0.7952, 0.8087, 0.9611, 0.9815, 0.9714, 0.8667, 0.9611,
        0.6718, 0.1000, 0.0778, 0.4111, 0.9333, 0.6267, 0.2889, 0.8375, 0.5500,
        0.2167, 0.7200, 0.7556, 0.3067, 0.7630, 0.9833, 0.9143, 0.9667, 0.9333,
        0.7000, 0.9333, 0.9261, 0.9444, 0.5556, 0.6333, 0.7889])
tensor([0.0833, 0.7014, 0.6800, 0.8311, 0.6742, 0.5476, 0.6200, 0.5578, 0.6378,
        0.9604, 0.8833, 0.8024, 0.8246, 0.9625, 0.9815, 0.9810, 0.8800, 0.9639,
        0.6615, 0.1667, 0.0778, 0.4111, 0.9333, 0.6133, 0.2444, 0.8354, 0.5889,
        0.2000, 0.7333, 0.7778, 0.2933, 0.7667, 0.9833, 0.9190, 0.9667, 0.9308,
        0.6917, 0.9333, 0.9261, 0.9333, 0.6000, 0.6333, 0.7778])
tensor([0.1000, 0.6931, 0.7080, 0.8400, 0.6818, 0.5556, 0.6400, 0.5622, 0.6756,
        0.9604, 0.8864, 0.7952, 0.8217, 0.9639, 0.9815, 0.9762, 0.8800, 0.9639,
        0.6744, 0.1333, 0.0778, 0.4111, 0.9500, 0.6467, 0.2667, 0.8396, 0.5889,
        0.2167, 0.7533, 0.7778, 0.3267, 0.7778, 0.9833, 0.9190, 0.9667, 0.9436,
        0.7083, 0.9500, 0.9275, 0.9333, 0.5333, 0.6333, 0.8111])
tensor([0.1000, 0.7042, 0.6827, 0.8422, 0.6924, 0.5810, 0.6267, 0.5578, 0.7022,
        0.9688, 0.8848, 0.7905, 0.8159, 0.9611, 0.9815, 0.9810, 0.8867, 0.9583,
        0.6795, 0.1000, 0.0778, 0.4000, 0.9500, 0.6600, 0.2556, 0.8479, 0.5722,
        0.2167, 0.7667, 0.7889, 0.3133, 0.7704, 1.0000, 0.9190, 0.9667, 0.9385,
        0.7083, 0.9500, 0.9290, 0.9444, 0.5444, 0.6333, 0.8000])
tensor([0.1000, 0.7194, 0.6907, 0.8578, 0.6894, 0.5905, 0.6467, 0.5689, 0.7267,
        0.9708, 0.8970, 0.7786, 0.8261, 0.9653, 0.9815, 0.9857, 0.8933, 0.9583,
        0.6795, 0.1167, 0.0889, 0.4111, 0.9583, 0.6600, 0.2444, 0.8500, 0.5667,
        0.2167, 0.7467, 0.8444, 0.3333, 0.7815, 0.9833, 0.9048, 0.9667, 0.9410,
        0.7083, 0.9500, 0.9261, 0.9444, 0.5111, 0.6333, 0.8000])
tensor([0.1000, 0.7222, 0.7067, 0.8556, 0.6939, 0.6079, 0.6467, 0.5711, 0.7222,
        0.9688, 0.9015, 0.7929, 0.8261, 0.9667, 0.9852, 0.9857, 0.8933, 0.9556,
        0.6795, 0.1833, 0.1444, 0.4444, 0.9500, 0.6600, 0.2667, 0.8542, 0.6000,
        0.2167, 0.7400, 0.8444, 0.2867, 0.7852, 0.9833, 0.9238, 0.9667, 0.9436,
        0.7083, 0.9500, 0.9304, 0.9222, 0.5333, 0.6333, 0.8556])
tensor([0.1000, 0.7194, 0.7387, 0.8667, 0.6985, 0.6000, 0.6400, 0.5911, 0.7511,
        0.9812, 0.9000, 0.7810, 0.8319, 0.9681, 0.9852, 0.9762, 0.8933, 0.9556,
        0.6821, 0.1333, 0.1111, 0.4111, 0.9583, 0.6600, 0.2667, 0.8604, 0.5778,
        0.2167, 0.7400, 0.8222, 0.3533, 0.7926, 0.9833, 0.9238, 0.9833, 0.9538,
        0.7083, 0.9500, 0.9333, 0.9333, 0.5111, 0.6333, 0.8556])
tensor([0.1000, 0.7361, 0.7227, 0.8800, 0.7045, 0.6286, 0.6600, 0.5822, 0.7800,
        0.9833, 0.9000, 0.7714, 0.8362, 0.9667, 0.9852, 0.9810, 0.9067, 0.9556,
        0.6795, 0.1500, 0.1333, 0.4111, 0.9583, 0.6667, 0.2556, 0.8625, 0.5944,
        0.2167, 0.7533, 0.8444, 0.3467, 0.7963, 0.9833, 0.9238, 0.9750, 0.9538,
        0.7250, 0.9333, 0.9333, 0.9444, 0.5222, 0.6667, 0.8667])
tensor([0.1167, 0.7292, 0.7467, 0.8822, 0.7242, 0.6317, 0.6533, 0.6089, 0.7711,
        0.9833, 0.9106, 0.7786, 0.8290, 0.9667, 0.9852, 0.9714, 0.9067, 0.9556,
        0.6795, 0.1500, 0.1444, 0.4222, 0.9583, 0.6733, 0.3111, 0.8708, 0.5944,
        0.2167, 0.7533, 0.8444, 0.3533, 0.8000, 0.9833, 0.9333, 0.9833, 0.9538,
        0.7083, 0.9667, 0.9348, 0.9222, 0.5556, 0.6833, 0.8667])
tensor([0.1333, 0.7319, 0.7413, 0.8800, 0.7227, 0.6524, 0.6533, 0.6111, 0.7889,
        0.9854, 0.9167, 0.7762, 0.8391, 0.9681, 0.9852, 0.9762, 0.9133, 0.9556,
        0.6846, 0.1667, 0.1667, 0.4111, 0.9500, 0.6733, 0.3000, 0.8771, 0.5778,
        0.2167, 0.7533, 0.8444, 0.3533, 0.8111, 0.9833, 0.9286, 0.9833, 0.9538,
        0.7250, 0.9667, 0.9333, 0.9444, 0.5667, 0.6667, 0.8778])
tensor([0.1500, 0.7417, 0.7267, 0.8933, 0.7212, 0.6587, 0.6733, 0.6111, 0.8044,
        0.9854, 0.9152, 0.7738, 0.8391, 0.9681, 0.9889, 0.9714, 0.9133, 0.9556,
        0.6846, 0.1667, 0.2000, 0.4333, 0.9500, 0.6667, 0.3333, 0.8854, 0.5944,
        0.2167, 0.7533, 0.8778, 0.3600, 0.8037, 0.9833, 0.9333, 0.9750, 0.9538,
        0.7250, 0.9667, 0.9333, 0.9222, 0.5556, 0.6667, 0.8778])
tensor([0.1333, 0.7556, 0.7547, 0.8956, 0.7455, 0.6619, 0.6733, 0.6244, 0.7933,
        0.9854, 0.9212, 0.7857, 0.8391, 0.9681, 0.9889, 0.9667, 0.9133, 0.9528,
        0.6846, 0.1667, 0.2111, 0.4111, 0.9583, 0.6667, 0.2556, 0.8917, 0.5778,
        0.2167, 0.7533, 0.8778, 0.3600, 0.8185, 0.9833, 0.9333, 0.9750, 0.9538,
        0.7250, 0.9500, 0.9333, 0.9444, 0.5556, 0.7000, 0.8778])
tensor([0.1500, 0.7458, 0.7747, 0.8956, 0.7318, 0.6667, 0.6800, 0.6244, 0.8000,
        0.9854, 0.9212, 0.7762, 0.8420, 0.9681, 0.9889, 0.9714, 0.9133, 0.9472,
        0.6872, 0.1667, 0.2333, 0.4333, 0.9500, 0.6667, 0.3222, 0.8896, 0.5889,
        0.2167, 0.7533, 0.8889, 0.3600, 0.8296, 0.9833, 0.9333, 0.9750, 0.9590,
        0.7250, 0.9667, 0.9304, 0.9222, 0.5778, 0.6833, 0.8778])
tensor([0.1333, 0.7500, 0.7813, 0.8978, 0.7455, 0.6698, 0.6867, 0.6311, 0.8089,
        0.9875, 0.9212, 0.7762, 0.8406, 0.9681, 0.9889, 0.9667, 0.9133, 0.9472,
        0.6872, 0.1667, 0.2556, 0.4667, 0.9583, 0.6667, 0.3000, 0.8917, 0.5944,
        0.2167, 0.7533, 0.8889, 0.3733, 0.8259, 0.9667, 0.9333, 0.9750, 0.9513,
        0.7250, 0.9667, 0.9304, 0.9222, 0.5889, 0.6833, 0.8778])
tensor([0.1500, 0.7653, 0.7773, 0.9000, 0.7606, 0.6698, 0.6600, 0.6356, 0.8244,
        0.9875, 0.9258, 0.7952, 0.8449, 0.9681, 0.9889, 0.9714, 0.9133, 0.9389,
        0.6923, 0.1667, 0.2444, 0.3889, 0.9500, 0.6667, 0.2667, 0.8979, 0.5889,
        0.2333, 0.7600, 0.8889, 0.3667, 0.8259, 1.0000, 0.9333, 0.9750, 0.9564,
        0.7333, 0.9667, 0.9333, 0.9222, 0.5556, 0.7000, 0.8889])
tensor([0.1833, 0.7736, 0.7813, 0.9000, 0.7742, 0.6794, 0.6733, 0.6356, 0.8178,
        0.9875, 0.9258, 0.7738, 0.8435, 0.9722, 0.9889, 0.9571, 0.9133, 0.9444,
        0.6949, 0.2000, 0.2556, 0.4667, 0.9500, 0.6600, 0.3556, 0.8958, 0.5889,
        0.2333, 0.7533, 0.8889, 0.3933, 0.8185, 1.0000, 0.9333, 0.9750, 0.9513,
        0.7333, 0.9667, 0.9290, 0.9000, 0.5333, 0.6833, 0.8889])
tensor([0.1833, 0.7764, 0.7920, 0.9089, 0.7667, 0.6762, 0.6867, 0.6711, 0.8156,
        0.9896, 0.9258, 0.7929, 0.8493, 0.9681, 0.9889, 0.9714, 0.9267, 0.9361,
        0.7051, 0.1667, 0.3111, 0.4556, 0.9417, 0.6733, 0.3444, 0.8979, 0.5833,
        0.2500, 0.7400, 0.8889, 0.3600, 0.8259, 0.9833, 0.9286, 0.9750, 0.9615,
        0.7333, 0.9667, 0.9304, 0.9000, 0.5111, 0.7000, 0.8889])
tensor([0.1667, 0.7903, 0.7853, 0.9067, 0.7848, 0.6937, 0.6733, 0.6533, 0.8444,
        0.9896, 0.9258, 0.7881, 0.8594, 0.9694, 0.9852, 0.9714, 0.9267, 0.9278,
        0.7026, 0.2167, 0.2889, 0.4444, 0.9500, 0.6667, 0.3222, 0.9000, 0.5778,
        0.2500, 0.7400, 0.8889, 0.4067, 0.8185, 1.0000, 0.9333, 0.9750, 0.9538,
        0.7250, 0.9667, 0.9319, 0.9111, 0.5333, 0.6833, 0.8889])
tensor([0.2000, 0.7903, 0.8147, 0.9089, 0.7773, 0.6841, 0.6933, 0.6689, 0.8533,
        0.9875, 0.9303, 0.7905, 0.8580, 0.9722, 0.9889, 0.9619, 0.9267, 0.9306,
        0.7077, 0.2000, 0.3222, 0.4556, 0.9417, 0.6667, 0.3556, 0.9000, 0.5667,
        0.2500, 0.7400, 0.8889, 0.3800, 0.8370, 0.9667, 0.9333, 0.9750, 0.9590,
        0.7417, 0.9667, 0.9290, 0.8778, 0.5333, 0.6833, 0.8889])
tensor([0.2000, 0.7944, 0.8200, 0.9200, 0.7803, 0.6889, 0.6733, 0.6756, 0.8689,
        0.9896, 0.9318, 0.7905, 0.8623, 0.9750, 0.9889, 0.9524, 0.9333, 0.9278,
        0.7000, 0.2667, 0.3556, 0.4667, 0.9417, 0.6667, 0.3778, 0.9062, 0.6000,
        0.2500, 0.7333, 0.8889, 0.4133, 0.8333, 1.0000, 0.9333, 0.9750, 0.9410,
        0.7667, 0.9667, 0.9275, 0.8778, 0.5222, 0.6833, 0.8889])
tensor([0.2000, 0.7903, 0.8240, 0.9089, 0.8015, 0.6952, 0.6800, 0.6733, 0.8644,
        0.9875, 0.9333, 0.8000, 0.8594, 0.9708, 0.9889, 0.9429, 0.9333, 0.9278,
        0.7128, 0.2500, 0.3556, 0.4556, 0.9417, 0.6667, 0.3778, 0.9125, 0.5722,
        0.2500, 0.7200, 0.8889, 0.4000, 0.8333, 1.0000, 0.9286, 0.9750, 0.9564,
        0.7417, 0.9500, 0.9348, 0.9000, 0.5333, 0.6667, 0.8889])
tensor([0.2000, 0.8056, 0.8200, 0.9133, 0.8000, 0.7048, 0.7000, 0.6978, 0.8600,
        0.9875, 0.9333, 0.8024, 0.8580, 0.9708, 0.9889, 0.9429, 0.9400, 0.9278,
        0.7128, 0.2833, 0.4111, 0.4444, 0.9333, 0.6667, 0.4111, 0.9125, 0.5722,
        0.2500, 0.7267, 0.8889, 0.4133, 0.8370, 0.9833, 0.9333, 0.9750, 0.9462,
        0.7667, 0.9667, 0.9304, 0.8778, 0.4889, 0.6833, 0.9000])
tensor([0.2000, 0.8139, 0.8333, 0.9111, 0.8045, 0.7000, 0.6933, 0.7022, 0.8644,
        0.9917, 0.9333, 0.8048, 0.8652, 0.9708, 0.9889, 0.9429, 0.9333, 0.9333,
        0.7179, 0.3000, 0.4222, 0.4556, 0.9167, 0.6867, 0.4444, 0.9125, 0.5722,
        0.2500, 0.7600, 0.8778, 0.4000, 0.8444, 1.0000, 0.9286, 0.9750, 0.9590,
        0.7750, 0.9667, 0.9333, 0.9000, 0.5444, 0.6833, 0.8889])
tensor([0.2000, 0.8236, 0.8307, 0.9200, 0.8045, 0.7079, 0.7067, 0.7089, 0.8822,
        0.9896, 0.9348, 0.8024, 0.8739, 0.9736, 0.9889, 0.9333, 0.9400, 0.9194,
        0.7128, 0.3167, 0.4333, 0.4444, 0.9333, 0.6733, 0.4111, 0.9125, 0.6167,
        0.2667, 0.7400, 0.9111, 0.4267, 0.8481, 1.0000, 0.9381, 0.9750, 0.9462,
        0.7833, 0.9833, 0.9304, 0.8667, 0.5222, 0.6833, 0.8889])
tensor([0.2000, 0.8083, 0.8573, 0.9111, 0.8091, 0.7048, 0.6667, 0.7222, 0.8822,
        0.9896, 0.9364, 0.8071, 0.8652, 0.9722, 0.9852, 0.9524, 0.9333, 0.9250,
        0.7179, 0.3333, 0.4667, 0.4556, 0.9167, 0.6933, 0.4111, 0.9146, 0.5667,
        0.3333, 0.7533, 0.8889, 0.3667, 0.8370, 1.0000, 0.9286, 0.9833, 0.9462,
        0.7750, 0.9500, 0.9391, 0.9111, 0.5333, 0.6833, 0.9000])
tensor([0.2167, 0.8306, 0.8573, 0.9178, 0.8182, 0.7222, 0.7000, 0.7178, 0.8867,
        0.9896, 0.9394, 0.8071, 0.8754, 0.9708, 0.9889, 0.9524, 0.9467, 0.9250,
        0.7179, 0.3167, 0.4333, 0.4444, 0.9167, 0.6800, 0.4444, 0.9146, 0.6444,
        0.2500, 0.7533, 0.8778, 0.4333, 0.8667, 1.0000, 0.9333, 0.9750, 0.9513,
        0.7833, 0.9833, 0.9406, 0.8667, 0.5000, 0.6833, 0.9000])
tensor([0.2500, 0.8292, 0.8507, 0.9222, 0.8152, 0.7286, 0.6733, 0.7244, 0.8933,
        0.9937, 0.9439, 0.8095, 0.8667, 0.9722, 0.9889, 0.9571, 0.9467, 0.9222,
        0.7231, 0.3833, 0.5444, 0.4556, 0.9167, 0.6733, 0.4333, 0.9167, 0.6167,
        0.3333, 0.7467, 0.9000, 0.4067, 0.8481, 1.0000, 0.9333, 0.9833, 0.9436,
        0.7917, 0.9833, 0.9377, 0.8889, 0.5333, 0.6833, 0.9000])
tensor([0.2167, 0.8403, 0.8507, 0.9200, 0.8182, 0.7317, 0.6667, 0.7378, 0.8978,
        0.9937, 0.9439, 0.8167, 0.8696, 0.9708, 0.9852, 0.9524, 0.9467, 0.9139,
        0.7205, 0.3500, 0.5222, 0.4778, 0.9333, 0.6933, 0.4111, 0.9083, 0.5944,
        0.3500, 0.7600, 0.8889, 0.4333, 0.8296, 1.0000, 0.9333, 0.9833, 0.9436,
        0.7750, 0.9833, 0.9406, 0.8778, 0.5444, 0.6833, 0.9000])
tensor([0.2167, 0.8417, 0.8640, 0.9289, 0.8212, 0.7317, 0.6733, 0.7467, 0.8978,
        0.9917, 0.9439, 0.8214, 0.8710, 0.9722, 0.9852, 0.9524, 0.9533, 0.9194,
        0.7231, 0.3500, 0.5556, 0.5000, 0.9333, 0.6867, 0.4667, 0.9167, 0.6500,
        0.3167, 0.7533, 0.9000, 0.4200, 0.8519, 1.0000, 0.9381, 0.9750, 0.9487,
        0.7917, 0.9833, 0.9348, 0.8333, 0.5444, 0.6667, 0.9111])
tensor([0.2667, 0.8500, 0.8653, 0.9356, 0.8288, 0.7286, 0.6600, 0.7556, 0.8933,
        0.9937, 0.9500, 0.8310, 0.8812, 0.9708, 0.9889, 0.9667, 0.9533, 0.9139,
        0.7282, 0.3500, 0.5556, 0.5222, 0.9167, 0.6800, 0.4444, 0.9146, 0.6389,
        0.3667, 0.7467, 0.9000, 0.4400, 0.8556, 1.0000, 0.9286, 0.9750, 0.9385,
        0.7833, 0.9833, 0.9391, 0.8778, 0.5333, 0.6667, 0.9000])
tensor([0.2500, 0.8569, 0.8600, 0.9222, 0.8258, 0.7397, 0.6800, 0.7733, 0.9000,
        0.9937, 0.9530, 0.8262, 0.8797, 0.9750, 0.9852, 0.9571, 0.9533, 0.9250,
        0.7231, 0.3333, 0.5667, 0.5444, 0.9167, 0.6800, 0.4444, 0.9146, 0.6722,
        0.2833, 0.7667, 0.9000, 0.4333, 0.8667, 1.0000, 0.9095, 0.9833, 0.9487,
        0.7917, 0.9833, 0.9362, 0.8889, 0.5222, 0.6667, 0.9000])
tensor([0.2667, 0.8625, 0.8693, 0.9289, 0.8288, 0.7365, 0.6667, 0.7711, 0.8978,
        0.9937, 0.9515, 0.8286, 0.8826, 0.9750, 0.9852, 0.9571, 0.9533, 0.9194,
        0.7179, 0.4333, 0.5556, 0.5556, 0.9250, 0.6667, 0.4667, 0.9125, 0.6556,
        0.3500, 0.7533, 0.9000, 0.4467, 0.8704, 1.0000, 0.9333, 0.9833, 0.9513,
        0.7917, 0.9833, 0.9377, 0.8111, 0.5111, 0.6667, 0.9111])
tensor([0.2833, 0.8653, 0.8773, 0.9311, 0.8394, 0.7349, 0.6533, 0.7689, 0.9000,
        0.9917, 0.9545, 0.8333, 0.8841, 0.9778, 0.9852, 0.9524, 0.9533, 0.9139,
        0.7205, 0.3500, 0.5778, 0.5667, 0.9250, 0.6933, 0.4778, 0.9146, 0.6278,
        0.3667, 0.7600, 0.9000, 0.4267, 0.8593, 1.0000, 0.9143, 0.9833, 0.9538,
        0.7917, 0.9833, 0.9391, 0.8778, 0.5111, 0.6667, 0.9111])
tensor([0.2667, 0.8681, 0.8747, 0.9311, 0.8333, 0.7476, 0.6400, 0.7867, 0.9000,
        0.9917, 0.9545, 0.8333, 0.8899, 0.9736, 0.9852, 0.9571, 0.9533, 0.9167,
        0.7282, 0.3000, 0.5889, 0.5667, 0.9000, 0.6867, 0.4778, 0.9104, 0.6167,
        0.3500, 0.7600, 0.8889, 0.4600, 0.8704, 1.0000, 0.9238, 0.9833, 0.9538,
        0.7917, 0.9833, 0.9420, 0.8778, 0.5333, 0.6500, 0.9111])
tensor([0.2833, 0.8653, 0.8760, 0.9356, 0.8455, 0.7571, 0.6600, 0.7756, 0.9067,
        0.9937, 0.9591, 0.8310, 0.8884, 0.9750, 0.9852, 0.9524, 0.9533, 0.9167,
        0.7256, 0.4333, 0.6556, 0.5556, 0.9000, 0.6800, 0.4667, 0.9208, 0.6833,
        0.3667, 0.7533, 0.9111, 0.4133, 0.8704, 1.0000, 0.9286, 0.9833, 0.9436,
        0.7917, 0.9833, 0.9435, 0.9000, 0.5556, 0.6500, 0.9111])
tensor([0.2833, 0.8694, 0.8787, 0.9311, 0.8515, 0.7619, 0.6800, 0.7956, 0.9000,
        0.9937, 0.9576, 0.8333, 0.8899, 0.9750, 0.9852, 0.9571, 0.9533, 0.9111,
        0.7308, 0.4333, 0.6222, 0.6111, 0.8917, 0.6867, 0.5556, 0.9167, 0.6222,
        0.4000, 0.7667, 0.9111, 0.4800, 0.8741, 1.0000, 0.9190, 0.9833, 0.9513,
        0.7917, 0.9833, 0.9464, 0.8778, 0.5556, 0.6667, 0.9111])
tensor([0.2833, 0.8736, 0.8800, 0.9356, 0.8545, 0.7667, 0.6267, 0.7867, 0.9044,
        0.9937, 0.9561, 0.8333, 0.8913, 0.9750, 0.9852, 0.9524, 0.9533, 0.9083,
        0.7487, 0.3833, 0.6556, 0.6000, 0.8917, 0.6867, 0.4444, 0.9187, 0.6500,
        0.3500, 0.7600, 0.9111, 0.4200, 0.8630, 1.0000, 0.9286, 0.9833, 0.9487,
        0.8000, 0.9833, 0.9449, 0.9111, 0.5889, 0.6667, 0.9111])
tensor([0.2833, 0.8764, 0.8893, 0.9467, 0.8515, 0.7635, 0.6400, 0.7956, 0.9044,
        0.9937, 0.9576, 0.8429, 0.8870, 0.9778, 0.9889, 0.9524, 0.9533, 0.9083,
        0.7256, 0.4500, 0.6556, 0.6444, 0.8833, 0.6867, 0.5222, 0.9187, 0.7000,
        0.3833, 0.7467, 0.9111, 0.4533, 0.8704, 1.0000, 0.9143, 0.9833, 0.9564,
        0.8250, 0.9833, 0.9449, 0.9222, 0.5556, 0.6500, 0.9222])
tensor([0.2833, 0.8764, 0.8907, 0.9333, 0.8636, 0.7714, 0.6467, 0.7867, 0.9044,
        0.9937, 0.9576, 0.8333, 0.8942, 0.9778, 0.9852, 0.9524, 0.9533, 0.9139,
        0.7333, 0.3333, 0.6333, 0.6556, 0.8917, 0.6867, 0.5222, 0.9250, 0.7222,
        0.3667, 0.7667, 0.9111, 0.4667, 0.8741, 1.0000, 0.9333, 0.9833, 0.9590,
        0.7917, 0.9833, 0.9464, 0.8778, 0.5444, 0.6333, 0.9333])
tensor([0.2833, 0.8861, 0.8880, 0.9400, 0.8636, 0.7667, 0.6733, 0.8089, 0.9089,
        0.9937, 0.9576, 0.8357, 0.8928, 0.9764, 0.9852, 0.9571, 0.9533, 0.9194,
        0.7436, 0.4333, 0.6556, 0.6667, 0.8833, 0.6867, 0.5222, 0.9208, 0.7056,
        0.4000, 0.7667, 0.9111, 0.4600, 0.8741, 1.0000, 0.9381, 0.9750, 0.9487,
        0.7917, 0.9833, 0.9478, 0.8556, 0.5889, 0.6500, 0.9111])
tensor([0.3000, 0.8861, 0.8920, 0.9533, 0.8727, 0.7683, 0.6467, 0.7933, 0.9089,
        0.9937, 0.9591, 0.8500, 0.8986, 0.9750, 0.9852, 0.9571, 0.9533, 0.9167,
        0.7615, 0.3833, 0.6889, 0.6556, 0.8917, 0.7000, 0.5556, 0.9167, 0.6611,
        0.3833, 0.7867, 0.9111, 0.4200, 0.8630, 1.0000, 0.9238, 0.9833, 0.9590,
        0.8250, 0.9833, 0.9478, 0.8778, 0.5889, 0.6333, 0.9444])
tensor([0.3167, 0.8917, 0.8840, 0.9422, 0.8621, 0.7841, 0.6533, 0.8267, 0.9089,
        0.9937, 0.9591, 0.8357, 0.8971, 0.9778, 0.9852, 0.9524, 0.9533, 0.9167,
        0.7385, 0.4167, 0.7000, 0.6556, 0.8917, 0.6867, 0.5000, 0.9146, 0.6833,
        0.4000, 0.7667, 0.9222, 0.4733, 0.8741, 1.0000, 0.9238, 0.9833, 0.9538,
        0.7917, 0.9833, 0.9493, 0.9222, 0.5444, 0.6333, 0.9222])
tensor([0.3500, 0.8972, 0.8907, 0.9489, 0.8712, 0.7714, 0.6667, 0.8178, 0.9133,
        0.9917, 0.9621, 0.8476, 0.9072, 0.9778, 0.9852, 0.9524, 0.9533, 0.9194,
        0.7410, 0.4167, 0.6889, 0.6333, 0.8833, 0.7067, 0.4778, 0.9208, 0.7222,
        0.3833, 0.7800, 0.9111, 0.4667, 0.8704, 1.0000, 0.9095, 0.9833, 0.9564,
        0.8083, 0.9833, 0.9478, 0.8667, 0.5778, 0.6500, 0.9111])
tensor([0.3167, 0.8972, 0.9013, 0.9489, 0.8712, 0.7778, 0.6400, 0.8244, 0.9156,
        0.9958, 0.9561, 0.8524, 0.9029, 0.9750, 0.9852, 0.9571, 0.9533, 0.9056,
        0.7564, 0.3833, 0.7111, 0.6444, 0.8917, 0.7133, 0.5556, 0.9146, 0.7111,
        0.3833, 0.7867, 0.9111, 0.4667, 0.8630, 1.0000, 0.9190, 0.9833, 0.9564,
        0.8250, 0.9833, 0.9493, 0.8667, 0.5778, 0.6667, 0.9444])
tensor([0.4333, 0.8917, 0.8960, 0.9556, 0.8773, 0.7841, 0.6467, 0.8289, 0.9133,
        0.9917, 0.9606, 0.8595, 0.9072, 0.9778, 0.9852, 0.9571, 0.9533, 0.9028,
        0.7410, 0.3667, 0.7222, 0.6667, 0.8917, 0.7067, 0.4889, 0.9229, 0.7056,
        0.4167, 0.7800, 0.9222, 0.4733, 0.8667, 1.0000, 0.9238, 0.9750, 0.9513,
        0.8167, 0.9833, 0.9536, 0.8889, 0.5889, 0.6833, 0.9444])
tensor([0.4333, 0.8931, 0.8880, 0.9511, 0.8773, 0.7905, 0.6600, 0.8289, 0.9200,
        0.9937, 0.9606, 0.8667, 0.9072, 0.9764, 0.9852, 0.9571, 0.9533, 0.9056,
        0.7513, 0.4500, 0.7222, 0.6333, 0.8917, 0.7067, 0.6000, 0.9333, 0.7222,
        0.3667, 0.7867, 0.9111, 0.4867, 0.8815, 1.0000, 0.9238, 0.9750, 0.9564,
        0.8167, 0.9833, 0.9536, 0.8667, 0.5778, 0.6333, 0.9444])
tensor([0.3833, 0.9028, 0.9000, 0.9600, 0.8864, 0.7810, 0.6267, 0.8333, 0.9111,
        0.9937, 0.9591, 0.8595, 0.9116, 0.9778, 0.9852, 0.9571, 0.9533, 0.9167,
        0.7641, 0.4833, 0.7333, 0.6333, 0.8917, 0.7067, 0.5000, 0.9208, 0.7056,
        0.4167, 0.7867, 0.9222, 0.4733, 0.8667, 1.0000, 0.9333, 0.9833, 0.9538,
        0.8417, 0.9833, 0.9507, 0.8778, 0.5889, 0.6667, 0.9444])
tensor([0.4333, 0.9042, 0.9027, 0.9511, 0.8879, 0.7762, 0.6533, 0.8311, 0.9178,
        0.9937, 0.9591, 0.8714, 0.9087, 0.9778, 0.9926, 0.9476, 0.9533, 0.9167,
        0.7564, 0.4167, 0.7333, 0.6556, 0.8917, 0.7200, 0.6111, 0.9354, 0.7222,
        0.3500, 0.7800, 0.9222, 0.4533, 0.8815, 1.0000, 0.9333, 0.9750, 0.9564,
        0.8167, 0.9833, 0.9522, 0.8889, 0.5778, 0.6333, 0.9444])
tensor([0.4167, 0.9028, 0.8973, 0.9533, 0.8848, 0.7873, 0.6533, 0.8467, 0.9111,
        0.9937, 0.9591, 0.8690, 0.9145, 0.9778, 0.9889, 0.9524, 0.9533, 0.9056,
        0.7590, 0.3833, 0.7444, 0.6667, 0.8917, 0.7200, 0.5556, 0.9292, 0.6889,
        0.4167, 0.7867, 0.9222, 0.4800, 0.8815, 1.0000, 0.9333, 0.9750, 0.9564,
        0.8167, 0.9833, 0.9565, 0.9000, 0.5778, 0.6833, 0.9444])
tensor([0.4833, 0.8972, 0.9000, 0.9578, 0.8894, 0.7905, 0.6267, 0.8378, 0.9178,
        0.9937, 0.9606, 0.8619, 0.9072, 0.9778, 0.9889, 0.9571, 0.9533, 0.8972,
        0.7615, 0.4500, 0.7333, 0.6556, 0.8917, 0.7200, 0.5333, 0.9250, 0.7056,
        0.3833, 0.8000, 0.9111, 0.4733, 0.8741, 1.0000, 0.9238, 0.9833, 0.9564,
        0.8333, 0.9833, 0.9522, 0.9000, 0.5778, 0.6667, 0.9444])
tensor([0.4500, 0.9028, 0.8920, 0.9467, 0.8939, 0.7889, 0.6467, 0.8489, 0.9244,
        0.9937, 0.9621, 0.8667, 0.9145, 0.9778, 0.9889, 0.9476, 0.9533, 0.9111,
        0.7513, 0.4167, 0.7556, 0.6667, 0.8917, 0.7200, 0.5111, 0.9312, 0.7222,
        0.4000, 0.8000, 0.9111, 0.4733, 0.8815, 1.0000, 0.9333, 0.9750, 0.9564,
        0.8167, 0.9833, 0.9565, 0.8778, 0.5778, 0.6500, 0.9444])
tensor([0.4833, 0.8958, 0.9093, 0.9556, 0.8970, 0.7841, 0.6533, 0.8489, 0.9200,
        0.9937, 0.9606, 0.8786, 0.9130, 0.9792, 0.9889, 0.9524, 0.9533, 0.9167,
        0.7641, 0.4500, 0.7556, 0.6667, 0.8917, 0.7267, 0.6222, 0.9229, 0.7056,
        0.4167, 0.8000, 0.9111, 0.4600, 0.8852, 1.0000, 0.9238, 0.9833, 0.9564,
        0.8167, 0.9833, 0.9551, 0.9000, 0.5778, 0.6833, 0.9444])
tensor([0.4500, 0.9111, 0.9000, 0.9600, 0.8955, 0.8000, 0.6333, 0.8489, 0.9178,
        0.9937, 0.9636, 0.8667, 0.9116, 0.9792, 0.9889, 0.9619, 0.9533, 0.9111,
        0.7641, 0.5000, 0.8111, 0.7000, 0.8917, 0.7333, 0.5667, 0.9271, 0.6944,
        0.4000, 0.8000, 0.9111, 0.4667, 0.8815, 1.0000, 0.9333, 0.9833, 0.9538,
        0.8250, 0.9833, 0.9594, 0.8778, 0.5778, 0.6667, 0.9444])
tensor([0.5000, 0.8986, 0.9107, 0.9533, 0.8985, 0.8000, 0.6400, 0.8511, 0.9222,
        0.9937, 0.9606, 0.8905, 0.9159, 0.9792, 0.9889, 0.9571, 0.9533, 0.9111,
        0.7667, 0.5000, 0.8111, 0.6444, 0.9000, 0.7267, 0.5889, 0.9271, 0.7056,
        0.4000, 0.7933, 0.9222, 0.4600, 0.8889, 1.0000, 0.9286, 0.9833, 0.9564,
        0.8333, 0.9833, 0.9580, 0.8889, 0.6000, 0.6833, 0.9444])
tensor([0.5000, 0.9042, 0.9093, 0.9556, 0.8970, 0.8000, 0.6267, 0.8533, 0.9222,
        0.9937, 0.9621, 0.8738, 0.9217, 0.9806, 0.9889, 0.9571, 0.9533, 0.9222,
        0.7513, 0.4667, 0.8111, 0.6778, 0.8917, 0.7333, 0.5778, 0.9250, 0.7278,
        0.4000, 0.8000, 0.9222, 0.4800, 0.8852, 1.0000, 0.9095, 0.9750, 0.9590,
        0.8167, 0.9833, 0.9609, 0.9000, 0.5778, 0.6500, 0.9444])
tensor([0.5500, 0.9069, 0.9093, 0.9556, 0.8970, 0.8000, 0.6333, 0.8489, 0.9244,
        0.9937, 0.9606, 0.8929, 0.9188, 0.9792, 0.9889, 0.9571, 0.9600, 0.9278,
        0.7692, 0.5167, 0.8333, 0.6556, 0.9000, 0.7333, 0.5556, 0.9271, 0.7167,
        0.4000, 0.8200, 0.9111, 0.4467, 0.8852, 1.0000, 0.9190, 0.9833, 0.9513,
        0.8333, 0.9833, 0.9594, 0.9000, 0.6000, 0.6667, 0.9444])
tensor([0.5000, 0.9056, 0.9173, 0.9622, 0.8985, 0.7984, 0.6533, 0.8489, 0.9244,
        0.9937, 0.9636, 0.8833, 0.9159, 0.9778, 0.9889, 0.9571, 0.9600, 0.9222,
        0.7692, 0.4667, 0.8333, 0.6889, 0.9000, 0.7333, 0.6111, 0.9208, 0.6944,
        0.4000, 0.8200, 0.9222, 0.4733, 0.8889, 1.0000, 0.9333, 0.9833, 0.9564,
        0.8417, 0.9833, 0.9609, 0.8778, 0.6000, 0.7000, 0.9444])
tensor([0.5500, 0.9083, 0.9080, 0.9600, 0.8985, 0.8032, 0.6200, 0.8644, 0.9244,
        0.9937, 0.9682, 0.8738, 0.9232, 0.9792, 0.9852, 0.9571, 0.9600, 0.9278,
        0.7590, 0.5000, 0.8444, 0.6667, 0.9000, 0.7333, 0.6111, 0.9229, 0.7111,
        0.4000, 0.8133, 0.9111, 0.4933, 0.8926, 1.0000, 0.9238, 0.9833, 0.9564,
        0.8333, 0.9833, 0.9638, 0.9000, 0.5889, 0.7000, 0.9444])
tensor([0.6000, 0.9014, 0.9160, 0.9600, 0.9000, 0.8000, 0.6133, 0.8489, 0.9267,
        0.9937, 0.9682, 0.8881, 0.9188, 0.9792, 0.9889, 0.9524, 0.9600, 0.9139,
        0.7641, 0.5167, 0.8444, 0.6778, 0.9000, 0.7333, 0.5556, 0.9438, 0.7333,
        0.4167, 0.8267, 0.9222, 0.4667, 0.8926, 1.0000, 0.9143, 0.9833, 0.9615,
        0.8333, 0.9833, 0.9623, 0.9000, 0.5889, 0.6667, 0.9444])
tensor([0.4667, 0.9194, 0.9120, 0.9689, 0.8970, 0.7968, 0.6267, 0.8711, 0.9267,
        0.9937, 0.9667, 0.8833, 0.9203, 0.9778, 0.9889, 0.9571, 0.9533, 0.9278,
        0.7667, 0.4667, 0.8556, 0.6333, 0.9167, 0.7333, 0.5889, 0.9396, 0.7389,
        0.4167, 0.8133, 0.9111, 0.4867, 0.8926, 1.0000, 0.9286, 0.9833, 0.9538,
        0.8333, 0.9833, 0.9667, 0.9000, 0.6000, 0.7000, 0.9444])
tensor([0.6333, 0.9028, 0.9120, 0.9600, 0.8955, 0.8063, 0.6333, 0.8600, 0.9267,
        0.9937, 0.9712, 0.8976, 0.9232, 0.9806, 0.9889, 0.9619, 0.9600, 0.9222,
        0.7667, 0.5000, 0.8556, 0.6889, 0.9167, 0.7333, 0.5667, 0.9375, 0.7444,
        0.4167, 0.8200, 0.9111, 0.5000, 0.8926, 1.0000, 0.9143, 0.9833, 0.9641,
        0.8750, 0.9833, 0.9623, 0.9000, 0.5889, 0.7333, 0.9444])
tensor([0.6000, 0.9056, 0.9107, 0.9600, 0.8985, 0.8143, 0.6200, 0.8600, 0.9267,
        0.9937, 0.9682, 0.8833, 0.9203, 0.9778, 0.9889, 0.9571, 0.9600, 0.9139,
        0.7821, 0.5667, 0.8556, 0.6667, 0.9000, 0.7333, 0.6333, 0.9417, 0.7167,
        0.4333, 0.8133, 0.9222, 0.4933, 0.8926, 1.0000, 0.9143, 0.9833, 0.9641,
        0.8250, 0.9833, 0.9710, 0.9000, 0.6222, 0.7333, 0.9444])
tensor([0.5833, 0.9153, 0.9133, 0.9689, 0.9045, 0.7968, 0.6267, 0.8600, 0.9289,
        0.9937, 0.9712, 0.8976, 0.9232, 0.9806, 0.9889, 0.9524, 0.9600, 0.9250,
        0.7641, 0.5333, 0.8556, 0.6556, 0.9083, 0.7333, 0.6111, 0.9417, 0.7389,
        0.4167, 0.8133, 0.9222, 0.4800, 0.8926, 1.0000, 0.9381, 0.9833, 0.9487,
        0.8417, 0.9833, 0.9652, 0.9000, 0.6444, 0.7000, 0.9444])
tensor([0.6167, 0.9139, 0.9147, 0.9600, 0.8970, 0.8127, 0.6200, 0.8689, 0.9289,
        0.9937, 0.9697, 0.8905, 0.9246, 0.9806, 0.9926, 0.9571, 0.9600, 0.9250,
        0.7821, 0.5167, 0.8556, 0.7111, 0.9333, 0.7333, 0.5444, 0.9396, 0.7222,
        0.4167, 0.8333, 0.9444, 0.5000, 0.8889, 1.0000, 0.9381, 0.9833, 0.9641,
        0.8583, 0.9833, 0.9725, 0.9000, 0.6111, 0.7167, 0.9444])
tensor([0.5833, 0.9139, 0.9093, 0.9689, 0.8970, 0.8111, 0.6200, 0.8689, 0.9289,
        0.9937, 0.9727, 0.9024, 0.9275, 0.9847, 0.9852, 0.9524, 0.9600, 0.9361,
        0.7590, 0.3833, 0.8556, 0.6556, 0.9000, 0.7333, 0.6333, 0.9458, 0.7444,
        0.4167, 0.8333, 0.9444, 0.4933, 0.8963, 1.0000, 0.9286, 0.9833, 0.9641,
        0.8667, 0.9833, 0.9667, 0.9000, 0.6444, 0.7333, 0.9444])
tensor([0.5833, 0.9125, 0.9147, 0.9622, 0.9030, 0.8127, 0.6200, 0.8578, 0.9311,
        0.9958, 0.9742, 0.9024, 0.9290, 0.9819, 0.9926, 0.9429, 0.9600, 0.9333,
        0.7821, 0.5667, 0.8556, 0.7222, 0.9083, 0.7333, 0.6000, 0.9417, 0.7222,
        0.4333, 0.8267, 0.9444, 0.5000, 0.8926, 1.0000, 0.9286, 0.9833, 0.9641,
        0.8250, 0.9833, 0.9681, 0.9000, 0.6222, 0.7333, 0.9444])
tensor([0.5833, 0.9167, 0.9120, 0.9689, 0.9030, 0.8175, 0.6333, 0.8711, 0.9311,
        0.9958, 0.9712, 0.9048, 0.9275, 0.9833, 0.9926, 0.9524, 0.9667, 0.9361,
        0.7590, 0.5000, 0.8556, 0.6333, 0.9250, 0.7333, 0.6000, 0.9458, 0.7389,
        0.4333, 0.8133, 0.9444, 0.5067, 0.8963, 1.0000, 0.9333, 0.9833, 0.9641,
        0.8833, 0.9833, 0.9710, 0.8889, 0.6889, 0.7500, 0.9444])
tensor([0.6167, 0.9125, 0.9107, 0.9644, 0.9091, 0.8286, 0.6333, 0.8622, 0.9311,
        0.9958, 0.9742, 0.9024, 0.9290, 0.9833, 0.9926, 0.9476, 0.9667, 0.9417,
        0.7821, 0.5000, 0.8556, 0.7000, 0.9417, 0.7333, 0.7000, 0.9604, 0.7111,
        0.4167, 0.8200, 0.9333, 0.4867, 0.8963, 1.0000, 0.9286, 0.9833, 0.9641,
        0.8917, 0.9833, 0.9681, 0.9111, 0.7222, 0.7667, 0.9444])
tensor([0.6333, 0.9153, 0.9120, 0.9667, 0.9045, 0.8222, 0.6200, 0.8756, 0.9311,
        0.9958, 0.9712, 0.9048, 0.9261, 0.9819, 0.9926, 0.9571, 0.9600, 0.9389,
        0.7744, 0.5833, 0.8556, 0.6889, 0.9167, 0.7533, 0.6667, 0.9396, 0.7167,
        0.4333, 0.8200, 0.9556, 0.4867, 0.8963, 1.0000, 0.9286, 0.9833, 0.9667,
        0.8500, 0.9833, 0.9768, 0.9000, 0.6889, 0.7833, 0.9444])
tensor([0.6000, 0.9181, 0.9160, 0.9644, 0.9106, 0.8286, 0.6333, 0.8600, 0.9311,
        0.9958, 0.9712, 0.9071, 0.9319, 0.9819, 0.9852, 0.9619, 0.9667, 0.9389,
        0.7846, 0.5333, 0.8556, 0.7000, 0.9250, 0.7533, 0.6444, 0.9563, 0.7278,
        0.4333, 0.8400, 0.9333, 0.4933, 0.8926, 1.0000, 0.9143, 0.9917, 0.9692,
        0.9083, 0.9833, 0.9681, 0.9111, 0.7222, 0.7667, 0.9444])
tensor([0.6667, 0.9153, 0.9160, 0.9667, 0.9061, 0.8317, 0.6333, 0.8756, 0.9311,
        0.9958, 0.9727, 0.9024, 0.9304, 0.9847, 0.9852, 0.9762, 0.9667, 0.9417,
        0.7692, 0.5333, 0.8556, 0.6556, 0.9333, 0.7533, 0.7000, 0.9500, 0.7222,
        0.4167, 0.8333, 0.9444, 0.5200, 0.8926, 1.0000, 0.9333, 0.9833, 0.9667,
        0.8833, 0.9833, 0.9754, 0.9000, 0.7222, 0.7833, 0.9444])
tensor([0.6500, 0.9153, 0.9147, 0.9667, 0.9167, 0.8238, 0.6067, 0.8600, 0.9311,
        0.9958, 0.9727, 0.9143, 0.9304, 0.9806, 0.9926, 0.9571, 0.9667, 0.9389,
        0.7846, 0.6000, 0.8556, 0.7000, 0.9333, 0.7533, 0.6222, 0.9583, 0.7222,
        0.4333, 0.8267, 0.9333, 0.4733, 0.8926, 1.0000, 0.9238, 0.9833, 0.9692,
        0.9083, 0.9833, 0.9754, 0.9111, 0.7222, 0.7667, 0.9444])
tensor([0.6333, 0.9194, 0.9187, 0.9711, 0.9136, 0.8270, 0.6200, 0.8711, 0.9311,
        0.9958, 0.9727, 0.9119, 0.9319, 0.9819, 0.9926, 0.9619, 0.9600, 0.9417,
        0.7821, 0.5333, 0.8556, 0.6778, 0.9333, 0.7533, 0.6444, 0.9479, 0.7167,
        0.4333, 0.8267, 0.9444, 0.5067, 0.9074, 1.0000, 0.9143, 0.9833, 0.9718,
        0.8917, 0.9833, 0.9754, 0.9111, 0.7778, 0.7500, 0.9444])
tensor([0.6833, 0.9167, 0.9187, 0.9644, 0.9136, 0.8286, 0.6267, 0.8911, 0.9311,
        0.9958, 0.9727, 0.9119, 0.9319, 0.9833, 0.9926, 0.9667, 0.9600, 0.9444,
        0.7897, 0.6167, 0.8556, 0.6889, 0.9333, 0.7533, 0.6667, 0.9500, 0.7167,
        0.4333, 0.8267, 0.9333, 0.5333, 0.8926, 1.0000, 0.9333, 0.9833, 0.9692,
        0.9083, 0.9833, 0.9739, 0.9111, 0.7667, 0.8000, 0.9444])
tensor([0.6167, 0.9264, 0.9227, 0.9667, 0.9121, 0.8270, 0.6333, 0.8822, 0.9311,
        0.9958, 0.9727, 0.9119, 0.9319, 0.9847, 0.9926, 0.9619, 0.9600, 0.9583,
        0.7769, 0.5333, 0.8556, 0.6333, 0.9417, 0.7533, 0.6444, 0.9521, 0.7333,
        0.4333, 0.8333, 0.9333, 0.5533, 0.9074, 1.0000, 0.9190, 0.9833, 0.9744,
        0.8917, 0.9833, 0.9739, 0.8889, 0.7667, 0.7500, 0.9444])
tensor([0.7000, 0.9153, 0.9293, 0.9711, 0.9136, 0.8254, 0.6267, 0.8756, 0.9311,
        0.9958, 0.9727, 0.9190, 0.9290, 0.9875, 0.9926, 0.9762, 0.9600, 0.9583,
        0.7821, 0.5333, 0.8556, 0.6889, 0.9417, 0.7533, 0.6667, 0.9542, 0.7111,
        0.4333, 0.8467, 0.9333, 0.5600, 0.9037, 1.0000, 0.9429, 0.9833, 0.9615,
        0.9083, 0.9833, 0.9739, 0.9111, 0.7778, 0.8000, 0.9444])
tensor([0.6833, 0.9167, 0.9160, 0.9622, 0.9167, 0.8317, 0.6333, 0.8844, 0.9289,
        0.9958, 0.9727, 0.9190, 0.9333, 0.9833, 0.9926, 0.9762, 0.9667, 0.9583,
        0.7974, 0.6667, 0.8556, 0.6444, 0.9333, 0.7533, 0.6556, 0.9500, 0.7167,
        0.4333, 0.8333, 0.9444, 0.5467, 0.9037, 1.0000, 0.9190, 0.9833, 0.9718,
        0.9250, 0.9833, 0.9754, 0.9111, 0.7778, 0.8000, 0.9444])
tensor([0.6500, 0.9236, 0.9160, 0.9689, 0.9121, 0.8317, 0.6333, 0.8867, 0.9333,
        0.9896, 0.9773, 0.9214, 0.9319, 0.9819, 0.9926, 0.9476, 0.9667, 0.9556,
        0.7872, 0.5667, 0.8778, 0.6667, 0.9333, 0.7533, 0.7111, 0.9500, 0.7222,
        0.4333, 0.8267, 0.9333, 0.5400, 0.9074, 1.0000, 0.9238, 0.9833, 0.9692,
        0.9083, 0.9833, 0.9754, 0.9111, 0.7889, 0.7500, 0.9444])
tensor([0.6833, 0.9167, 0.9280, 0.9644, 0.9197, 0.8302, 0.6400, 0.8756, 0.9378,
        0.9958, 0.9758, 0.9190, 0.9319, 0.9819, 0.9926, 0.9714, 0.9600, 0.9611,
        0.7897, 0.5833, 0.8556, 0.6778, 0.9417, 0.7533, 0.6222, 0.9521, 0.7278,
        0.4333, 0.8467, 0.9333, 0.5600, 0.9037, 1.0000, 0.9333, 0.9833, 0.9692,
        0.9250, 0.9833, 0.9725, 0.9111, 0.7667, 0.8000, 0.9444])
tensor([0.6500, 0.9250, 0.9293, 0.9689, 0.9227, 0.8302, 0.6333, 0.8933, 0.9311,
        0.9917, 0.9758, 0.9167, 0.9333, 0.9819, 0.9926, 0.9429, 0.9733, 0.9528,
        0.7821, 0.5833, 0.8667, 0.6222, 0.9333, 0.7533, 0.7111, 0.9479, 0.7167,
        0.4333, 0.8200, 0.9333, 0.5667, 0.9074, 1.0000, 0.9333, 0.9833, 0.9718,
        0.8750, 0.9833, 0.9754, 0.9000, 0.7889, 0.8000, 0.9444])
tensor([0.7000, 0.9181, 0.9333, 0.9689, 0.9197, 0.8302, 0.6333, 0.8822, 0.9400,
        0.9958, 0.9758, 0.9333, 0.9333, 0.9819, 0.9926, 0.9762, 0.9733, 0.9611,
        0.7872, 0.5833, 0.8667, 0.6778, 0.9417, 0.7533, 0.6889, 0.9521, 0.7167,
        0.4333, 0.8400, 0.9222, 0.5600, 0.9037, 1.0000, 0.9333, 0.9833, 0.9718,
        0.9250, 0.9833, 0.9739, 0.9111, 0.8667, 0.8000, 0.9444])
tensor([0.6667, 0.9306, 0.9253, 0.9689, 0.9212, 0.8317, 0.6400, 0.8867, 0.9378,
        0.9917, 0.9788, 0.9214, 0.9333, 0.9819, 0.9926, 0.9667, 0.9667, 0.9556,
        0.8000, 0.6167, 0.8778, 0.6556, 0.9333, 0.7533, 0.6667, 0.9604, 0.7222,
        0.4333, 0.8333, 0.9333, 0.5867, 0.9037, 1.0000, 0.9381, 0.9833, 0.9718,
        0.9250, 0.9833, 0.9739, 0.9111, 0.7778, 0.8000, 0.9444])
tensor([0.6667, 0.9236, 0.9333, 0.9689, 0.9182, 0.8302, 0.6333, 0.9000, 0.9400,
        0.9917, 0.9788, 0.9405, 0.9333, 0.9875, 0.9926, 0.9524, 0.9667, 0.9556,
        0.7795, 0.6333, 0.8778, 0.7000, 0.9333, 0.7533, 0.7000, 0.9521, 0.7278,
        0.4333, 0.8467, 0.9444, 0.5867, 0.9074, 1.0000, 0.9190, 0.9833, 0.9718,
        0.9250, 0.9833, 0.9710, 0.9222, 0.7778, 0.8000, 0.9444])
tensor([0.7000, 0.9222, 0.9240, 0.9667, 0.9212, 0.8365, 0.6333, 0.8644, 0.9467,
        0.9917, 0.9758, 0.9310, 0.9333, 0.9819, 0.9926, 0.9667, 0.9667, 0.9611,
        0.7949, 0.5833, 0.8778, 0.7000, 0.9417, 0.7867, 0.6889, 0.9563, 0.7278,
        0.4333, 0.8267, 0.9222, 0.5800, 0.9000, 1.0000, 0.9571, 0.9917, 0.9718,
        0.9250, 0.9833, 0.9710, 0.9000, 0.8222, 0.8000, 0.9444])
tensor([0.6833, 0.9292, 0.9400, 0.9711, 0.9197, 0.8317, 0.6333, 0.9044, 0.9400,
        0.9937, 0.9788, 0.9405, 0.9304, 0.9847, 0.9926, 0.9762, 0.9667, 0.9667,
        0.7897, 0.5833, 0.8778, 0.7000, 0.9417, 0.7867, 0.7222, 0.9542, 0.7222,
        0.4333, 0.8467, 0.9333, 0.6133, 0.9074, 1.0000, 0.9238, 0.9833, 0.9744,
        0.9333, 0.9833, 0.9768, 0.9111, 0.7778, 0.8000, 0.9444])
tensor([0.6833, 0.9347, 0.9347, 0.9667, 0.9242, 0.8302, 0.6333, 0.8911, 0.9378,
        0.9917, 0.9788, 0.9357, 0.9362, 0.9819, 0.9926, 0.9619, 0.9667, 0.9667,
        0.7949, 0.6833, 0.8778, 0.7000, 0.9417, 0.7867, 0.7333, 0.9542, 0.7667,
        0.4333, 0.8533, 0.9444, 0.5733, 0.9037, 1.0000, 0.9381, 0.9917, 0.9744,
        0.9250, 0.9833, 0.9710, 0.9222, 0.7778, 0.8000, 0.9444])
tensor([0.7000, 0.9319, 0.9307, 0.9689, 0.9212, 0.8349, 0.6400, 0.9044, 0.9422,
        0.9937, 0.9773, 0.9357, 0.9348, 0.9847, 0.9963, 0.9762, 0.9667, 0.9694,
        0.7795, 0.5500, 0.8667, 0.7222, 0.9417, 0.7933, 0.6889, 0.9583, 0.7556,
        0.4333, 0.8467, 0.9222, 0.6200, 0.9037, 1.0000, 0.9571, 0.9917, 0.9718,
        0.9250, 0.9833, 0.9696, 0.8889, 0.7889, 0.7833, 0.9444])
tensor([0.6500, 0.9403, 0.9440, 0.9667, 0.9242, 0.8381, 0.6333, 0.8867, 0.9444,
        0.9917, 0.9788, 0.9429, 0.9348, 0.9819, 0.9926, 0.9619, 0.9667, 0.9667,
        0.7897, 0.6667, 0.8778, 0.6778, 0.9417, 0.8000, 0.7556, 0.9500, 0.7056,
        0.4500, 0.8600, 0.9222, 0.6200, 0.9037, 1.0000, 0.9333, 0.9917, 0.9744,
        0.9250, 0.9833, 0.9725, 0.9222, 0.8222, 0.7833, 0.9444])
tensor([0.7000, 0.9333, 0.9387, 0.9667, 0.9258, 0.8317, 0.6333, 0.8844, 0.9422,
        0.9917, 0.9788, 0.9452, 0.9377, 0.9819, 0.9926, 0.9714, 0.9667, 0.9694,
        0.7949, 0.6167, 0.8778, 0.7000, 0.9417, 0.8000, 0.7111, 0.9542, 0.7722,
        0.4333, 0.8667, 0.9444, 0.5933, 0.9037, 1.0000, 0.9333, 0.9917, 0.9744,
        0.9250, 0.9833, 0.9725, 0.9222, 0.8333, 0.8333, 0.9444])
tensor([0.7167, 0.9333, 0.9400, 0.9600, 0.9227, 0.8381, 0.6333, 0.9000, 0.9444,
        0.9937, 0.9788, 0.9452, 0.9362, 0.9833, 0.9926, 0.9714, 0.9667, 0.9667,
        0.7872, 0.6667, 0.9000, 0.7000, 0.9417, 0.7933, 0.7444, 0.9500, 0.7389,
        0.4333, 0.8533, 0.9222, 0.6200, 0.9037, 1.0000, 0.9476, 0.9917, 0.9718,
        0.9333, 0.9833, 0.9710, 0.9222, 0.8111, 0.8167, 0.9444])
tensor([0.6667, 0.9389, 0.9360, 0.9689, 0.9258, 0.8429, 0.6333, 0.8956, 0.9422,
        0.9937, 0.9773, 0.9476, 0.9362, 0.9819, 0.9926, 0.9619, 0.9667, 0.9694,
        0.7949, 0.6000, 0.8778, 0.6778, 0.9333, 0.8133, 0.7333, 0.9542, 0.7500,
        0.4333, 0.8600, 0.9333, 0.6133, 0.9037, 1.0000, 0.9476, 0.9917, 0.9744,
        0.9250, 0.9833, 0.9754, 0.9222, 0.8556, 0.8500, 0.9444])
tensor([0.7167, 0.9347, 0.9400, 0.9667, 0.9212, 0.8365, 0.6333, 0.8956, 0.9467,
        0.9937, 0.9788, 0.9452, 0.9362, 0.9875, 0.9926, 0.9619, 0.9667, 0.9694,
        0.7949, 0.6667, 0.9000, 0.7000, 0.9333, 0.7933, 0.7667, 0.9500, 0.7167,
        0.4667, 0.8600, 0.9333, 0.6333, 0.9037, 1.0000, 0.9429, 0.9917, 0.9744,
        0.9333, 0.9833, 0.9739, 0.9000, 0.8556, 0.8500, 0.9444])
tensor([0.7167, 0.9250, 0.9400, 0.9689, 0.9303, 0.8429, 0.6533, 0.8867, 0.9422,
        0.9896, 0.9818, 0.9429, 0.9377, 0.9833, 0.9926, 0.9619, 0.9733, 0.9694,
        0.7974, 0.6500, 0.8889, 0.7111, 0.9417, 0.8133, 0.6889, 0.9521, 0.7222,
        0.4667, 0.8600, 0.9333, 0.6133, 0.9037, 1.0000, 0.9571, 0.9917, 0.9718,
        0.9333, 0.9833, 0.9754, 0.9000, 0.8444, 0.8500, 0.9444])
tensor([0.7167, 0.9306, 0.9373, 0.9489, 0.9303, 0.8492, 0.6467, 0.8911, 0.9400,
        0.9937, 0.9803, 0.9452, 0.9377, 0.9819, 0.9926, 0.9667, 0.9733, 0.9694,
        0.7872, 0.6833, 0.9000, 0.7000, 0.9417, 0.8000, 0.7667, 0.9500, 0.7611,
        0.4500, 0.8533, 0.9333, 0.6200, 0.9037, 1.0000, 0.9429, 0.9917, 0.9744,
        0.9333, 0.9833, 0.9754, 0.9222, 0.8222, 0.8500, 0.9444])
tensor([0.7167, 0.9333, 0.9467, 0.9689, 0.9273, 0.8349, 0.6333, 0.9044, 0.9444,
        0.9917, 0.9788, 0.9476, 0.9362, 0.9819, 0.9963, 0.9619, 0.9667, 0.9694,
        0.7923, 0.6167, 0.9111, 0.7000, 0.9333, 0.8067, 0.7444, 0.9500, 0.7444,
        0.4333, 0.8467, 0.9222, 0.6333, 0.9037, 1.0000, 0.9524, 0.9917, 0.9744,
        0.9333, 0.9833, 0.9739, 0.9222, 0.8444, 0.8500, 0.9444])
tensor([0.7167, 0.9347, 0.9507, 0.9578, 0.9227, 0.8381, 0.6333, 0.8978, 0.9489,
        0.9917, 0.9818, 0.9500, 0.9377, 0.9833, 0.9963, 0.9667, 0.9667, 0.9694,
        0.7974, 0.6667, 0.9000, 0.7000, 0.9417, 0.8067, 0.7444, 0.9521, 0.7556,
        0.4333, 0.8600, 0.9222, 0.6533, 0.9037, 1.0000, 0.9524, 0.9917, 0.9718,
        0.9333, 0.9833, 0.9768, 0.9222, 0.8556, 0.8500, 0.9444])
tensor([0.7167, 0.9347, 0.9427, 0.9667, 0.9288, 0.8460, 0.6667, 0.8956, 0.9467,
        0.9917, 0.9818, 0.9500, 0.9362, 0.9819, 0.9926, 0.9667, 0.9800, 0.9694,
        0.7923, 0.6833, 0.9111, 0.6889, 0.9417, 0.8333, 0.7667, 0.9542, 0.7500,
        0.4667, 0.8667, 0.9222, 0.6133, 0.9037, 1.0000, 0.9429, 0.9917, 0.9744,
        0.9333, 0.9833, 0.9783, 0.9222, 0.8556, 0.8667, 0.9444])
tensor([0.7167, 0.9403, 0.9480, 0.9578, 0.9333, 0.8524, 0.6400, 0.9022, 0.9467,
        0.9937, 0.9788, 0.9476, 0.9362, 0.9833, 0.9926, 0.9714, 0.9733, 0.9694,
        0.8026, 0.6167, 0.9000, 0.7111, 0.9417, 0.8133, 0.7667, 0.9521, 0.7278,
        0.4667, 0.8600, 0.9222, 0.6533, 0.9037, 1.0000, 0.9429, 0.9917, 0.9744,
        0.9333, 0.9833, 0.9739, 0.9222, 0.8444, 0.8500, 0.9444])
tensor([0.7167, 0.9403, 0.9453, 0.9600, 0.9303, 0.8460, 0.6333, 0.9000, 0.9467,
        0.9917, 0.9803, 0.9476, 0.9348, 0.9819, 0.9926, 0.9667, 0.9667, 0.9694,
        0.7923, 0.6833, 0.9000, 0.7111, 0.9333, 0.8400, 0.7556, 0.9521, 0.7722,
        0.4500, 0.8667, 0.9222, 0.6200, 0.9037, 1.0000, 0.9476, 0.9917, 0.9718,
        0.9333, 0.9833, 0.9783, 0.9222, 0.8556, 0.8667, 0.9444])
tensor([0.7167, 0.9431, 0.9520, 0.9644, 0.9333, 0.8381, 0.6533, 0.9133, 0.9467,
        0.9917, 0.9818, 0.9476, 0.9391, 0.9861, 0.9926, 0.9476, 0.9667, 0.9778,
        0.7974, 0.6667, 0.9000, 0.7111, 0.9667, 0.8067, 0.7667, 0.9500, 0.7333,
        0.4667, 0.8667, 0.9222, 0.6667, 0.9111, 1.0000, 0.9524, 0.9917, 0.9718,
        0.9417, 0.9833, 0.9652, 0.9222, 0.8556, 0.8333, 0.9444])
tensor([0.7167, 0.9389, 0.9453, 0.9644, 0.9288, 0.8508, 0.6333, 0.8956, 0.9533,
        0.9917, 0.9803, 0.9452, 0.9362, 0.9861, 0.9963, 0.9667, 0.9733, 0.9778,
        0.7923, 0.6833, 0.9111, 0.7333, 0.9417, 0.8400, 0.7444, 0.9563, 0.7667,
        0.4667, 0.8667, 0.9333, 0.6267, 0.9037, 1.0000, 0.9429, 0.9917, 0.9744,
        0.9250, 0.9833, 0.9768, 0.9222, 0.8667, 0.8500, 0.9444])
tensor([0.7167, 0.9306, 0.9480, 0.9556, 0.9348, 0.8587, 0.6467, 0.8978, 0.9467,
        0.9937, 0.9818, 0.9476, 0.9362, 0.9847, 0.9963, 0.9714, 0.9733, 0.9722,
        0.8051, 0.6833, 0.8889, 0.7444, 0.9500, 0.8000, 0.7556, 0.9521, 0.7389,
        0.4667, 0.8667, 0.9222, 0.6600, 0.9037, 1.0000, 0.9571, 0.9917, 0.9718,
        0.9583, 0.9833, 0.9739, 0.9222, 0.8444, 0.8833, 0.9444])
tensor([0.7000, 0.9458, 0.9467, 0.9622, 0.9318, 0.8524, 0.6333, 0.9022, 0.9444,
        0.9937, 0.9803, 0.9500, 0.9406, 0.9833, 0.9889, 0.9619, 0.9733, 0.9778,
        0.8026, 0.6667, 0.9000, 0.7111, 0.9500, 0.8600, 0.8111, 0.9500, 0.7444,
        0.4667, 0.8667, 0.9333, 0.6067, 0.9037, 1.0000, 0.9524, 0.9917, 0.9744,
        0.9417, 0.9833, 0.9739, 0.9222, 0.8556, 0.8500, 0.9444])
tensor([0.7167, 0.9389, 0.9520, 0.9622, 0.9303, 0.8492, 0.6667, 0.9000, 0.9511,
        0.9937, 0.9833, 0.9500, 0.9391, 0.9861, 0.9963, 0.9619, 0.9733, 0.9778,
        0.8026, 0.6667, 0.9111, 0.7333, 0.9583, 0.8133, 0.7444, 0.9521, 0.7444,
        0.4667, 0.8733, 0.9333, 0.6600, 0.9111, 1.0000, 0.9524, 0.9917, 0.9718,
        0.9333, 0.9833, 0.9754, 0.9222, 0.8556, 0.8500, 0.9556])
tensor([0.7167, 0.9389, 0.9480, 0.9533, 0.9333, 0.8524, 0.6533, 0.9044, 0.9489,
        0.9937, 0.9818, 0.9476, 0.9377, 0.9847, 0.9926, 0.9667, 0.9733, 0.9722,
        0.8000, 0.6833, 0.9000, 0.7000, 0.9583, 0.8400, 0.7778, 0.9479, 0.7667,
        0.4667, 0.8667, 0.9333, 0.6467, 0.9037, 1.0000, 0.9476, 0.9917, 0.9744,
        0.9417, 0.9833, 0.9768, 0.9222, 0.8333, 0.8500, 0.9444])
tensor([0.7167, 0.9458, 0.9467, 0.9600, 0.9273, 0.8540, 0.6867, 0.9022, 0.9533,
        0.9917, 0.9833, 0.9500, 0.9406, 0.9847, 0.9926, 0.9619, 0.9667, 0.9778,
        0.8026, 0.6667, 0.9111, 0.6778, 0.9500, 0.8467, 0.7556, 0.9521, 0.7389,
        0.4667, 0.8667, 0.9333, 0.6733, 0.9111, 1.0000, 0.9429, 0.9917, 0.9769,
        0.9417, 0.9833, 0.9754, 0.9222, 0.8556, 0.8667, 0.9556])
tensor([0.7167, 0.9375, 0.9560, 0.9600, 0.9364, 0.8508, 0.6733, 0.9022, 0.9467,
        0.9917, 0.9833, 0.9476, 0.9391, 0.9847, 0.9926, 0.9619, 0.9667, 0.9722,
        0.7974, 0.6833, 0.9111, 0.7444, 0.9667, 0.8533, 0.7667, 0.9458, 0.7611,
        0.4500, 0.8667, 0.9333, 0.6533, 0.9037, 1.0000, 0.9524, 0.9917, 0.9718,
        0.9333, 0.9833, 0.9783, 0.9222, 0.8556, 0.8667, 0.9556])
tensor([0.7167, 0.9431, 0.9507, 0.9644, 0.9303, 0.8524, 0.6667, 0.9111, 0.9533,
        0.9917, 0.9833, 0.9476, 0.9377, 0.9847, 0.9926, 0.9714, 0.9733, 0.9750,
        0.8026, 0.6667, 0.9333, 0.7111, 0.9500, 0.8533, 0.7667, 0.9479, 0.7333,
        0.4667, 0.8667, 0.9333, 0.6600, 0.9148, 1.0000, 0.9571, 0.9917, 0.9718,
        0.9417, 0.9833, 0.9754, 0.9222, 0.8556, 0.8667, 0.9444])
tensor([0.7500, 0.9347, 0.9587, 0.9622, 0.9348, 0.8540, 0.6600, 0.8956, 0.9533,
        0.9937, 0.9803, 0.9500, 0.9391, 0.9833, 0.9926, 0.9619, 0.9733, 0.9722,
        0.8077, 0.6833, 0.9333, 0.7000, 0.9500, 0.8667, 0.7778, 0.9500, 0.7667,
        0.4667, 0.8733, 0.9333, 0.6467, 0.9148, 1.0000, 0.9429, 0.9917, 0.9769,
        0.9417, 0.9833, 0.9754, 0.9222, 0.8444, 0.8500, 0.9556])
tensor([0.7167, 0.9431, 0.9560, 0.9622, 0.9333, 0.8556, 0.6600, 0.9111, 0.9467,
        0.9917, 0.9818, 0.9524, 0.9406, 0.9861, 0.9963, 0.9429, 0.9800, 0.9694,
        0.7923, 0.6667, 0.9222, 0.7556, 0.9583, 0.8467, 0.7667, 0.9479, 0.7667,
        0.4667, 0.8667, 0.9333, 0.6600, 0.9074, 1.0000, 0.9429, 0.9917, 0.9769,
        0.9333, 0.9833, 0.9754, 0.9222, 0.8333, 0.8667, 0.9556])
tensor([0.7167, 0.9431, 0.9547, 0.9667, 0.9333, 0.8508, 0.6800, 0.9089, 0.9511,
        0.9937, 0.9818, 0.9500, 0.9449, 0.9833, 0.9926, 0.9571, 0.9800, 0.9778,
        0.8179, 0.6667, 0.9333, 0.7000, 0.9583, 0.8600, 0.7778, 0.9479, 0.7222,
        0.4667, 0.8733, 0.9333, 0.6600, 0.9148, 1.0000, 0.9524, 0.9917, 0.9769,
        0.9583, 0.9833, 0.9754, 0.9222, 0.8556, 0.8500, 0.9556])
tensor([0.7167, 0.9403, 0.9573, 0.9622, 0.9364, 0.8556, 0.6800, 0.9089, 0.9511,
        0.9937, 0.9833, 0.9500, 0.9420, 0.9861, 0.9963, 0.9571, 0.9667, 0.9806,
        0.7974, 0.7167, 0.9444, 0.7222, 0.9583, 0.8467, 0.7556, 0.9479, 0.7611,
        0.4667, 0.8667, 0.9222, 0.6600, 0.9111, 1.0000, 0.9524, 0.9917, 0.9769,
        0.9417, 0.9833, 0.9754, 0.9222, 0.8667, 0.8500, 0.9556])
tensor([0.7500, 0.9361, 0.9547, 0.9622, 0.9348, 0.8540, 0.6733, 0.9000, 0.9556,
        0.9917, 0.9833, 0.9476, 0.9391, 0.9819, 0.9926, 0.9714, 0.9800, 0.9750,
        0.8154, 0.6833, 0.9444, 0.7000, 0.9583, 0.8667, 0.8000, 0.9479, 0.7278,
        0.4667, 0.8733, 0.9333, 0.6467, 0.9185, 1.0000, 0.9524, 0.9917, 0.9795,
        0.9417, 0.9833, 0.9768, 0.9222, 0.8333, 0.8500, 0.9556])
tensor([0.7500, 0.9389, 0.9587, 0.9622, 0.9318, 0.8587, 0.6867, 0.9044, 0.9600,
        0.9917, 0.9833, 0.9548, 0.9420, 0.9819, 0.9926, 0.9714, 0.9733, 0.9750,
        0.8000, 0.7167, 0.9444, 0.7222, 0.9583, 0.8667, 0.7222, 0.9500, 0.7667,
        0.4667, 0.8733, 0.9222, 0.6800, 0.9111, 1.0000, 0.9524, 0.9917, 0.9795,
        0.9417, 0.9833, 0.9783, 0.9222, 0.8556, 0.9167, 0.9556])
tensor([0.7167, 0.9458, 0.9533, 0.9556, 0.9348, 0.8556, 0.6800, 0.9022, 0.9600,
        0.9937, 0.9833, 0.9452, 0.9406, 0.9889, 0.9926, 0.9476, 0.9733, 0.9806,
        0.8051, 0.6833, 0.9444, 0.7000, 0.9750, 0.8667, 0.8000, 0.9479, 0.7556,
        0.4667, 0.8733, 0.9333, 0.6667, 0.9148, 1.0000, 0.9619, 0.9917, 0.9667,
        0.9583, 0.9833, 0.9710, 0.9000, 0.8667, 0.8833, 0.9556])
tensor([0.7000, 0.9444, 0.9547, 0.9622, 0.9333, 0.8651, 0.6667, 0.9156, 0.9511,
        0.9937, 0.9833, 0.9548, 0.9435, 0.9861, 0.9926, 0.9476, 0.9800, 0.9778,
        0.8051, 0.7000, 0.9444, 0.7333, 0.9417, 0.8533, 0.7667, 0.9458, 0.7500,
        0.4667, 0.8667, 0.9333, 0.6867, 0.9074, 1.0000, 0.9476, 0.9917, 0.9744,
        0.9417, 0.9833, 0.9768, 0.9000, 0.8444, 0.8667, 0.9444])
tensor([0.7500, 0.9417, 0.9573, 0.9622, 0.9364, 0.8587, 0.6600, 0.9022, 0.9600,
        0.9937, 0.9833, 0.9476, 0.9464, 0.9833, 0.9926, 0.9476, 0.9733, 0.9833,
        0.8026, 0.7000, 0.9444, 0.7000, 0.9750, 0.8600, 0.8000, 0.9458, 0.7611,
        0.4667, 0.8733, 0.9222, 0.6867, 0.9111, 1.0000, 0.9429, 0.9917, 0.9744,
        0.9417, 0.9833, 0.9739, 0.9222, 0.8444, 0.8667, 0.9556])
tensor([0.7000, 0.9431, 0.9627, 0.9622, 0.9333, 0.8556, 0.6800, 0.9089, 0.9600,
        0.9917, 0.9833, 0.9548, 0.9406, 0.9847, 0.9926, 0.9571, 0.9733, 0.9833,
        0.8077, 0.6833, 0.9444, 0.7333, 0.9500, 0.8467, 0.7778, 0.9458, 0.7500,
        0.4667, 0.8800, 0.9333, 0.6867, 0.9111, 1.0000, 0.9524, 0.9917, 0.9795,
        0.9417, 0.9833, 0.9725, 0.9000, 0.8556, 0.9000, 0.9444])
tensor([0.7500, 0.9431, 0.9560, 0.9667, 0.9379, 0.8619, 0.6733, 0.9067, 0.9556,
        0.9937, 0.9848, 0.9452, 0.9464, 0.9833, 0.9926, 0.9667, 0.9733, 0.9833,
        0.8128, 0.7833, 0.9444, 0.7111, 0.9667, 0.8600, 0.8000, 0.9458, 0.7556,
        0.4667, 0.8733, 0.9333, 0.6667, 0.9148, 1.0000, 0.9476, 0.9917, 0.9718,
        0.9500, 0.9833, 0.9754, 0.9222, 0.8778, 0.8667, 0.9556])
tensor([0.7333, 0.9403, 0.9573, 0.9533, 0.9348, 0.8667, 0.6667, 0.9111, 0.9578,
        0.9937, 0.9833, 0.9548, 0.9464, 0.9861, 0.9926, 0.9667, 0.9800, 0.9806,
        0.8000, 0.7167, 0.9444, 0.7667, 0.9667, 0.8467, 0.8000, 0.9479, 0.7500,
        0.4667, 0.8933, 0.9333, 0.6933, 0.9111, 1.0000, 0.9429, 0.9917, 0.9744,
        0.9583, 0.9833, 0.9725, 0.9222, 0.8556, 0.9000, 0.9556])
tensor([0.7500, 0.9403, 0.9573, 0.9578, 0.9379, 0.8651, 0.6733, 0.9067, 0.9600,
        0.9917, 0.9833, 0.9524, 0.9449, 0.9847, 0.9926, 0.9619, 0.9733, 0.9778,
        0.8103, 0.7333, 0.9444, 0.7111, 0.9500, 0.8667, 0.8000, 0.9458, 0.7500,
        0.4667, 0.8867, 0.9333, 0.6867, 0.9185, 1.0000, 0.9524, 0.9917, 0.9718,
        0.9583, 0.9833, 0.9768, 0.9222, 0.8667, 0.8833, 0.9556])
tensor([0.7167, 0.9458, 0.9573, 0.9622, 0.9379, 0.8603, 0.6800, 0.9133, 0.9533,
        0.9937, 0.9833, 0.9595, 0.9449, 0.9861, 0.9926, 0.9667, 0.9733, 0.9833,
        0.8051, 0.7167, 0.9444, 0.7222, 0.9667, 0.8667, 0.8000, 0.9458, 0.7556,
        0.4667, 0.8733, 0.9333, 0.6733, 0.9185, 1.0000, 0.9476, 0.9917, 0.9769,
        0.9583, 0.9833, 0.9739, 0.9000, 0.8778, 0.8667, 0.9556])
tensor([0.7500, 0.9417, 0.9560, 0.9444, 0.9379, 0.8698, 0.6600, 0.9044, 0.9600,
        0.9937, 0.9848, 0.9524, 0.9464, 0.9833, 0.9926, 0.9714, 0.9800, 0.9806,
        0.8026, 0.7833, 0.9444, 0.7111, 0.9500, 0.8600, 0.8222, 0.9479, 0.7667,
        0.4667, 0.9067, 0.9333, 0.6933, 0.9148, 1.0000, 0.9524, 0.9917, 0.9769,
        0.9583, 0.9833, 0.9725, 0.9222, 0.8444, 0.8500, 0.9556])
tensor([0.7167, 0.9472, 0.9587, 0.9622, 0.9318, 0.8651, 0.6800, 0.9133, 0.9489,
        0.9937, 0.9848, 0.9571, 0.9449, 0.9833, 0.9926, 0.9667, 0.9800, 0.9806,
        0.8128, 0.7000, 0.9556, 0.7222, 0.9583, 0.8667, 0.7889, 0.9500, 0.7444,
        0.4667, 0.8933, 0.9333, 0.6933, 0.9111, 1.0000, 0.9667, 0.9917, 0.9744,
        0.9417, 0.9833, 0.9768, 0.9222, 0.8778, 0.8833, 0.9556])
tensor([0.7333, 0.9431, 0.9613, 0.9556, 0.9379, 0.8587, 0.6800, 0.9089, 0.9600,
        0.9937, 0.9848, 0.9548, 0.9449, 0.9847, 0.9926, 0.9667, 0.9800, 0.9806,
        0.7949, 0.7000, 0.9556, 0.7000, 0.9750, 0.8667, 0.8222, 0.9458, 0.7556,
        0.4667, 0.9000, 0.9111, 0.6733, 0.9222, 1.0000, 0.9619, 0.9917, 0.9744,
        0.9417, 0.9833, 0.9768, 0.9222, 0.8889, 0.8333, 0.9556])
tensor([0.7500, 0.9431, 0.9587, 0.9511, 0.9379, 0.8683, 0.6800, 0.9089, 0.9533,
        0.9937, 0.9848, 0.9548, 0.9507, 0.9847, 0.9926, 0.9667, 0.9733, 0.9806,
        0.8128, 0.7833, 0.9556, 0.7222, 0.9667, 0.8667, 0.8111, 0.9458, 0.7611,
        0.4667, 0.9000, 0.9333, 0.6867, 0.9111, 1.0000, 0.9476, 0.9917, 0.9795,
        0.9417, 0.9833, 0.9739, 0.9222, 0.8778, 0.8833, 0.9556])
tensor([0.7167, 0.9486, 0.9573, 0.9489, 0.9364, 0.8651, 0.6867, 0.9244, 0.9556,
        0.9937, 0.9848, 0.9548, 0.9493, 0.9847, 0.9926, 0.9667, 0.9800, 0.9778,
        0.8026, 0.7000, 0.9556, 0.7000, 0.9500, 0.8533, 0.8111, 0.9458, 0.7611,
        0.4667, 0.9000, 0.9333, 0.6933, 0.9222, 1.0000, 0.9619, 0.9917, 0.9744,
        0.9583, 0.9833, 0.9768, 0.9222, 0.8556, 0.8667, 0.9556])
tensor([0.7333, 0.9417, 0.9587, 0.9578, 0.9364, 0.8730, 0.6800, 0.9000, 0.9556,
        0.9958, 0.9848, 0.9571, 0.9435, 0.9903, 0.9926, 0.9667, 0.9800, 0.9806,
        0.8179, 0.7833, 0.9667, 0.7333, 0.9667, 0.9000, 0.8222, 0.9479, 0.7611,
        0.4667, 0.8867, 0.9111, 0.6867, 0.9148, 1.0000, 0.9524, 0.9917, 0.9769,
        0.9667, 0.9833, 0.9739, 0.9222, 0.8778, 0.8833, 0.9556])
tensor([0.7333, 0.9472, 0.9613, 0.9556, 0.9379, 0.8683, 0.7000, 0.9178, 0.9556,
        0.9917, 0.9848, 0.9571, 0.9507, 0.9889, 0.9926, 0.9667, 0.9800, 0.9806,
        0.8154, 0.7833, 0.9556, 0.7222, 0.9667, 0.8533, 0.8111, 0.9458, 0.7500,
        0.4833, 0.8933, 0.9222, 0.7000, 0.9148, 1.0000, 0.9571, 0.9917, 0.9769,
        0.9583, 0.9833, 0.9754, 0.9222, 0.8778, 0.9333, 0.9556])
tensor([0.7333, 0.9472, 0.9600, 0.9622, 0.9364, 0.8667, 0.6800, 0.9178, 0.9578,
        0.9958, 0.9848, 0.9619, 0.9507, 0.9875, 0.9926, 0.9571, 0.9800, 0.9806,
        0.8128, 0.7000, 0.9556, 0.7222, 0.9667, 0.8933, 0.8111, 0.9458, 0.7611,
        0.4667, 0.9133, 0.9333, 0.6933, 0.9148, 1.0000, 0.9619, 0.9917, 0.9744,
        0.9500, 0.9833, 0.9768, 0.9222, 0.8222, 0.8833, 0.9556])
tensor([0.7500, 0.9458, 0.9613, 0.9578, 0.9379, 0.8746, 0.6800, 0.9044, 0.9533,
        0.9917, 0.9848, 0.9548, 0.9493, 0.9889, 0.9926, 0.9429, 0.9800, 0.9806,
        0.8179, 0.7667, 0.9556, 0.7222, 0.9583, 0.8867, 0.8000, 0.9458, 0.7556,
        0.4833, 0.8933, 0.9444, 0.6933, 0.9185, 1.0000, 0.9476, 0.9917, 0.9769,
        0.9667, 0.9833, 0.9725, 0.9222, 0.8778, 0.9167, 0.9556])
tensor([0.7500, 0.9472, 0.9613, 0.9622, 0.9364, 0.8683, 0.7000, 0.9244, 0.9556,
        0.9917, 0.9848, 0.9643, 0.9478, 0.9861, 0.9926, 0.9714, 0.9733, 0.9722,
        0.8154, 0.7833, 0.9556, 0.7556, 0.9500, 0.8733, 0.8111, 0.9458, 0.7444,
        0.4667, 0.9200, 0.9111, 0.7067, 0.9148, 1.0000, 0.9619, 0.9917, 0.9744,
        0.9667, 0.9833, 0.9754, 0.9222, 0.8778, 0.9333, 0.9556])
