tensor([1., 0., 0., 0., 0., 0., 0., 0., 0., 0., 0., 0., 0., 0., 0., 0., 0., 0.,
        0., 0., 0., 0., 0., 0., 0., 0., 0., 0., 0., 0., 0., 0., 0., 0., 0., 0.,
        0., 0., 0., 0., 0., 0., 0.])
tensor([0.2667, 0.0000, 0.4560, 0.0000, 0.0000, 0.0000, 0.0000, 0.0000, 0.0000,
        0.0000, 0.0000, 0.0000, 0.0000, 0.0000, 0.0000, 0.0000, 0.0000, 0.0000,
        0.0000, 0.0000, 0.0000, 0.0000, 0.0000, 0.0000, 0.0000, 0.0000, 0.0000,
        0.0000, 0.0000, 0.0000, 0.0000, 0.0000, 0.0000, 0.0000, 0.0000, 0.0000,
        0.0000, 0.0000, 0.0000, 0.0000, 0.0000, 0.0000, 0.0000])
tensor([0.0000, 0.1181, 0.9653, 0.0000, 0.0000, 0.0000, 0.0000, 0.0000, 0.0000,
        0.0000, 0.0000, 0.0000, 0.0000, 0.0111, 0.0000, 0.0000, 0.0000, 0.0000,
        0.0000, 0.0000, 0.0000, 0.0000, 0.0000, 0.0000, 0.0000, 0.0000, 0.0000,
        0.0000, 0.0000, 0.0000, 0.0000, 0.0000, 0.0000, 0.0000, 0.0000, 0.0000,
        0.0000, 0.0000, 0.0000, 0.0000, 0.0000, 0.0000, 0.0000])
tensor([0.0000, 0.1472, 0.9587, 0.0000, 0.0000, 0.0000, 0.0000, 0.0000, 0.0000,
        0.0000, 0.0000, 0.0000, 0.0000, 0.1611, 0.0000, 0.0000, 0.0000, 0.0000,
        0.0000, 0.0000, 0.0000, 0.0000, 0.0000, 0.0000, 0.0000, 0.0000, 0.0000,
        0.0000, 0.0000, 0.0000, 0.0000, 0.0000, 0.0000, 0.0000, 0.0000, 0.0000,
        0.0000, 0.0000, 0.0000, 0.0000, 0.0000, 0.0000, 0.0000])
tensor([0.0000, 0.3264, 0.8187, 0.0000, 0.0000, 0.0000, 0.0000, 0.0000, 0.0000,
        0.0000, 0.0000, 0.0000, 0.0000, 0.1222, 0.0000, 0.0000, 0.0000, 0.0000,
        0.0000, 0.0000, 0.0000, 0.0000, 0.0000, 0.0000, 0.0000, 0.0000, 0.0000,
        0.0000, 0.0000, 0.0000, 0.0000, 0.0000, 0.0000, 0.0000, 0.0000, 0.0000,
        0.0000, 0.0000, 0.0000, 0.0000, 0.0000, 0.0000, 0.0000])
tensor([0.0000, 0.3569, 0.7947, 0.0000, 0.0000, 0.0000, 0.0000, 0.0000, 0.0000,
        0.0000, 0.0000, 0.0000, 0.0000, 0.3375, 0.0000, 0.0000, 0.0000, 0.0000,
        0.0000, 0.0000, 0.0000, 0.0000, 0.0000, 0.0000, 0.0000, 0.0000, 0.0000,
        0.0000, 0.0000, 0.0000, 0.0000, 0.0000, 0.0000, 0.0000, 0.0000, 0.0000,
        0.0000, 0.0000, 0.0000, 0.0000, 0.0000, 0.0000, 0.0000])
tensor([0.0000, 0.3889, 0.7853, 0.0000, 0.0000, 0.0000, 0.0000, 0.0000, 0.0000,
        0.0000, 0.0000, 0.0000, 0.0000, 0.4556, 0.0000, 0.0000, 0.0000, 0.0000,
        0.0000, 0.0000, 0.0000, 0.0000, 0.0000, 0.0000, 0.0000, 0.0000, 0.0000,
        0.0000, 0.0000, 0.0000, 0.0000, 0.0000, 0.0000, 0.0000, 0.0000, 0.0000,
        0.0000, 0.0000, 0.0000, 0.0000, 0.0000, 0.0000, 0.0000])
tensor([0.0000, 0.4625, 0.7480, 0.0000, 0.0000, 0.0000, 0.0000, 0.0000, 0.0000,
        0.0000, 0.0000, 0.0000, 0.0000, 0.5750, 0.0000, 0.0000, 0.0000, 0.0000,
        0.0000, 0.0000, 0.0000, 0.0000, 0.0000, 0.0000, 0.0000, 0.0000, 0.0000,
        0.0000, 0.0000, 0.0000, 0.0000, 0.0000, 0.0000, 0.0000, 0.0000, 0.0000,
        0.0000, 0.0000, 0.0000, 0.0000, 0.0000, 0.0000, 0.0000])
tensor([0.0000, 0.4208, 0.3947, 0.0000, 0.0000, 0.0000, 0.0000, 0.0000, 0.0000,
        0.0000, 0.7045, 0.0000, 0.0623, 0.6583, 0.0000, 0.0000, 0.0000, 0.0000,
        0.0000, 0.0000, 0.0000, 0.0000, 0.0000, 0.0000, 0.0000, 0.0000, 0.0000,
        0.0000, 0.0000, 0.0000, 0.0000, 0.0000, 0.0000, 0.0000, 0.0000, 0.0000,
        0.0000, 0.0000, 0.2275, 0.0000, 0.0000, 0.0000, 0.0000])
tensor([0.0000, 0.3875, 0.2973, 0.0000, 0.0000, 0.0000, 0.0000, 0.0000, 0.0000,
        0.0000, 0.7955, 0.0000, 0.1942, 0.6736, 0.0000, 0.0000, 0.0000, 0.0000,
        0.0000, 0.0000, 0.0000, 0.0000, 0.0000, 0.0000, 0.0000, 0.0000, 0.0000,
        0.0000, 0.0000, 0.0000, 0.0000, 0.0000, 0.0000, 0.0000, 0.0000, 0.0000,
        0.0000, 0.0000, 0.2971, 0.0000, 0.0000, 0.0000, 0.0000])
tensor([0.0000, 0.3764, 0.3920, 0.0400, 0.0030, 0.0000, 0.0000, 0.0000, 0.0000,
        0.0000, 0.7985, 0.0810, 0.4319, 0.7042, 0.0000, 0.0000, 0.0000, 0.4111,
        0.0205, 0.0000, 0.0000, 0.0000, 0.0000, 0.0000, 0.0000, 0.0000, 0.0000,
        0.0000, 0.0000, 0.0000, 0.0000, 0.0000, 0.0000, 0.0000, 0.0000, 0.1590,
        0.0000, 0.0000, 0.5232, 0.0000, 0.0000, 0.0000, 0.0000])
tensor([0.0000, 0.4931, 0.3773, 0.0956, 0.1242, 0.0587, 0.0000, 0.0000, 0.0000,
        0.2354, 0.7227, 0.3643, 0.6145, 0.8750, 0.0000, 0.0000, 0.0000, 0.8111,
        0.2744, 0.0000, 0.0000, 0.0000, 0.0000, 0.0000, 0.0000, 0.1271, 0.0000,
        0.0000, 0.0000, 0.0000, 0.0000, 0.0000, 0.0000, 0.0048, 0.0000, 0.4128,
        0.0000, 0.0000, 0.8536, 0.0000, 0.0000, 0.0000, 0.0000])
tensor([0.0000, 0.5569, 0.4013, 0.1133, 0.3803, 0.2635, 0.0000, 0.1444, 0.0000,
        0.4292, 0.8712, 0.7786, 0.7203, 0.9139, 0.8000, 0.0143, 0.0000, 0.9556,
        0.5846, 0.0000, 0.0000, 0.0444, 0.0000, 0.0000, 0.0000, 0.7958, 0.0000,
        0.0000, 0.2133, 0.0000, 0.0000, 0.1407, 0.0000, 0.7619, 0.0000, 0.6000,
        0.0833, 0.0000, 0.9000, 0.1111, 0.0000, 0.0000, 0.0000])
tensor([0.0000, 0.6514, 0.5707, 0.1844, 0.7621, 0.6397, 0.4533, 0.3644, 0.0222,
        0.6417, 0.8667, 0.7952, 0.7768, 0.9264, 0.9593, 0.4048, 0.2933, 0.9500,
        0.6282, 0.0000, 0.0000, 0.0889, 0.3917, 0.0400, 0.0000, 0.9083, 0.0167,
        0.0000, 0.5200, 0.0000, 0.0200, 0.7259, 0.0000, 0.9286, 0.2750, 0.8103,
        0.4667, 0.0833, 0.8304, 0.3556, 0.0444, 0.1833, 0.0000])
tensor([0.0000, 0.7000, 0.7053, 0.4889, 0.8515, 0.6841, 0.6600, 0.4867, 0.3267,
        0.7750, 0.8758, 0.7857, 0.8116, 0.9361, 0.9444, 0.8286, 0.6067, 0.9667,
        0.6872, 0.0000, 0.2667, 0.2222, 0.7250, 0.3333, 0.0000, 0.8979, 0.1333,
        0.0000, 0.5867, 0.0000, 0.1467, 0.8889, 0.3000, 0.9143, 0.8833, 0.8923,
        0.7083, 0.5500, 0.8986, 0.5667, 0.2444, 0.5167, 0.0000])
tensor([0.0000, 0.7625, 0.8160, 0.6644, 0.8576, 0.6968, 0.7200, 0.5578, 0.5489,
        0.8000, 0.9182, 0.8167, 0.8174, 0.9458, 0.9667, 0.8619, 0.7267, 0.9694,
        0.7154, 0.1167, 0.7333, 0.2889, 0.8167, 0.4400, 0.0222, 0.8979, 0.3389,
        0.1333, 0.6200, 0.3333, 0.2533, 0.9185, 0.4833, 0.9381, 0.9250, 0.8897,
        0.6500, 0.6833, 0.9232, 0.5111, 0.2556, 0.6167, 0.1222])
tensor([0.0000, 0.7861, 0.8320, 0.7244, 0.8833, 0.7429, 0.7067, 0.6311, 0.6222,
        0.8500, 0.9258, 0.8262, 0.8652, 0.9611, 0.9815, 0.9286, 0.8400, 0.9778,
        0.7231, 0.3333, 0.7667, 0.3000, 0.8333, 0.5133, 0.1333, 0.8979, 0.6444,
        0.3167, 0.6667, 0.6000, 0.2667, 0.9333, 0.5833, 0.9476, 0.9667, 0.8846,
        0.6583, 0.7833, 0.9116, 0.6111, 0.2889, 0.6833, 0.3889])
tensor([0.0000, 0.8389, 0.8520, 0.7911, 0.8955, 0.7667, 0.7400, 0.6489, 0.6711,
        0.8854, 0.9348, 0.8262, 0.8783, 0.9556, 0.9815, 0.9190, 0.9133, 0.9806,
        0.7410, 0.4000, 0.8556, 0.3556, 0.8667, 0.5467, 0.4333, 0.8958, 0.4889,
        0.3167, 0.6733, 0.7222, 0.2933, 0.9333, 0.5167, 0.9524, 0.9750, 0.9179,
        0.6667, 0.8667, 0.9217, 0.6667, 0.4778, 0.6667, 0.4667])
tensor([0.0000, 0.8542, 0.8413, 0.7867, 0.8939, 0.7937, 0.7067, 0.6889, 0.6978,
        0.9333, 0.9394, 0.8476, 0.9145, 0.9611, 0.9889, 0.9286, 0.9133, 0.9806,
        0.7333, 0.4000, 0.8778, 0.3889, 0.8833, 0.5933, 0.5000, 0.8958, 0.6667,
        0.3500, 0.7000, 0.7667, 0.3467, 0.9370, 0.6000, 0.9524, 0.9750, 0.9205,
        0.6667, 0.9000, 0.9203, 0.7000, 0.6667, 0.6833, 0.5667])
tensor([0.0000, 0.8694, 0.8787, 0.8556, 0.8909, 0.7873, 0.7333, 0.6867, 0.7400,
        0.9479, 0.9470, 0.8571, 0.9174, 0.9639, 0.9889, 0.9333, 0.9200, 0.9778,
        0.7051, 0.4667, 0.8778, 0.5000, 0.8833, 0.6333, 0.5444, 0.9000, 0.7333,
        0.3500, 0.7600, 0.7889, 0.4000, 0.9370, 0.5667, 0.9667, 0.9667, 0.9103,
        0.6500, 0.9000, 0.9261, 0.7000, 0.7556, 0.6667, 0.6222])
tensor([0.0000, 0.8778, 0.8880, 0.8800, 0.9030, 0.7984, 0.7400, 0.7244, 0.7400,
        0.9604, 0.9485, 0.8619, 0.9290, 0.9583, 0.9963, 0.9429, 0.9333, 0.9806,
        0.7154, 0.4667, 0.8778, 0.5000, 0.8917, 0.6933, 0.6222, 0.9062, 0.7389,
        0.3833, 0.7533, 0.8333, 0.4400, 0.9444, 0.5667, 0.9714, 0.9667, 0.9308,
        0.7167, 0.9167, 0.9203, 0.7000, 0.8000, 0.6833, 0.6889])
tensor([0.0000, 0.8847, 0.9173, 0.9133, 0.8970, 0.7952, 0.7333, 0.7289, 0.7622,
        0.9688, 0.9530, 0.8762, 0.9217, 0.9667, 0.9963, 0.9381, 0.9333, 0.9722,
        0.7000, 0.4667, 0.8778, 0.4778, 0.8917, 0.7600, 0.6222, 0.9125, 0.7500,
        0.3833, 0.7867, 0.8222, 0.4467, 0.9519, 0.7000, 0.9714, 0.9667, 0.9205,
        0.7083, 0.9167, 0.9217, 0.7333, 0.8000, 0.6833, 0.7222])
tensor([0.0000, 0.9000, 0.9227, 0.8756, 0.9076, 0.8238, 0.7533, 0.7511, 0.7867,
        0.9792, 0.9591, 0.8738, 0.9348, 0.9625, 0.9963, 0.9429, 0.9333, 0.9722,
        0.7205, 0.4833, 0.8889, 0.5333, 0.8917, 0.7800, 0.7000, 0.9146, 0.7333,
        0.4167, 0.8067, 0.8444, 0.5000, 0.9370, 0.5000, 0.9714, 0.9667, 0.9410,
        0.7583, 0.9333, 0.9203, 0.7333, 0.8333, 0.7000, 0.8111])
tensor([0.0000, 0.9069, 0.9320, 0.9067, 0.9106, 0.8222, 0.7400, 0.7600, 0.7911,
        0.9771, 0.9591, 0.8810, 0.9377, 0.9653, 1.0000, 0.9429, 0.9400, 0.9694,
        0.7282, 0.4833, 0.9000, 0.5444, 0.8917, 0.8000, 0.7000, 0.9146, 0.7333,
        0.4333, 0.8267, 0.8556, 0.5467, 0.9444, 0.5500, 0.9714, 0.9667, 0.9359,
        0.7583, 0.9333, 0.9203, 0.7333, 0.8333, 0.7333, 0.7111])
tensor([0.0333, 0.8944, 0.9533, 0.8978, 0.9106, 0.8429, 0.7333, 0.7533, 0.8067,
        0.9812, 0.9606, 0.8929, 0.9420, 0.9653, 1.0000, 0.9429, 0.9467, 0.9611,
        0.7256, 0.4833, 0.9222, 0.5222, 0.8917, 0.8667, 0.7444, 0.9146, 0.7722,
        0.4333, 0.8467, 0.8889, 0.5467, 0.9407, 0.4667, 0.9714, 0.9667, 0.9359,
        0.7667, 0.9333, 0.9203, 0.7444, 0.8333, 0.7333, 0.7111])
tensor([0.0167, 0.9194, 0.9387, 0.9089, 0.9121, 0.8444, 0.7533, 0.7822, 0.8222,
        0.9833, 0.9636, 0.9000, 0.9507, 0.9667, 1.0000, 0.9476, 0.9467, 0.9528,
        0.7385, 0.5000, 0.9222, 0.5333, 0.9167, 0.8600, 0.7778, 0.9125, 0.7611,
        0.4500, 0.8400, 0.9000, 0.6067, 0.9519, 0.4167, 0.9714, 0.9750, 0.9359,
        0.8000, 0.9167, 0.9145, 0.7444, 0.8333, 0.7500, 0.7444])
tensor([0.0333, 0.9194, 0.9493, 0.9289, 0.9091, 0.8571, 0.7733, 0.7711, 0.8378,
        0.9792, 0.9682, 0.9048, 0.9478, 0.9694, 1.0000, 0.9476, 0.9467, 0.9417,
        0.7282, 0.5000, 0.9222, 0.5556, 0.9083, 0.8667, 0.7889, 0.9125, 0.7778,
        0.4333, 0.8467, 0.9667, 0.6267, 0.9519, 0.4333, 0.9714, 0.9750, 0.9359,
        0.8000, 0.9167, 0.9174, 0.7444, 0.8556, 0.7833, 0.7667])
tensor([0.0667, 0.9264, 0.9520, 0.9178, 0.9076, 0.8683, 0.7733, 0.7778, 0.8600,
        0.9833, 0.9697, 0.9095, 0.9493, 0.9681, 1.0000, 0.9476, 0.9467, 0.9444,
        0.7513, 0.5000, 0.9444, 0.5556, 0.9167, 0.8800, 0.7889, 0.9146, 0.7556,
        0.4500, 0.8467, 0.9667, 0.6200, 0.9593, 0.4333, 0.9714, 0.9750, 0.9385,
        0.8000, 0.9167, 0.9217, 0.7444, 0.8556, 0.7833, 0.7778])
tensor([0.0833, 0.9306, 0.9613, 0.9356, 0.9091, 0.8571, 0.7533, 0.7933, 0.8622,
        0.9854, 0.9727, 0.9190, 0.9522, 0.9708, 1.0000, 0.9476, 0.9467, 0.9472,
        0.7282, 0.5000, 0.9444, 0.5333, 0.9167, 0.9000, 0.8111, 0.9125, 0.7778,
        0.4667, 0.8600, 0.9667, 0.6400, 0.9593, 0.6000, 0.9762, 0.9750, 0.9385,
        0.8167, 0.9500, 0.9261, 0.7444, 0.8556, 0.7833, 0.8444])
tensor([0.0667, 0.9347, 0.9653, 0.9222, 0.9091, 0.8603, 0.7733, 0.8111, 0.8556,
        0.9854, 0.9758, 0.9357, 0.9609, 0.9736, 1.0000, 0.9524, 0.9467, 0.9472,
        0.7487, 0.5000, 0.9444, 0.5667, 0.9167, 0.9000, 0.8222, 0.9167, 0.7778,
        0.4667, 0.8533, 0.9667, 0.6333, 0.9593, 0.3333, 0.9762, 0.9750, 0.9385,
        0.8250, 0.9500, 0.9217, 0.7444, 0.8667, 0.7667, 0.8222])
tensor([0.0667, 0.9361, 0.9667, 0.9222, 0.9136, 0.8635, 0.7733, 0.8044, 0.8711,
        0.9896, 0.9773, 0.9333, 0.9623, 0.9736, 1.0000, 0.9524, 0.9533, 0.9444,
        0.7718, 0.5167, 0.9444, 0.5778, 0.9167, 0.9133, 0.8667, 0.9167, 0.7722,
        0.4667, 0.8533, 0.9667, 0.6667, 0.9667, 0.4667, 0.9762, 0.9750, 0.9487,
        0.8250, 0.9500, 0.9203, 0.7444, 0.8889, 0.7833, 0.8556])
tensor([0.1167, 0.9389, 0.9680, 0.9289, 0.9106, 0.8746, 0.7733, 0.8067, 0.8867,
        0.9875, 0.9758, 0.9500, 0.9623, 0.9750, 1.0000, 0.9524, 0.9600, 0.9389,
        0.7462, 0.5667, 0.9444, 0.6222, 0.9167, 0.9067, 0.8444, 0.9208, 0.7889,
        0.4833, 0.8933, 0.9667, 0.6600, 0.9593, 0.3833, 0.9810, 0.9750, 0.9462,
        0.8250, 0.9500, 0.9246, 0.7444, 0.8778, 0.8167, 0.7889])
tensor([0.0833, 0.9403, 0.9680, 0.9289, 0.9121, 0.8746, 0.7733, 0.8111, 0.8911,
        0.9896, 0.9788, 0.9405, 0.9638, 0.9750, 1.0000, 0.9524, 0.9600, 0.9361,
        0.7769, 0.5667, 0.9444, 0.6111, 0.9167, 0.9267, 0.8556, 0.9208, 0.7833,
        0.4833, 0.8867, 0.9667, 0.6800, 0.9667, 0.4833, 0.9810, 0.9750, 0.9538,
        0.8250, 0.9667, 0.9275, 0.7444, 0.8667, 0.8167, 0.8444])
tensor([0.1833, 0.9375, 0.9773, 0.9444, 0.9121, 0.8667, 0.7733, 0.8244, 0.8889,
        0.9896, 0.9803, 0.9500, 0.9638, 0.9778, 1.0000, 0.9571, 0.9733, 0.9389,
        0.7564, 0.5833, 0.9444, 0.6444, 0.9167, 0.9200, 0.8556, 0.9167, 0.7889,
        0.5000, 0.9000, 0.9667, 0.6933, 0.9704, 0.5167, 0.9810, 0.9833, 0.9462,
        0.8333, 0.9667, 0.9246, 0.7778, 0.8667, 0.8167, 0.8444])
tensor([0.2000, 0.9431, 0.9693, 0.9333, 0.9167, 0.8794, 0.7733, 0.8244, 0.9044,
        0.9896, 0.9833, 0.9571, 0.9667, 0.9806, 1.0000, 0.9571, 0.9667, 0.9361,
        0.7795, 0.6167, 0.9444, 0.6333, 0.9167, 0.9267, 0.8778, 0.9167, 0.7833,
        0.5000, 0.9000, 0.9667, 0.6933, 0.9704, 0.4833, 0.9810, 0.9833, 0.9513,
        0.8417, 0.9667, 0.9290, 0.7556, 0.8667, 0.8167, 0.8444])
tensor([0.2167, 0.9417, 0.9800, 0.9400, 0.9121, 0.8794, 0.7733, 0.8356, 0.9044,
        0.9896, 0.9848, 0.9571, 0.9667, 0.9806, 1.0000, 0.9619, 0.9667, 0.9361,
        0.7538, 0.6833, 0.9444, 0.6556, 0.9167, 0.9333, 0.8667, 0.9229, 0.8000,
        0.5000, 0.9267, 0.9667, 0.6933, 0.9704, 0.5333, 0.9762, 0.9833, 0.9462,
        0.8583, 0.9667, 0.9304, 0.7778, 0.8556, 0.8333, 0.8667])
tensor([0.2167, 0.9444, 0.9800, 0.9400, 0.9197, 0.8778, 0.7800, 0.8333, 0.9089,
        0.9896, 0.9833, 0.9524, 0.9725, 0.9819, 1.0000, 0.9571, 0.9667, 0.9306,
        0.7846, 0.7000, 0.9444, 0.6333, 0.9167, 0.9267, 0.8778, 0.9229, 0.7944,
        0.5000, 0.9067, 0.9667, 0.7133, 0.9704, 0.4833, 0.9810, 0.9833, 0.9462,
        0.8500, 0.9500, 0.9377, 0.7889, 0.8556, 0.8333, 0.8889])
tensor([0.2167, 0.9458, 0.9813, 0.9289, 0.9152, 0.8905, 0.7867, 0.8378, 0.9111,
        0.9896, 0.9864, 0.9595, 0.9696, 0.9847, 1.0000, 0.9619, 0.9667, 0.9389,
        0.7897, 0.7000, 0.9444, 0.6333, 0.9167, 0.9267, 0.8778, 0.9250, 0.7944,
        0.5000, 0.9000, 0.9667, 0.7000, 0.9704, 0.5000, 0.9810, 0.9833, 0.9538,
        0.8500, 0.9667, 0.9348, 0.7778, 0.8778, 0.8333, 0.9222])
tensor([0.2167, 0.9444, 0.9827, 0.9244, 0.9197, 0.8889, 0.7867, 0.8400, 0.9178,
        0.9896, 0.9848, 0.9595, 0.9725, 0.9875, 1.0000, 0.9619, 0.9667, 0.9417,
        0.7923, 0.7667, 0.9556, 0.6222, 0.9167, 0.9400, 0.8667, 0.9250, 0.7889,
        0.5000, 0.9333, 0.9667, 0.7067, 0.9704, 0.5500, 0.9762, 0.9833, 0.9538,
        0.8583, 0.9500, 0.9377, 0.7778, 0.8667, 0.8333, 0.8889])
tensor([0.2167, 0.9486, 0.9800, 0.9289, 0.9197, 0.8921, 0.7933, 0.8400, 0.9333,
        0.9896, 0.9833, 0.9619, 0.9710, 0.9875, 1.0000, 0.9619, 0.9733, 0.9417,
        0.7872, 0.7667, 0.9556, 0.6222, 0.9167, 0.9333, 0.8667, 0.9229, 0.8000,
        0.5000, 0.9267, 0.9667, 0.7400, 0.9704, 0.6500, 0.9810, 0.9833, 0.9538,
        0.8583, 0.9500, 0.9377, 0.7778, 0.8778, 0.8500, 0.9333])
tensor([0.2333, 0.9472, 0.9827, 0.9289, 0.9212, 0.8905, 0.7933, 0.8444, 0.9289,
        0.9896, 0.9848, 0.9595, 0.9725, 0.9875, 1.0000, 0.9619, 0.9733, 0.9417,
        0.7923, 0.7833, 0.9667, 0.6333, 0.9167, 0.9400, 0.8667, 0.9229, 0.8000,
        0.5000, 0.9333, 0.9667, 0.7200, 0.9704, 0.5667, 0.9762, 0.9833, 0.9590,
        0.8583, 0.9500, 0.9406, 0.8000, 0.8778, 0.8833, 0.8667])
tensor([0.2833, 0.9514, 0.9827, 0.9400, 0.9227, 0.8921, 0.8000, 0.8511, 0.9289,
        0.9917, 0.9848, 0.9619, 0.9768, 0.9875, 1.0000, 0.9619, 0.9800, 0.9417,
        0.7897, 0.8000, 0.9778, 0.6333, 0.9167, 0.9467, 0.8778, 0.9250, 0.7944,
        0.5000, 0.9400, 0.9667, 0.7067, 0.9704, 0.5667, 0.9810, 0.9833, 0.9564,
        0.8583, 0.9500, 0.9391, 0.7778, 0.8778, 0.8667, 0.8778])
tensor([0.2667, 0.9528, 0.9827, 0.9311, 0.9227, 0.8937, 0.8000, 0.8489, 0.9333,
        0.9896, 0.9864, 0.9667, 0.9754, 0.9889, 1.0000, 0.9619, 0.9800, 0.9417,
        0.7897, 0.8667, 0.9556, 0.6444, 0.9167, 0.9333, 0.8778, 0.9229, 0.8000,
        0.5000, 0.9200, 0.9667, 0.7267, 0.9704, 0.5667, 0.9810, 0.9833, 0.9564,
        0.8583, 0.9667, 0.9406, 0.7778, 0.8778, 0.8667, 0.9333])
tensor([0.2667, 0.9528, 0.9867, 0.9400, 0.9212, 0.8921, 0.8200, 0.8533, 0.9400,
        0.9917, 0.9864, 0.9690, 0.9739, 0.9889, 1.0000, 0.9619, 0.9733, 0.9417,
        0.7769, 0.8833, 0.9778, 0.6333, 0.9167, 0.9467, 0.8667, 0.9229, 0.8000,
        0.5000, 0.9400, 0.9667, 0.7200, 0.9704, 0.5833, 0.9810, 0.9833, 0.9538,
        0.8833, 0.9500, 0.9420, 0.7778, 0.8778, 0.9000, 0.8778])
tensor([0.2667, 0.9569, 0.9853, 0.9356, 0.9197, 0.8984, 0.8067, 0.8533, 0.9400,
        0.9917, 0.9848, 0.9690, 0.9739, 0.9889, 1.0000, 0.9714, 0.9800, 0.9417,
        0.7974, 0.8833, 0.9667, 0.6222, 0.9167, 0.9467, 0.8778, 0.9312, 0.7944,
        0.5000, 0.9400, 0.9667, 0.7267, 0.9778, 0.5833, 0.9810, 0.9833, 0.9564,
        0.8833, 0.9500, 0.9449, 0.8000, 0.8778, 0.9000, 0.9111])
tensor([0.3000, 0.9542, 0.9840, 0.9222, 0.9242, 0.9095, 0.8133, 0.8533, 0.9444,
        0.9917, 0.9848, 0.9667, 0.9739, 0.9889, 1.0000, 0.9619, 0.9800, 0.9417,
        0.8026, 0.9000, 0.9778, 0.6444, 0.9167, 0.9467, 0.8778, 0.9292, 0.7944,
        0.5000, 0.9400, 0.9667, 0.7200, 0.9778, 0.6667, 0.9762, 0.9833, 0.9564,
        0.8833, 0.9500, 0.9435, 0.7778, 0.8778, 0.9000, 0.8889])
tensor([0.3833, 0.9542, 0.9867, 0.9289, 0.9242, 0.9079, 0.8067, 0.8689, 0.9489,
        0.9917, 0.9864, 0.9690, 0.9754, 0.9931, 1.0000, 0.9667, 0.9800, 0.9417,
        0.7846, 0.9000, 0.9778, 0.6333, 0.9167, 0.9533, 0.8778, 0.9292, 0.8000,
        0.5000, 0.9400, 0.9667, 0.7200, 0.9815, 0.6500, 0.9762, 0.9833, 0.9564,
        0.8667, 0.9500, 0.9449, 0.7778, 0.8778, 0.9000, 0.9444])
tensor([0.3833, 0.9542, 0.9867, 0.9244, 0.9242, 0.9063, 0.8000, 0.8667, 0.9511,
        0.9917, 0.9864, 0.9690, 0.9754, 0.9903, 1.0000, 0.9619, 0.9867, 0.9417,
        0.7846, 0.9167, 0.9778, 0.6444, 0.9167, 0.9467, 0.8778, 0.9312, 0.7944,
        0.5000, 0.9400, 0.9667, 0.7333, 0.9778, 0.6667, 0.9857, 0.9833, 0.9564,
        0.8833, 0.9500, 0.9478, 0.7778, 0.8889, 0.9000, 0.9444])
tensor([0.4000, 0.9569, 0.9880, 0.9467, 0.9227, 0.9079, 0.8200, 0.8667, 0.9511,
        0.9937, 0.9864, 0.9714, 0.9754, 0.9931, 1.0000, 0.9667, 0.9800, 0.9417,
        0.7872, 0.9500, 0.9889, 0.6556, 0.9167, 0.9400, 0.8778, 0.9292, 0.8000,
        0.5000, 0.9400, 0.9778, 0.7267, 0.9815, 0.7167, 0.9857, 0.9833, 0.9538,
        0.8833, 0.9500, 0.9449, 0.7778, 0.8889, 0.9000, 0.9222])
tensor([0.4000, 0.9556, 0.9880, 0.9311, 0.9242, 0.9032, 0.8000, 0.8756, 0.9556,
        0.9958, 0.9864, 0.9714, 0.9754, 0.9944, 1.0000, 0.9667, 0.9800, 0.9417,
        0.7974, 0.9167, 0.9889, 0.6556, 0.9167, 0.9533, 0.8778, 0.9271, 0.7944,
        0.5000, 0.9333, 0.9778, 0.7133, 0.9815, 0.7000, 0.9857, 0.9833, 0.9590,
        0.8833, 0.9500, 0.9464, 0.7778, 0.8889, 0.9000, 0.9333])
tensor([0.3833, 0.9542, 0.9880, 0.9267, 0.9242, 0.9127, 0.8133, 0.8733, 0.9578,
        0.9958, 0.9864, 0.9714, 0.9754, 0.9944, 1.0000, 0.9619, 0.9867, 0.9417,
        0.7923, 0.9333, 0.9889, 0.6556, 0.9167, 0.9400, 0.8778, 0.9312, 0.7944,
        0.5000, 0.9333, 0.9778, 0.7333, 0.9778, 0.7000, 0.9857, 0.9833, 0.9590,
        0.8833, 0.9500, 0.9493, 0.7778, 0.9000, 0.9000, 0.9222])
tensor([0.4333, 0.9556, 0.9893, 0.9267, 0.9242, 0.9111, 0.8267, 0.8756, 0.9644,
        0.9958, 0.9864, 0.9690, 0.9754, 0.9944, 1.0000, 0.9762, 0.9867, 0.9417,
        0.7949, 0.9500, 0.9889, 0.6556, 0.9167, 0.9533, 0.8778, 0.9312, 0.7944,
        0.5000, 0.9333, 0.9778, 0.7400, 0.9815, 0.7000, 0.9810, 0.9833, 0.9590,
        0.8833, 0.9500, 0.9507, 0.8111, 0.8889, 0.9000, 0.8889])
tensor([0.3833, 0.9583, 0.9893, 0.9289, 0.9288, 0.9127, 0.8067, 0.8867, 0.9622,
        0.9958, 0.9864, 0.9714, 0.9754, 0.9944, 1.0000, 0.9714, 0.9867, 0.9417,
        0.7949, 0.9500, 0.9889, 0.6444, 0.9167, 0.9533, 0.8778, 0.9312, 0.8000,
        0.5000, 0.9333, 0.9778, 0.7333, 0.9815, 0.6500, 0.9810, 0.9833, 0.9590,
        0.8833, 0.9500, 0.9478, 0.7778, 0.8778, 0.9000, 0.9444])
tensor([0.4333, 0.9597, 0.9893, 0.9467, 0.9288, 0.9079, 0.8200, 0.8911, 0.9600,
        0.9958, 0.9864, 0.9690, 0.9783, 0.9944, 1.0000, 0.9714, 0.9867, 0.9417,
        0.7949, 0.9667, 0.9889, 0.6333, 0.9167, 0.9400, 0.8778, 0.9333, 0.7944,
        0.5000, 0.9400, 0.9778, 0.7400, 0.9852, 0.7000, 0.9857, 0.9917, 0.9513,
        0.8833, 0.9500, 0.9507, 0.8222, 0.8778, 0.9000, 0.9444])
tensor([0.4333, 0.9611, 0.9893, 0.9289, 0.9273, 0.9206, 0.8133, 0.8911, 0.9667,
        0.9958, 0.9864, 0.9738, 0.9797, 0.9944, 1.0000, 0.9667, 0.9867, 0.9417,
        0.7923, 0.9667, 0.9889, 0.6333, 0.9167, 0.9400, 0.8778, 0.9333, 0.8000,
        0.5000, 0.9400, 0.9778, 0.7467, 0.9815, 0.7000, 0.9810, 0.9833, 0.9590,
        0.8917, 0.9500, 0.9493, 0.8111, 0.8778, 0.9000, 0.9444])
tensor([0.4167, 0.9625, 0.9893, 0.9422, 0.9318, 0.9143, 0.8200, 0.8978, 0.9689,
        0.9958, 0.9864, 0.9714, 0.9797, 0.9944, 1.0000, 0.9714, 0.9867, 0.9417,
        0.7949, 0.9667, 0.9889, 0.6222, 0.9167, 0.9467, 0.8778, 0.9333, 0.8000,
        0.5000, 0.9333, 0.9778, 0.7400, 0.9852, 0.7333, 0.9857, 0.9917, 0.9538,
        0.8833, 0.9500, 0.9493, 0.8111, 0.8667, 0.9000, 0.9000])
tensor([0.4667, 0.9597, 0.9907, 0.9467, 0.9318, 0.9095, 0.8067, 0.8933, 0.9689,
        0.9979, 0.9848, 0.9643, 0.9768, 0.9944, 1.0000, 0.9667, 0.9867, 0.9417,
        0.7974, 0.9667, 0.9889, 0.6333, 0.9167, 0.9400, 0.8889, 0.9333, 0.7944,
        0.5000, 0.9400, 0.9778, 0.7467, 0.9815, 0.7167, 0.9810, 0.9917, 0.9564,
        0.9000, 0.9500, 0.9493, 0.8111, 0.8778, 0.9000, 0.9556])
tensor([0.4500, 0.9694, 0.9893, 0.9333, 0.9288, 0.9159, 0.8267, 0.9022, 0.9689,
        0.9958, 0.9864, 0.9738, 0.9768, 0.9958, 1.0000, 0.9762, 0.9867, 0.9417,
        0.7974, 0.9667, 0.9889, 0.6222, 0.9167, 0.9467, 0.8889, 0.9333, 0.8000,
        0.5000, 0.9467, 1.0000, 0.7533, 0.9815, 0.7333, 0.9810, 0.9917, 0.9538,
        0.8917, 0.9500, 0.9507, 0.8222, 0.8778, 0.9167, 0.9222])
tensor([0.4833, 0.9611, 0.9893, 0.9356, 0.9288, 0.9159, 0.8133, 0.9089, 0.9689,
        0.9979, 0.9864, 0.9738, 0.9797, 0.9958, 1.0000, 0.9714, 0.9867, 0.9417,
        0.8000, 0.9667, 0.9889, 0.6222, 0.9167, 0.9533, 0.8778, 0.9333, 0.7944,
        0.5000, 0.9400, 0.9889, 0.7533, 0.9815, 0.7333, 0.9810, 0.9917, 0.9590,
        0.9000, 0.9500, 0.9522, 0.8333, 0.8778, 0.9167, 0.9111])
tensor([0.4833, 0.9639, 0.9893, 0.9378, 0.9333, 0.9143, 0.8267, 0.9022, 0.9689,
        0.9979, 0.9864, 0.9738, 0.9768, 0.9958, 1.0000, 0.9762, 0.9867, 0.9444,
        0.7974, 0.9833, 0.9889, 0.6222, 0.9167, 0.9467, 0.8889, 0.9333, 0.8111,
        0.5000, 0.9400, 0.9889, 0.7533, 0.9815, 0.8167, 0.9810, 0.9917, 0.9564,
        0.9000, 0.9500, 0.9507, 0.8000, 0.8778, 0.9167, 0.9111])
tensor([0.4833, 0.9625, 0.9907, 0.9289, 0.9348, 0.9238, 0.8267, 0.9022, 0.9689,
        0.9979, 0.9864, 0.9762, 0.9768, 0.9958, 1.0000, 0.9667, 0.9867, 0.9417,
        0.8026, 0.9833, 0.9889, 0.6222, 0.9167, 0.9467, 0.8889, 0.9312, 0.8000,
        0.5000, 0.9400, 0.9889, 0.7533, 0.9815, 0.7167, 0.9857, 0.9917, 0.9615,
        0.9083, 0.9500, 0.9536, 0.8333, 0.8778, 0.9167, 0.9444])
tensor([0.4833, 0.9681, 0.9907, 0.9422, 0.9348, 0.9159, 0.8267, 0.9022, 0.9689,
        0.9979, 0.9864, 0.9714, 0.9754, 0.9958, 1.0000, 0.9762, 0.9867, 0.9528,
        0.7974, 0.9667, 0.9889, 0.6222, 0.9167, 0.9533, 0.8889, 0.9354, 0.8056,
        0.5000, 0.9400, 1.0000, 0.7533, 0.9889, 0.7667, 0.9857, 0.9917, 0.9590,
        0.9083, 0.9500, 0.9565, 0.8222, 0.8778, 0.9167, 0.9222])
tensor([0.4667, 0.9639, 0.9907, 0.9311, 0.9348, 0.9254, 0.8267, 0.9111, 0.9689,
        0.9958, 0.9864, 0.9690, 0.9754, 0.9958, 1.0000, 0.9762, 0.9867, 0.9472,
        0.7974, 0.9833, 0.9889, 0.6222, 0.9167, 0.9533, 0.8889, 0.9333, 0.8056,
        0.5000, 0.9467, 1.0000, 0.7533, 0.9889, 0.8333, 0.9857, 0.9917, 0.9564,
        0.9167, 0.9500, 0.9551, 0.8222, 0.8778, 0.9167, 0.9333])
tensor([0.5167, 0.9639, 0.9907, 0.9356, 0.9394, 0.9206, 0.8267, 0.9133, 0.9689,
        0.9979, 0.9864, 0.9738, 0.9754, 0.9958, 1.0000, 0.9762, 0.9867, 0.9472,
        0.7949, 1.0000, 0.9889, 0.6222, 0.9167, 0.9533, 0.8889, 0.9333, 0.8167,
        0.5000, 0.9467, 1.0000, 0.7467, 0.9852, 0.8500, 0.9810, 0.9917, 0.9590,
        0.9167, 0.9500, 0.9580, 0.8333, 0.8778, 0.9167, 0.9333])
tensor([0.4833, 0.9667, 0.9907, 0.9378, 0.9364, 0.9222, 0.8333, 0.9156, 0.9689,
        0.9979, 0.9864, 0.9762, 0.9725, 0.9958, 1.0000, 0.9714, 0.9867, 0.9500,
        0.7923, 0.9833, 0.9889, 0.6111, 0.9167, 0.9533, 0.8889, 0.9333, 0.8111,
        0.5000, 0.9667, 1.0000, 0.7533, 0.9852, 0.8333, 0.9857, 0.9917, 0.9590,
        0.9167, 0.9500, 0.9580, 0.8778, 0.8778, 0.9000, 0.9444])
tensor([0.4833, 0.9708, 0.9893, 0.9333, 0.9379, 0.9222, 0.8333, 0.9178, 0.9689,
        0.9979, 0.9864, 0.9786, 0.9754, 0.9958, 1.0000, 0.9762, 0.9867, 0.9528,
        0.8000, 1.0000, 0.9889, 0.6222, 0.9167, 0.9533, 0.8889, 0.9333, 0.8111,
        0.5000, 0.9467, 1.0000, 0.7467, 0.9852, 0.9167, 0.9857, 0.9917, 0.9590,
        0.9167, 0.9500, 0.9594, 0.8778, 0.8778, 0.9000, 0.9556])
