#dataset: gtsrb
#way backdoor looks like: None
#merge strategy: sequential
#number of benign sources: 1
#number of malicious sources: 0
#batch size: 512
#distribution of data: equally distributed subset
#percentage of poisoned data in backdoored nodes: 100
#order of time backdoors being inserted: None
#attack model: basic
#starttime: 091236
training_type;epoch_number;learn_rate;avg_training_loss;avg_test_loss;test_accuracy;timestamp
tensor([0., 0., 1., 0., 0., 0., 0., 0., 0., 0., 0., 0., 0., 0., 0., 0., 0., 0.,
        0., 0., 0., 0., 0., 0., 0., 0., 0., 0., 0., 0., 0., 0., 0., 0., 0., 0.,
        0., 0., 0., 0., 0., 0., 0.])
tensor([0., 0., 1., 0., 0., 0., 0., 0., 0., 0., 0., 0., 0., 0., 0., 0., 0., 0.,
        0., 0., 0., 0., 0., 0., 0., 0., 0., 0., 0., 0., 0., 0., 0., 0., 0., 0.,
        0., 0., 0., 0., 0., 0., 0.])
tensor([0.0000, 0.0000, 0.5853, 0.0000, 0.0000, 0.0000, 0.0000, 0.0000, 0.0000,
        0.0000, 0.0000, 0.0000, 0.0000, 0.0153, 0.0000, 0.0000, 0.0000, 0.0000,
        0.0000, 0.0000, 0.0000, 0.0000, 0.0000, 0.0000, 0.0000, 0.0000, 0.0000,
        0.0000, 0.0000, 0.0000, 0.0000, 0.0000, 0.0000, 0.0000, 0.0000, 0.0000,
        0.0000, 0.0000, 0.6014, 0.0000, 0.0000, 0.0000, 0.0000])
tensor([0.0000, 0.0847, 0.3187, 0.0000, 0.0818, 0.0000, 0.0000, 0.0000, 0.0000,
        0.0000, 0.9076, 0.0000, 0.0029, 0.4403, 0.0000, 0.0000, 0.0000, 0.0000,
        0.0000, 0.0000, 0.0000, 0.0000, 0.0000, 0.0000, 0.0000, 0.0000, 0.0000,
        0.0000, 0.0000, 0.0000, 0.0000, 0.0000, 0.0000, 0.0000, 0.0000, 0.0000,
        0.0000, 0.0000, 0.0797, 0.0000, 0.0000, 0.0000, 0.0000])
tensor([0.0000, 0.2792, 0.2013, 0.0000, 0.0682, 0.0000, 0.0000, 0.0000, 0.0000,
        0.0000, 0.9061, 0.0000, 0.0319, 0.4653, 0.0000, 0.0000, 0.0000, 0.0000,
        0.0000, 0.0000, 0.0000, 0.0000, 0.0000, 0.0000, 0.0000, 0.0000, 0.0000,
        0.0000, 0.0000, 0.0000, 0.0000, 0.0000, 0.0000, 0.0000, 0.0000, 0.0000,
        0.0000, 0.0000, 0.0478, 0.0000, 0.0000, 0.0000, 0.0000])
tensor([0.0000, 0.2861, 0.2253, 0.0000, 0.0924, 0.0000, 0.0000, 0.0000, 0.0000,
        0.0000, 0.9000, 0.0000, 0.0623, 0.4625, 0.0000, 0.0000, 0.0000, 0.0000,
        0.0000, 0.0000, 0.0000, 0.0000, 0.0000, 0.0000, 0.0000, 0.0000, 0.0000,
        0.0000, 0.0000, 0.0000, 0.0000, 0.0000, 0.0000, 0.0000, 0.0000, 0.0000,
        0.0000, 0.0000, 0.0725, 0.0000, 0.0000, 0.0000, 0.0000])
tensor([0.0000, 0.2375, 0.2800, 0.0000, 0.1000, 0.0000, 0.0000, 0.0000, 0.0000,
        0.0000, 0.8848, 0.0000, 0.0971, 0.5514, 0.0000, 0.0000, 0.0000, 0.0000,
        0.0000, 0.0000, 0.0000, 0.0000, 0.0000, 0.0000, 0.0000, 0.0000, 0.0000,
        0.0000, 0.0000, 0.0000, 0.0000, 0.0000, 0.0000, 0.0000, 0.0000, 0.0000,
        0.0000, 0.0000, 0.1319, 0.0000, 0.0000, 0.0000, 0.0000])
tensor([0.0000, 0.2000, 0.3133, 0.0133, 0.1288, 0.1254, 0.0000, 0.0000, 0.0000,
        0.0000, 0.8288, 0.0000, 0.1754, 0.6556, 0.0000, 0.0000, 0.0000, 0.0139,
        0.0000, 0.0000, 0.0000, 0.0000, 0.0000, 0.0000, 0.0000, 0.0000, 0.0000,
        0.0000, 0.0000, 0.0000, 0.0000, 0.0000, 0.0000, 0.0000, 0.0000, 0.0128,
        0.0000, 0.0000, 0.2449, 0.0000, 0.0000, 0.0000, 0.0000])
tensor([0.0000, 0.3236, 0.3200, 0.0689, 0.1348, 0.3968, 0.0000, 0.0000, 0.0000,
        0.0000, 0.6833, 0.0714, 0.3536, 0.7931, 0.0000, 0.0000, 0.0000, 0.6583,
        0.0872, 0.0000, 0.0000, 0.0000, 0.0000, 0.0000, 0.0000, 0.0083, 0.0000,
        0.0000, 0.0000, 0.0000, 0.0000, 0.0000, 0.0000, 0.0000, 0.0000, 0.1103,
        0.0000, 0.0000, 0.5971, 0.0000, 0.0000, 0.0000, 0.0000])
tensor([0.0000, 0.5292, 0.2947, 0.0711, 0.1288, 0.4492, 0.0000, 0.0000, 0.0000,
        0.2021, 0.6667, 0.3238, 0.5420, 0.8931, 0.2296, 0.0000, 0.0000, 0.8056,
        0.5077, 0.0000, 0.0000, 0.0000, 0.0000, 0.0000, 0.0000, 0.4125, 0.0000,
        0.0000, 0.0000, 0.0000, 0.0000, 0.1667, 0.0000, 0.0000, 0.0000, 0.3462,
        0.0000, 0.0000, 0.8174, 0.0000, 0.0000, 0.0000, 0.0000])
tensor([0.0000, 0.6097, 0.2907, 0.0867, 0.1515, 0.4968, 0.0000, 0.0333, 0.0000,
        0.4292, 0.8288, 0.5548, 0.7522, 0.9444, 0.7815, 0.0476, 0.1733, 0.8472,
        0.5667, 0.0000, 0.0000, 0.0000, 0.0000, 0.0067, 0.0000, 0.7875, 0.0222,
        0.0000, 0.0667, 0.0000, 0.0000, 0.3222, 0.0000, 0.6476, 0.0000, 0.5103,
        0.0000, 0.0000, 0.8870, 0.0000, 0.0000, 0.0000, 0.0000])
tensor([0.0000, 0.6903, 0.3160, 0.2644, 0.2197, 0.6444, 0.5467, 0.3133, 0.0044,
        0.6438, 0.8803, 0.6952, 0.8014, 0.9417, 0.9037, 0.2048, 0.6267, 0.9333,
        0.5128, 0.0000, 0.0111, 0.0778, 0.3500, 0.1267, 0.0000, 0.8396, 0.1056,
        0.0000, 0.3267, 0.0000, 0.0067, 0.7037, 0.1833, 0.9429, 0.5500, 0.7282,
        0.0917, 0.0667, 0.8696, 0.5889, 0.2444, 0.2667, 0.0000])
tensor([0.0000, 0.7139, 0.4693, 0.4756, 0.6939, 0.7190, 0.6067, 0.4400, 0.1133,
        0.7000, 0.8985, 0.7762, 0.8101, 0.9375, 0.9333, 0.4619, 0.8000, 0.9361,
        0.6077, 0.0000, 0.3444, 0.2333, 0.6667, 0.3667, 0.0000, 0.8646, 0.2389,
        0.2000, 0.3800, 0.0111, 0.1600, 0.8778, 0.6167, 0.9143, 0.8000, 0.8179,
        0.4833, 0.6000, 0.9406, 0.6667, 0.4222, 0.6500, 0.1889])
tensor([0.0000, 0.7444, 0.6493, 0.7089, 0.7500, 0.7397, 0.6400, 0.5089, 0.4044,
        0.7708, 0.9182, 0.8262, 0.8130, 0.9625, 0.9444, 0.7762, 0.8600, 0.9472,
        0.6282, 0.0000, 0.5667, 0.2000, 0.8000, 0.4733, 0.0000, 0.8583, 0.2000,
        0.3167, 0.6600, 0.0889, 0.0600, 0.9407, 0.5500, 0.9714, 0.9083, 0.8103,
        0.6833, 0.6000, 0.9101, 0.6444, 0.4889, 0.6833, 0.4000])
tensor([0.0000, 0.8250, 0.6760, 0.7200, 0.8455, 0.7683, 0.6533, 0.5778, 0.6667,
        0.8292, 0.9197, 0.8190, 0.8580, 0.9458, 0.9556, 0.8524, 0.9733, 0.9500,
        0.6410, 0.1667, 0.6556, 0.3333, 0.8500, 0.5333, 0.0222, 0.8542, 0.3111,
        0.3500, 0.6467, 0.5889, 0.2933, 0.9370, 0.7000, 0.9381, 0.9500, 0.9282,
        0.7500, 0.7333, 0.9217, 0.6778, 0.5222, 0.7333, 0.5667])
tensor([0.0000, 0.8000, 0.7653, 0.6956, 0.8712, 0.7984, 0.6600, 0.6467, 0.6556,
        0.8708, 0.9424, 0.8167, 0.8913, 0.9472, 0.9778, 0.8429, 0.9800, 0.9417,
        0.6282, 0.3000, 0.7889, 0.3333, 0.8667, 0.5800, 0.0889, 0.8583, 0.4833,
        0.3833, 0.6600, 0.7111, 0.4000, 0.9481, 0.6167, 0.9762, 0.9500, 0.9436,
        0.8000, 0.7667, 0.9290, 0.7222, 0.7111, 0.7333, 0.6222])
tensor([0.0167, 0.8181, 0.7627, 0.7800, 0.8985, 0.7968, 0.6667, 0.6689, 0.7511,
        0.9083, 0.9424, 0.8333, 0.8855, 0.9500, 0.9815, 0.8476, 0.9800, 0.9528,
        0.6436, 0.3667, 0.8444, 0.2556, 0.9000, 0.5933, 0.2222, 0.8667, 0.4944,
        0.4000, 0.6867, 0.7444, 0.5067, 0.9407, 0.7333, 0.9714, 0.9583, 0.9513,
        0.7667, 0.8000, 0.9348, 0.7667, 0.6333, 0.7833, 0.6667])
tensor([0.0167, 0.8639, 0.8120, 0.8200, 0.8591, 0.8254, 0.6533, 0.6644, 0.7800,
        0.9292, 0.9439, 0.8476, 0.8899, 0.9583, 0.9926, 0.8810, 0.9800, 0.9444,
        0.6487, 0.3667, 0.8667, 0.4444, 0.9000, 0.6400, 0.3778, 0.8646, 0.6111,
        0.4000, 0.7600, 0.8667, 0.5400, 0.9185, 0.8333, 0.9714, 0.9667, 0.9487,
        0.8083, 0.8500, 0.9377, 0.8556, 0.8667, 0.7833, 0.6778])
tensor([0.1167, 0.8597, 0.8147, 0.8311, 0.8894, 0.8238, 0.6800, 0.6844, 0.8178,
        0.9375, 0.9455, 0.8548, 0.8957, 0.9611, 0.9926, 0.8714, 0.9800, 0.9472,
        0.6590, 0.4333, 0.9000, 0.3111, 0.8917, 0.6133, 0.4222, 0.8562, 0.6444,
        0.4333, 0.8067, 0.7778, 0.7200, 0.9333, 0.9000, 0.9714, 0.9750, 0.9590,
        0.8250, 0.8667, 0.9420, 0.9222, 0.8111, 0.7833, 0.7000])
tensor([0.1000, 0.9042, 0.8320, 0.8667, 0.8773, 0.8143, 0.7133, 0.6956, 0.8244,
        0.9458, 0.9455, 0.8690, 0.9058, 0.9583, 0.9926, 0.8857, 0.9800, 0.9528,
        0.6615, 0.4500, 0.9222, 0.4778, 0.9083, 0.7333, 0.5778, 0.8646, 0.7000,
        0.4333, 0.8600, 0.8778, 0.6600, 0.9037, 0.8333, 0.9714, 0.9750, 0.9615,
        0.8250, 0.9000, 0.9478, 0.9667, 0.8667, 0.8500, 0.6778])
tensor([0.1667, 0.8986, 0.8373, 0.8200, 0.9121, 0.8270, 0.7133, 0.7022, 0.8022,
        0.9438, 0.9409, 0.8738, 0.8971, 0.9542, 0.9963, 0.8667, 0.9800, 0.9583,
        0.6949, 0.4667, 0.9444, 0.4222, 0.9083, 0.6467, 0.6000, 0.8708, 0.7000,
        0.4500, 0.8600, 0.8444, 0.7200, 0.8852, 0.8667, 0.9619, 0.9583, 0.9641,
        0.8083, 0.9167, 0.9551, 0.9667, 0.8778, 0.8000, 0.7444])
tensor([0.2167, 0.9056, 0.8680, 0.8689, 0.9030, 0.8397, 0.7400, 0.7133, 0.8378,
        0.9438, 0.9530, 0.8738, 0.9101, 0.9583, 0.9963, 0.8857, 0.9800, 0.9417,
        0.7026, 0.4667, 0.9556, 0.4333, 0.9083, 0.7333, 0.5889, 0.8625, 0.7222,
        0.4500, 0.8400, 0.8889, 0.7333, 0.9259, 0.8833, 0.9762, 0.9750, 0.9641,
        0.8333, 0.9167, 0.9507, 0.9667, 0.9111, 0.8500, 0.7333])
tensor([0.1667, 0.9083, 0.8973, 0.8756, 0.9091, 0.8460, 0.7333, 0.7333, 0.8311,
        0.9521, 0.9591, 0.8738, 0.9145, 0.9597, 1.0000, 0.8810, 0.9800, 0.9333,
        0.7256, 0.4667, 0.9556, 0.4667, 0.9083, 0.7267, 0.6222, 0.8729, 0.7167,
        0.4500, 0.8333, 0.9000, 0.7333, 0.9296, 0.9000, 0.9762, 0.9750, 0.9641,
        0.8417, 0.9333, 0.9464, 0.9667, 0.9111, 0.8500, 0.7333])
tensor([0.3500, 0.9139, 0.9053, 0.9000, 0.9000, 0.8413, 0.7133, 0.7356, 0.8756,
        0.9646, 0.9576, 0.9119, 0.9290, 0.9597, 0.9963, 0.9048, 0.9800, 0.9472,
        0.6974, 0.4667, 0.9667, 0.5000, 0.9083, 0.7333, 0.6667, 0.8687, 0.7667,
        0.4500, 0.9067, 0.9333, 0.7333, 0.9296, 0.9500, 0.9762, 0.9750, 0.9667,
        0.8583, 0.9333, 0.9565, 0.9667, 0.9222, 0.8500, 0.7556])
tensor([0.3000, 0.9167, 0.9160, 0.8956, 0.9076, 0.8492, 0.7400, 0.7622, 0.8578,
        0.9667, 0.9591, 0.9143, 0.9261, 0.9694, 1.0000, 0.8810, 0.9800, 0.9389,
        0.6692, 0.4667, 0.9556, 0.4889, 0.9083, 0.7867, 0.6444, 0.8771, 0.7944,
        0.4667, 0.8733, 0.9000, 0.7533, 0.9481, 0.9333, 0.9762, 0.9750, 0.9615,
        0.8667, 0.9333, 0.9551, 0.9667, 0.9111, 0.8500, 0.8000])
tensor([0.4000, 0.9125, 0.9133, 0.9000, 0.9000, 0.8556, 0.7667, 0.7756, 0.8822,
        0.9708, 0.9591, 0.9429, 0.9116, 0.9653, 1.0000, 0.8857, 0.9800, 0.9306,
        0.6821, 0.4667, 0.9667, 0.5111, 0.9083, 0.8800, 0.6556, 0.8708, 0.8000,
        0.4833, 0.9067, 0.9222, 0.6933, 0.9370, 0.8667, 0.9762, 0.9750, 0.9641,
        0.8667, 0.9833, 0.9594, 0.9667, 0.9333, 0.8500, 0.8556])
tensor([0.4167, 0.9153, 0.9187, 0.8978, 0.9045, 0.8635, 0.7467, 0.7733, 0.8867,
        0.9688, 0.9591, 0.9262, 0.9304, 0.9667, 1.0000, 0.8952, 0.9800, 0.9361,
        0.7308, 0.4667, 0.9778, 0.5111, 0.9083, 0.8733, 0.6889, 0.8792, 0.7722,
        0.4833, 0.8933, 0.9222, 0.7400, 0.9407, 0.9500, 0.9714, 0.9833, 0.9692,
        0.8750, 0.9500, 0.9594, 0.9667, 0.8889, 0.8667, 0.7778])
tensor([0.4000, 0.9264, 0.9280, 0.9133, 0.9091, 0.8619, 0.7533, 0.7644, 0.9000,
        0.9708, 0.9591, 0.9381, 0.9275, 0.9708, 1.0000, 0.8810, 0.9800, 0.9306,
        0.7077, 0.4833, 0.9667, 0.4889, 0.9083, 0.8000, 0.7000, 0.8771, 0.8000,
        0.4833, 0.9133, 0.9000, 0.7533, 0.9556, 0.9000, 0.9810, 0.9833, 0.9590,
        0.8917, 0.9667, 0.9565, 0.9556, 0.8889, 0.8667, 0.8111])
tensor([0.3500, 0.9319, 0.9293, 0.9067, 0.9030, 0.8683, 0.7667, 0.7622, 0.9089,
        0.9750, 0.9591, 0.9143, 0.9290, 0.9653, 1.0000, 0.9048, 0.9800, 0.9361,
        0.7231, 0.5000, 0.9667, 0.5333, 0.9083, 0.8467, 0.6889, 0.8854, 0.8111,
        0.4833, 0.8800, 0.9222, 0.7733, 0.9481, 0.8000, 0.9857, 0.9833, 0.9641,
        0.9167, 0.9667, 0.9464, 0.9667, 0.9000, 0.8833, 0.7889])
tensor([0.4000, 0.9361, 0.9293, 0.9289, 0.9106, 0.8698, 0.7533, 0.7756, 0.9222,
        0.9750, 0.9591, 0.9500, 0.9362, 0.9667, 1.0000, 0.9048, 0.9733, 0.9278,
        0.7231, 0.5000, 0.9778, 0.5222, 0.9167, 0.8533, 0.7333, 0.8833, 0.8278,
        0.4833, 0.9133, 0.9333, 0.7333, 0.9556, 0.8667, 0.9857, 0.9750, 0.9744,
        0.9167, 0.9667, 0.9594, 0.9667, 0.9111, 0.8500, 0.8778])
tensor([0.3833, 0.9319, 0.9440, 0.8822, 0.9152, 0.8841, 0.7600, 0.7711, 0.9222,
        0.9771, 0.9621, 0.9405, 0.9290, 0.9681, 1.0000, 0.9048, 0.9733, 0.9278,
        0.7359, 0.5000, 0.9778, 0.5444, 0.9167, 0.9067, 0.7667, 0.8813, 0.8389,
        0.4833, 0.9200, 0.9333, 0.7667, 0.9593, 0.9000, 0.9857, 0.9750, 0.9744,
        0.9167, 0.9667, 0.9594, 0.9667, 0.9111, 0.8833, 0.8556])
tensor([0.4167, 0.9375, 0.9267, 0.9244, 0.9227, 0.8794, 0.7600, 0.7689, 0.9244,
        0.9750, 0.9591, 0.9310, 0.9304, 0.9694, 1.0000, 0.9095, 0.9800, 0.9361,
        0.7359, 0.5000, 0.9778, 0.5333, 0.9167, 0.9067, 0.7444, 0.8854, 0.8333,
        0.4833, 0.9400, 0.9333, 0.7667, 0.9444, 0.9167, 0.9810, 0.9750, 0.9667,
        0.9250, 0.9667, 0.9594, 0.9667, 0.9111, 0.8833, 0.7889])
tensor([0.4667, 0.9389, 0.9373, 0.9356, 0.9106, 0.8810, 0.7667, 0.7689, 0.9267,
        0.9729, 0.9621, 0.9238, 0.9290, 0.9681, 1.0000, 0.9000, 0.9800, 0.9333,
        0.7385, 0.6000, 0.9778, 0.5444, 0.9167, 0.9333, 0.8000, 0.8792, 0.8389,
        0.5000, 0.9200, 0.9333, 0.7333, 0.9556, 0.8333, 0.9857, 0.9750, 0.9692,
        0.9250, 0.9833, 0.9594, 0.9667, 0.9111, 0.9000, 0.8111])
tensor([0.4667, 0.9431, 0.9427, 0.9378, 0.9152, 0.8810, 0.7600, 0.7956, 0.9289,
        0.9771, 0.9636, 0.9357, 0.9319, 0.9708, 1.0000, 0.9095, 0.9800, 0.9361,
        0.7179, 0.5667, 0.9778, 0.5556, 0.9000, 0.9067, 0.8222, 0.8854, 0.8667,
        0.4833, 0.9333, 0.9222, 0.7933, 0.9556, 0.8333, 0.9857, 0.9833, 0.9769,
        0.9250, 0.9667, 0.9580, 0.9667, 0.9111, 0.8833, 0.8444])
tensor([0.4500, 0.9389, 0.9493, 0.9111, 0.9106, 0.8905, 0.7667, 0.7978, 0.9289,
        0.9771, 0.9636, 0.9167, 0.9290, 0.9694, 1.0000, 0.9048, 0.9733, 0.9333,
        0.7564, 0.5667, 0.9778, 0.6000, 0.9250, 0.9133, 0.8222, 0.8917, 0.8500,
        0.5000, 0.9200, 0.9222, 0.7733, 0.9556, 0.7167, 0.9810, 0.9750, 0.9769,
        0.9250, 0.9667, 0.9594, 0.9667, 0.9111, 0.8833, 0.8444])
tensor([0.6000, 0.9458, 0.9440, 0.9356, 0.9303, 0.8825, 0.7800, 0.7711, 0.9289,
        0.9771, 0.9636, 0.9286, 0.9319, 0.9708, 1.0000, 0.9048, 0.9733, 0.9361,
        0.7769, 0.6333, 0.9778, 0.6333, 0.9167, 0.9067, 0.8333, 0.8938, 0.8500,
        0.5000, 0.9200, 0.9000, 0.7667, 0.9593, 0.8333, 0.9857, 0.9833, 0.9744,
        0.9417, 0.9667, 0.9522, 0.9667, 0.9111, 0.8833, 0.8000])
tensor([0.4000, 0.9514, 0.9587, 0.9400, 0.9076, 0.8825, 0.7400, 0.8111, 0.9289,
        0.9771, 0.9621, 0.9595, 0.9362, 0.9681, 1.0000, 0.9143, 0.9733, 0.9333,
        0.7385, 0.6500, 0.9778, 0.6333, 0.9250, 0.9267, 0.8444, 0.8896, 0.8722,
        0.5000, 0.9133, 0.8667, 0.7400, 0.9667, 0.8167, 0.9810, 0.9750, 0.9769,
        0.9417, 0.9667, 0.9580, 0.9667, 0.9111, 0.9167, 0.9000])
tensor([0.5000, 0.9431, 0.9573, 0.9156, 0.9197, 0.8905, 0.7467, 0.7844, 0.9311,
        0.9771, 0.9621, 0.9405, 0.9391, 0.9694, 1.0000, 0.9095, 0.9733, 0.9306,
        0.7590, 0.6500, 0.9778, 0.6222, 0.9250, 0.9067, 0.8444, 0.9000, 0.8611,
        0.5000, 0.9133, 0.9000, 0.8067, 0.9667, 0.8167, 0.9857, 0.9750, 0.9769,
        0.9500, 0.9667, 0.9580, 0.9667, 0.9111, 0.9000, 0.9000])
tensor([0.4500, 0.9569, 0.9480, 0.9244, 0.9288, 0.8937, 0.7800, 0.8156, 0.9311,
        0.9771, 0.9636, 0.9405, 0.9391, 0.9708, 1.0000, 0.9000, 0.9800, 0.9278,
        0.7436, 0.6500, 0.9778, 0.5778, 0.9250, 0.9400, 0.8444, 0.9042, 0.8556,
        0.5000, 0.9333, 0.8556, 0.7667, 0.9778, 0.7167, 0.9857, 0.9833, 0.9769,
        0.9500, 0.9667, 0.9638, 0.9667, 0.9111, 0.9000, 0.8778])
tensor([0.5500, 0.9514, 0.9600, 0.9444, 0.9182, 0.8841, 0.7667, 0.8178, 0.9356,
        0.9792, 0.9621, 0.9524, 0.9377, 0.9681, 1.0000, 0.9238, 0.9733, 0.9194,
        0.7590, 0.7167, 0.9778, 0.6667, 0.9250, 0.9267, 0.8778, 0.9042, 0.8667,
        0.5000, 0.9267, 0.8667, 0.7467, 0.9630, 0.7500, 0.9810, 0.9833, 0.9769,
        0.9500, 0.9667, 0.9652, 0.9667, 0.9000, 0.9167, 0.8556])
tensor([0.5333, 0.9583, 0.9600, 0.9244, 0.9273, 0.8921, 0.7467, 0.8111, 0.9378,
        0.9792, 0.9636, 0.9357, 0.9348, 0.9694, 1.0000, 0.9095, 0.9800, 0.9333,
        0.7615, 0.6500, 0.9778, 0.6111, 0.9250, 0.9533, 0.8667, 0.9021, 0.8667,
        0.5000, 0.9067, 0.8556, 0.7667, 0.9741, 0.6500, 0.9810, 0.9833, 0.9769,
        0.9500, 0.9667, 0.9609, 0.9667, 0.9000, 0.9333, 0.7889])
tensor([0.5833, 0.9528, 0.9680, 0.9267, 0.9212, 0.8968, 0.7600, 0.8178, 0.9400,
        0.9771, 0.9636, 0.9357, 0.9391, 0.9708, 1.0000, 0.9238, 0.9800, 0.9361,
        0.7897, 0.7500, 0.9778, 0.6222, 0.9250, 0.9533, 0.8667, 0.9062, 0.8611,
        0.5000, 0.9200, 0.9111, 0.7667, 0.9667, 0.7667, 0.9810, 0.9750, 0.9795,
        0.9500, 0.9500, 0.9609, 0.9667, 0.9000, 0.9333, 0.8778])
tensor([0.5333, 0.9597, 0.9680, 0.9111, 0.9136, 0.9016, 0.7733, 0.8178, 0.9400,
        0.9833, 0.9652, 0.9500, 0.9406, 0.9708, 1.0000, 0.9238, 0.9800, 0.9333,
        0.7615, 0.7500, 0.9778, 0.7000, 0.9167, 0.9333, 0.8667, 0.9042, 0.8778,
        0.5000, 0.9600, 0.8556, 0.7800, 0.9741, 0.7000, 0.9857, 0.9833, 0.9769,
        0.9500, 0.9667, 0.9580, 0.9667, 0.9111, 0.9167, 0.9000])
tensor([0.6667, 0.9569, 0.9667, 0.9178, 0.9258, 0.8952, 0.7733, 0.8200, 0.9400,
        0.9812, 0.9667, 0.9262, 0.9464, 0.9736, 1.0000, 0.9286, 0.9733, 0.9250,
        0.7769, 0.7333, 0.9889, 0.6889, 0.9250, 0.9333, 0.8778, 0.9104, 0.8833,
        0.5000, 0.9133, 0.8556, 0.8000, 0.9741, 0.7667, 0.9857, 0.9833, 0.9821,
        0.9417, 0.9667, 0.9580, 0.9667, 0.8778, 0.9333, 0.8778])
tensor([0.5833, 0.9597, 0.9707, 0.9422, 0.9136, 0.8968, 0.7800, 0.8178, 0.9422,
        0.9771, 0.9667, 0.9405, 0.9493, 0.9750, 1.0000, 0.9286, 0.9800, 0.9278,
        0.7769, 0.7500, 0.9889, 0.6778, 0.9167, 0.9400, 0.8556, 0.9021, 0.8722,
        0.5000, 0.9467, 0.9111, 0.7867, 0.9630, 0.7667, 0.9810, 0.9833, 0.9795,
        0.9500, 0.9500, 0.9652, 0.9667, 0.8889, 0.9167, 0.8556])
tensor([0.7333, 0.9556, 0.9640, 0.9178, 0.9333, 0.8984, 0.7600, 0.8422, 0.9400,
        0.9792, 0.9682, 0.9571, 0.9449, 0.9736, 1.0000, 0.9190, 0.9800, 0.9333,
        0.7846, 0.7833, 0.9889, 0.6778, 0.9250, 0.9600, 0.8667, 0.9042, 0.8611,
        0.5000, 0.9533, 0.8667, 0.7733, 0.9741, 0.8500, 0.9857, 0.9750, 0.9821,
        0.9500, 0.9667, 0.9594, 0.9667, 0.9111, 0.9167, 0.9000])
tensor([0.7000, 0.9597, 0.9653, 0.9489, 0.9318, 0.9000, 0.7800, 0.8267, 0.9444,
        0.9771, 0.9667, 0.9357, 0.9420, 0.9750, 1.0000, 0.9143, 0.9800, 0.9278,
        0.7795, 0.7667, 0.9889, 0.7000, 0.9250, 0.9600, 0.8556, 0.9104, 0.8500,
        0.5000, 0.9400, 0.9333, 0.8000, 0.9741, 0.7833, 0.9810, 0.9833, 0.9795,
        0.9500, 0.9500, 0.9638, 0.9667, 0.8889, 0.9500, 0.8444])
tensor([0.5500, 0.9625, 0.9627, 0.9333, 0.9348, 0.9016, 0.7867, 0.8267, 0.9378,
        0.9812, 0.9682, 0.9310, 0.9464, 0.9750, 1.0000, 0.9286, 0.9800, 0.9250,
        0.7795, 0.8167, 0.9889, 0.5667, 0.9250, 0.9733, 0.8778, 0.9021, 0.8889,
        0.5000, 0.9533, 0.8778, 0.7667, 0.9778, 0.7667, 0.9810, 0.9750, 0.9897,
        0.9417, 0.9500, 0.9638, 0.9667, 0.9000, 0.9333, 0.8444])
tensor([0.7333, 0.9625, 0.9680, 0.9467, 0.9258, 0.8984, 0.7800, 0.8444, 0.9467,
        0.9833, 0.9682, 0.9429, 0.9435, 0.9736, 1.0000, 0.9286, 0.9733, 0.9306,
        0.7744, 0.7500, 0.9889, 0.6889, 0.9250, 0.9733, 0.8778, 0.9104, 0.8667,
        0.5000, 0.9600, 0.8667, 0.7667, 0.9778, 0.7500, 0.9810, 0.9833, 0.9872,
        0.9500, 0.9500, 0.9681, 0.9667, 0.9000, 0.9333, 0.9000])
tensor([0.6833, 0.9639, 0.9693, 0.9444, 0.9273, 0.8952, 0.7800, 0.8289, 0.9511,
        0.9875, 0.9667, 0.9452, 0.9464, 0.9722, 1.0000, 0.9286, 0.9800, 0.9333,
        0.7821, 0.7500, 0.9889, 0.6667, 0.9250, 0.9600, 0.8778, 0.9021, 0.8667,
        0.5000, 0.9600, 0.8667, 0.7933, 0.9778, 0.7667, 0.9810, 0.9750, 0.9872,
        0.9500, 0.9500, 0.9623, 0.9667, 0.9000, 0.9167, 0.8667])
tensor([0.6833, 0.9639, 0.9693, 0.9467, 0.9288, 0.9079, 0.7733, 0.8444, 0.9422,
        0.9812, 0.9682, 0.9524, 0.9420, 0.9750, 1.0000, 0.9381, 0.9733, 0.9333,
        0.7897, 0.7833, 0.9889, 0.6667, 0.9250, 0.9733, 0.8667, 0.9042, 0.8722,
        0.5000, 0.9333, 0.8889, 0.7800, 0.9778, 0.7333, 0.9952, 0.9833, 0.9821,
        0.9417, 0.9667, 0.9580, 0.9667, 0.8889, 0.9333, 0.8556])
tensor([0.7333, 0.9625, 0.9707, 0.9378, 0.9212, 0.9016, 0.7733, 0.8556, 0.9489,
        0.9854, 0.9727, 0.9452, 0.9536, 0.9736, 1.0000, 0.9429, 0.9800, 0.9389,
        0.7769, 0.8000, 0.9889, 0.7111, 0.9250, 0.9600, 0.8667, 0.9083, 0.8722,
        0.5000, 0.9400, 0.8667, 0.7933, 0.9741, 0.7667, 0.9810, 0.9750, 0.9846,
        0.9500, 0.9500, 0.9652, 0.9667, 0.8889, 0.9167, 0.8444])
tensor([0.7333, 0.9639, 0.9693, 0.9444, 0.9227, 0.9032, 0.7800, 0.8444, 0.9467,
        0.9833, 0.9682, 0.9500, 0.9493, 0.9708, 1.0000, 0.9286, 0.9800, 0.9222,
        0.7795, 0.8000, 0.9889, 0.7000, 0.9250, 0.9733, 0.8667, 0.9083, 0.8722,
        0.5000, 0.9333, 0.8778, 0.7800, 0.9778, 0.7333, 0.9810, 0.9750, 0.9897,
        0.9500, 0.9333, 0.9696, 0.9667, 0.8889, 0.9167, 0.9000])
tensor([0.7333, 0.9653, 0.9693, 0.9467, 0.9242, 0.8984, 0.7800, 0.8467, 0.9600,
        0.9833, 0.9712, 0.9405, 0.9551, 0.9736, 1.0000, 0.9381, 0.9800, 0.9250,
        0.7692, 0.7500, 0.9889, 0.7000, 0.9250, 0.9667, 0.8556, 0.9146, 0.8667,
        0.5000, 0.9467, 0.8889, 0.7733, 0.9815, 0.7667, 0.9810, 0.9833, 0.9872,
        0.9500, 0.9333, 0.9681, 0.9667, 0.8778, 0.9500, 0.8889])
tensor([0.7333, 0.9653, 0.9680, 0.9422, 0.9167, 0.9063, 0.7667, 0.8444, 0.9556,
        0.9854, 0.9742, 0.9548, 0.9536, 0.9736, 1.0000, 0.9429, 0.9800, 0.9194,
        0.7821, 0.8000, 0.9889, 0.6778, 0.9333, 0.9667, 0.8556, 0.9146, 0.8667,
        0.5000, 0.9467, 0.8667, 0.7800, 0.9741, 0.7667, 0.9857, 0.9833, 0.9897,
        0.9500, 0.9333, 0.9710, 0.9667, 0.8778, 0.9667, 0.8222])
tensor([0.7500, 0.9667, 0.9707, 0.9222, 0.9227, 0.9063, 0.7867, 0.8622, 0.9556,
        0.9854, 0.9742, 0.9381, 0.9609, 0.9708, 1.0000, 0.9286, 0.9800, 0.9250,
        0.7974, 0.8667, 0.9889, 0.7111, 0.9333, 0.9667, 0.8667, 0.9167, 0.8500,
        0.5000, 0.9467, 0.8667, 0.7933, 0.9741, 0.7667, 0.9810, 0.9833, 0.9897,
        0.9500, 0.9833, 0.9652, 0.9667, 0.8667, 0.9667, 0.8778])
tensor([0.7833, 0.9625, 0.9747, 0.9422, 0.9242, 0.9048, 0.7867, 0.8556, 0.9533,
        0.9875, 0.9712, 0.9429, 0.9507, 0.9750, 1.0000, 0.9381, 0.9733, 0.9194,
        0.7769, 0.8167, 0.9889, 0.6667, 0.9250, 0.9667, 0.8667, 0.9083, 0.8833,
        0.5000, 0.9467, 0.9111, 0.8000, 0.9815, 0.7500, 0.9952, 0.9833, 0.9872,
        0.9500, 0.9833, 0.9623, 0.9667, 0.8889, 0.9333, 0.9111])
tensor([0.7667, 0.9611, 0.9760, 0.9511, 0.9273, 0.9095, 0.7867, 0.8489, 0.9622,
        0.9833, 0.9758, 0.9524, 0.9536, 0.9778, 1.0000, 0.9286, 0.9800, 0.9250,
        0.7744, 0.8667, 0.9889, 0.7111, 0.9250, 0.9533, 0.8778, 0.9104, 0.8889,
        0.5000, 0.9467, 0.8667, 0.8200, 0.9778, 0.7333, 0.9952, 0.9833, 0.9872,
        0.9500, 0.9667, 0.9681, 0.9667, 0.8889, 0.9833, 0.8778])
tensor([0.7833, 0.9625, 0.9707, 0.9422, 0.9227, 0.9016, 0.7800, 0.8622, 0.9644,
        0.9875, 0.9742, 0.9429, 0.9478, 0.9750, 1.0000, 0.9476, 0.9800, 0.9194,
        0.7795, 0.8500, 0.9889, 0.7000, 0.9250, 0.9800, 0.8667, 0.9187, 0.8889,
        0.5000, 0.9467, 0.8889, 0.7867, 0.9778, 0.7333, 0.9905, 0.9833, 0.9897,
        0.9500, 0.9667, 0.9725, 0.9667, 0.8889, 0.9500, 0.8778])
tensor([0.7500, 0.9625, 0.9680, 0.9356, 0.9242, 0.9190, 0.7933, 0.8689, 0.9644,
        0.9854, 0.9727, 0.9524, 0.9638, 0.9736, 1.0000, 0.9238, 0.9800, 0.9250,
        0.7923, 0.8333, 0.9889, 0.7000, 0.9167, 0.9667, 0.8778, 0.9208, 0.8444,
        0.5000, 0.9467, 0.8778, 0.8067, 0.9815, 0.7333, 0.9905, 0.9750, 0.9897,
        0.9500, 0.9333, 0.9696, 0.9667, 0.9000, 0.9500, 0.9111])
tensor([0.7833, 0.9667, 0.9720, 0.9311, 0.9288, 0.9111, 0.7933, 0.8578, 0.9556,
        0.9896, 0.9758, 0.9524, 0.9565, 0.9750, 1.0000, 0.9286, 0.9800, 0.9222,
        0.7949, 0.8333, 0.9889, 0.7111, 0.9250, 0.9800, 0.8778, 0.9208, 0.8667,
        0.5000, 0.9467, 0.8667, 0.8000, 0.9815, 0.7667, 0.9905, 0.9750, 0.9897,
        0.9500, 0.9500, 0.9725, 0.9667, 0.9111, 1.0000, 0.8667])
tensor([0.7667, 0.9667, 0.9747, 0.9222, 0.9273, 0.9175, 0.7667, 0.8444, 0.9644,
        0.9937, 0.9758, 0.9476, 0.9580, 0.9764, 1.0000, 0.9238, 0.9800, 0.9306,
        0.7846, 0.8833, 0.9889, 0.7000, 0.9417, 0.9733, 0.8778, 0.9208, 0.8667,
        0.5000, 0.9333, 0.8889, 0.8067, 0.9852, 0.7333, 0.9905, 0.9833, 0.9897,
        0.9583, 0.9667, 0.9696, 0.9667, 0.8778, 0.9500, 0.9333])
tensor([0.7667, 0.9653, 0.9773, 0.9489, 0.9242, 0.9159, 0.7800, 0.8667, 0.9622,
        0.9917, 0.9758, 0.9643, 0.9565, 0.9736, 1.0000, 0.9524, 0.9800, 0.9306,
        0.7795, 0.9000, 0.9889, 0.7000, 0.9250, 0.9733, 0.8667, 0.9187, 0.8778,
        0.5000, 0.9467, 0.8667, 0.8200, 0.9778, 0.7500, 0.9857, 0.9750, 0.9897,
        0.9583, 0.9500, 0.9710, 0.9667, 0.8778, 1.0000, 0.8778])
tensor([0.7500, 0.9639, 0.9720, 0.9378, 0.9333, 0.9048, 0.7667, 0.8778, 0.9622,
        0.9917, 0.9758, 0.9524, 0.9536, 0.9736, 1.0000, 0.9476, 0.9800, 0.9278,
        0.7821, 0.8500, 0.9889, 0.6778, 0.9333, 0.9733, 0.8778, 0.9208, 0.8667,
        0.5000, 0.9467, 0.8889, 0.8000, 0.9852, 0.7333, 0.9952, 0.9833, 0.9897,
        0.9500, 0.9500, 0.9739, 0.9667, 0.9111, 0.9333, 0.8889])
tensor([0.7833, 0.9653, 0.9720, 0.9667, 0.9348, 0.9016, 0.7800, 0.8822, 0.9600,
        0.9937, 0.9742, 0.9571, 0.9609, 0.9764, 1.0000, 0.9667, 0.9867, 0.9250,
        0.7872, 0.9333, 0.9889, 0.6222, 0.9333, 0.9800, 0.8778, 0.9208, 0.8722,
        0.5000, 0.9467, 0.9222, 0.7933, 0.9852, 0.7500, 0.9952, 0.9833, 0.9897,
        0.9500, 0.9667, 0.9725, 0.9667, 0.8889, 0.9333, 0.9556])
tensor([0.8167, 0.9653, 0.9720, 0.9356, 0.9318, 0.9111, 0.7733, 0.8711, 0.9644,
        0.9937, 0.9742, 0.9571, 0.9580, 0.9708, 1.0000, 0.9619, 0.9933, 0.9278,
        0.7872, 0.9167, 0.9889, 0.6889, 0.9333, 0.9800, 0.8667, 0.9208, 0.8500,
        0.5000, 0.9467, 0.8889, 0.7800, 0.9852, 0.8000, 0.9905, 0.9833, 0.9923,
        0.9500, 0.9667, 0.9739, 0.9667, 0.8889, 0.9833, 0.9333])
tensor([0.7833, 0.9653, 0.9707, 0.9356, 0.9348, 0.9190, 0.7933, 0.8711, 0.9644,
        0.9896, 0.9773, 0.9452, 0.9522, 0.9736, 1.0000, 0.9381, 0.9800, 0.9222,
        0.7846, 0.9000, 0.9889, 0.7111, 0.9333, 0.9800, 0.8778, 0.9208, 0.8444,
        0.5000, 0.9400, 0.8889, 0.7933, 0.9852, 0.7167, 0.9857, 0.9833, 0.9897,
        0.9667, 0.9667, 0.9696, 0.9667, 0.8889, 0.9833, 0.9333])
tensor([0.8167, 0.9681, 0.9773, 0.9444, 0.9288, 0.9175, 0.7867, 0.8667, 0.9622,
        0.9937, 0.9758, 0.9548, 0.9580, 0.9750, 1.0000, 0.9619, 0.9867, 0.9222,
        0.7949, 0.8833, 0.9889, 0.6889, 0.9417, 0.9800, 0.8667, 0.9208, 0.8556,
        0.5000, 0.9400, 0.9111, 0.8000, 0.9852, 0.7333, 0.9905, 0.9833, 0.9897,
        0.9667, 0.9500, 0.9710, 0.9667, 0.8778, 1.0000, 0.9556])
tensor([0.8000, 0.9667, 0.9747, 0.9644, 0.9348, 0.9127, 0.7800, 0.8689, 0.9667,
        0.9917, 0.9758, 0.9667, 0.9580, 0.9736, 1.0000, 0.9619, 0.9867, 0.9278,
        0.7897, 0.9333, 0.9889, 0.6889, 0.9333, 0.9800, 0.8667, 0.9208, 0.8500,
        0.5000, 0.9467, 0.9222, 0.7800, 0.9815, 0.7333, 0.9905, 0.9833, 0.9897,
        0.9667, 0.9500, 0.9710, 0.9667, 0.8778, 1.0000, 0.9333])
tensor([0.7667, 0.9653, 0.9760, 0.9467, 0.9379, 0.9206, 0.7733, 0.8778, 0.9622,
        0.9917, 0.9742, 0.9500, 0.9536, 0.9750, 1.0000, 0.9429, 0.9800, 0.9333,
        0.7872, 0.9000, 0.9889, 0.7000, 0.9333, 0.9800, 0.8667, 0.9229, 0.8444,
        0.5000, 0.9467, 0.9222, 0.8000, 0.9815, 0.7333, 0.9905, 0.9833, 0.9897,
        0.9583, 0.9667, 0.9739, 0.9667, 0.8889, 0.9833, 0.9667])
tensor([0.7833, 0.9653, 0.9773, 0.9489, 0.9318, 0.9127, 0.7800, 0.8778, 0.9667,
        0.9937, 0.9758, 0.9786, 0.9565, 0.9722, 1.0000, 0.9429, 0.9800, 0.9222,
        0.7897, 0.8667, 0.9889, 0.6889, 0.9333, 0.9800, 0.8667, 0.9208, 0.8444,
        0.5000, 0.9600, 0.8889, 0.7867, 0.9852, 0.8500, 0.9905, 0.9750, 0.9923,
        0.9667, 0.9500, 0.9739, 0.9667, 0.8889, 1.0000, 0.9333])
tensor([0.8167, 0.9639, 0.9787, 0.9444, 0.9364, 0.9111, 0.7867, 0.8778, 0.9711,
        0.9937, 0.9758, 0.9548, 0.9536, 0.9708, 1.0000, 0.9571, 0.9933, 0.9361,
        0.8000, 0.9333, 0.9889, 0.7222, 0.9333, 0.9800, 0.8667, 0.9167, 0.8389,
        0.5000, 0.9467, 0.9222, 0.7867, 0.9815, 0.8500, 0.9905, 0.9833, 0.9923,
        0.9583, 0.9667, 0.9754, 0.9667, 0.8889, 1.0000, 0.9556])
tensor([0.8000, 0.9681, 0.9747, 0.9578, 0.9348, 0.9111, 0.8000, 0.8778, 0.9711,
        0.9937, 0.9758, 0.9619, 0.9594, 0.9764, 1.0000, 0.9619, 0.9933, 0.9333,
        0.7872, 0.9500, 0.9889, 0.7111, 0.9333, 0.9800, 0.8667, 0.9208, 0.8500,
        0.5000, 0.9533, 0.9222, 0.7933, 0.9815, 0.8500, 0.9952, 0.9833, 0.9897,
        0.9583, 0.9667, 0.9725, 0.9667, 0.8889, 1.0000, 0.9000])
tensor([0.7833, 0.9667, 0.9787, 0.9378, 0.9424, 0.9143, 0.7867, 0.8689, 0.9711,
        0.9937, 0.9758, 0.9548, 0.9594, 0.9722, 1.0000, 0.9619, 0.9933, 0.9361,
        0.7949, 0.9500, 0.9889, 0.6778, 0.9333, 0.9800, 0.8667, 0.9208, 0.8444,
        0.5000, 0.9733, 0.8889, 0.7933, 0.9852, 0.8333, 0.9952, 0.9833, 0.9923,
        0.9583, 0.9833, 0.9725, 0.9667, 0.8889, 1.0000, 0.9333])
tensor([0.8333, 0.9611, 0.9707, 0.9356, 0.9394, 0.9175, 0.7733, 0.8711, 0.9711,
        0.9937, 0.9758, 0.9524, 0.9594, 0.9708, 1.0000, 0.9667, 0.9933, 0.9278,
        0.7795, 0.9167, 0.9889, 0.7000, 0.9333, 0.9800, 0.8667, 0.9208, 0.8611,
        0.5000, 0.9467, 0.9222, 0.8000, 0.9852, 0.8500, 0.9905, 0.9833, 0.9923,
        0.9667, 0.9667, 0.9725, 0.9667, 0.8889, 1.0000, 0.9444])
tensor([0.8167, 0.9681, 0.9813, 0.9511, 0.9364, 0.9111, 0.7800, 0.8778, 0.9644,
        0.9937, 0.9758, 0.9595, 0.9580, 0.9722, 1.0000, 0.9571, 0.9867, 0.9333,
        0.7923, 0.9333, 0.9889, 0.6778, 0.9333, 0.9800, 0.8778, 0.9208, 0.8444,
        0.5000, 0.9533, 0.8889, 0.7800, 0.9852, 0.7500, 0.9905, 0.9833, 0.9923,
        0.9667, 0.9667, 0.9754, 0.9667, 0.8889, 1.0000, 0.9444])
tensor([0.7833, 0.9681, 0.9760, 0.9444, 0.9394, 0.9143, 0.7667, 0.8800, 0.9711,
        0.9896, 0.9788, 0.9667, 0.9623, 0.9708, 1.0000, 0.9571, 0.9933, 0.9278,
        0.7821, 0.9333, 0.9889, 0.6889, 0.9333, 0.9800, 0.8778, 0.9187, 0.8667,
        0.5000, 0.9467, 0.9000, 0.8133, 0.9852, 0.7333, 0.9905, 0.9833, 0.9923,
        0.9667, 0.9667, 0.9710, 0.9667, 0.8889, 0.9833, 0.9222])
tensor([0.8000, 0.9681, 0.9747, 0.9578, 0.9303, 0.9111, 0.7733, 0.8800, 0.9689,
        0.9958, 0.9758, 0.9690, 0.9522, 0.9708, 1.0000, 0.9524, 0.9867, 0.9278,
        0.7897, 0.8833, 0.9889, 0.7111, 0.9333, 0.9733, 0.8667, 0.9208, 0.8556,
        0.5000, 0.9467, 0.9222, 0.8133, 0.9852, 0.7667, 0.9905, 0.9833, 0.9923,
        0.9583, 0.9667, 0.9754, 0.9667, 0.8889, 0.9667, 0.9444])
tensor([0.8500, 0.9639, 0.9813, 0.9422, 0.9364, 0.9143, 0.7733, 0.8711, 0.9711,
        0.9896, 0.9788, 0.9643, 0.9667, 0.9708, 1.0000, 0.9810, 0.9933, 0.9306,
        0.7974, 0.9333, 0.9889, 0.7000, 0.9333, 0.9800, 0.8667, 0.9187, 0.8667,
        0.5000, 0.9467, 0.9222, 0.7933, 0.9852, 0.7500, 0.9905, 0.9833, 0.9923,
        0.9667, 0.9667, 0.9725, 0.9667, 0.8889, 1.0000, 0.9667])
tensor([0.8333, 0.9694, 0.9773, 0.9467, 0.9394, 0.9143, 0.7800, 0.8689, 0.9733,
        0.9937, 0.9758, 0.9595, 0.9536, 0.9722, 1.0000, 0.9762, 0.9933, 0.9389,
        0.7923, 0.9167, 0.9889, 0.7111, 0.9333, 0.9733, 0.8667, 0.9208, 0.8611,
        0.5000, 0.9600, 0.9222, 0.8133, 0.9852, 0.7500, 0.9952, 0.9833, 0.9923,
        0.9750, 0.9667, 0.9696, 0.9667, 0.9000, 0.9833, 0.9222])
tensor([0.7833, 0.9681, 0.9813, 0.9600, 0.9318, 0.9206, 0.8133, 0.8644, 0.9711,
        0.9937, 0.9773, 0.9690, 0.9638, 0.9764, 1.0000, 0.9381, 0.9800, 0.9417,
        0.7923, 0.9333, 0.9889, 0.7000, 0.9333, 0.9800, 0.8778, 0.9208, 0.8500,
        0.5000, 0.9467, 0.9222, 0.8067, 0.9852, 0.8000, 0.9952, 0.9833, 0.9923,
        0.9750, 0.9667, 0.9696, 0.9667, 0.8778, 0.9833, 0.9111])
tensor([0.8500, 0.9625, 0.9760, 0.9422, 0.9379, 0.9175, 0.7867, 0.8867, 0.9667,
        0.9937, 0.9773, 0.9667, 0.9710, 0.9736, 1.0000, 0.9571, 0.9867, 0.9278,
        0.8051, 0.9333, 0.9889, 0.6778, 0.9333, 0.9800, 0.8667, 0.9208, 0.8389,
        0.5000, 0.9667, 0.9222, 0.7867, 0.9815, 0.8167, 0.9905, 0.9833, 0.9923,
        0.9667, 0.9667, 0.9739, 0.9667, 0.8667, 0.9833, 0.9667])
tensor([0.8333, 0.9667, 0.9773, 0.9467, 0.9364, 0.9143, 0.7800, 0.8800, 0.9644,
        0.9937, 0.9803, 0.9643, 0.9638, 0.9750, 1.0000, 0.9667, 0.9933, 0.9278,
        0.7974, 0.9000, 0.9889, 0.7222, 0.9333, 0.9733, 0.8667, 0.9208, 0.8500,
        0.5000, 0.9600, 0.9222, 0.8067, 0.9815, 0.8000, 0.9952, 0.9833, 0.9923,
        0.9667, 0.9667, 0.9783, 0.9667, 0.8778, 0.9833, 0.9556])
tensor([0.8333, 0.9653, 0.9773, 0.9533, 0.9394, 0.9175, 0.7867, 0.8733, 0.9711,
        0.9937, 0.9788, 0.9595, 0.9580, 0.9736, 1.0000, 0.9524, 0.9933, 0.9222,
        0.7974, 0.9333, 0.9889, 0.7000, 0.9333, 0.9800, 0.8889, 0.9208, 0.8389,
        0.5000, 0.9533, 0.9000, 0.8133, 0.9852, 0.7333, 0.9952, 0.9833, 0.9923,
        0.9667, 0.9667, 0.9725, 0.9667, 0.8778, 0.9833, 0.9111])
tensor([0.8333, 0.9653, 0.9760, 0.9489, 0.9379, 0.9159, 0.8000, 0.8956, 0.9733,
        0.9937, 0.9758, 0.9619, 0.9638, 0.9750, 1.0000, 0.9714, 0.9867, 0.9222,
        0.7974, 0.9167, 0.9889, 0.7222, 0.9333, 0.9733, 0.8778, 0.9208, 0.8500,
        0.5000, 0.9533, 0.8889, 0.8200, 0.9852, 0.7333, 0.9952, 0.9833, 0.9923,
        0.9667, 0.9667, 0.9696, 0.9667, 0.8889, 0.9667, 0.9667])
tensor([0.8667, 0.9667, 0.9747, 0.9400, 0.9303, 0.9175, 0.7800, 0.8778, 0.9756,
        0.9937, 0.9788, 0.9762, 0.9652, 0.9806, 1.0000, 0.9810, 0.9933, 0.9222,
        0.7949, 0.9167, 0.9889, 0.6778, 0.9333, 0.9800, 0.8667, 0.9208, 0.8556,
        0.5000, 0.9533, 0.9222, 0.8000, 0.9852, 0.8000, 0.9952, 0.9833, 0.9923,
        0.9667, 0.9667, 0.9710, 0.9667, 0.8778, 0.9667, 0.9556])
tensor([0.8333, 0.9653, 0.9800, 0.9400, 0.9303, 0.9222, 0.7733, 0.8711, 0.9711,
        0.9937, 0.9773, 0.9762, 0.9507, 0.9750, 1.0000, 0.9810, 0.9933, 0.9250,
        0.7949, 0.9500, 0.9889, 0.6667, 0.9333, 0.9800, 0.8667, 0.9208, 0.8667,
        0.5000, 0.9467, 0.9222, 0.8000, 0.9852, 0.7833, 0.9952, 0.9833, 0.9897,
        0.9667, 0.9833, 0.9739, 0.9667, 0.9000, 0.9833, 0.9556])
tensor([0.8167, 0.9653, 0.9773, 0.9467, 0.9379, 0.9238, 0.7733, 0.8600, 0.9756,
        0.9937, 0.9758, 0.9738, 0.9638, 0.9750, 1.0000, 0.9810, 0.9933, 0.9278,
        0.7872, 0.9167, 0.9889, 0.6778, 0.9333, 0.9800, 0.8778, 0.9208, 0.8556,
        0.5000, 0.9533, 0.9222, 0.8000, 0.9852, 0.7333, 0.9952, 0.9833, 0.9923,
        0.9667, 0.9667, 0.9783, 0.9667, 0.8778, 0.9833, 0.9667])
tensor([0.8500, 0.9639, 0.9787, 0.9578, 0.9364, 0.9143, 0.7733, 0.8822, 0.9756,
        0.9937, 0.9773, 0.9714, 0.9667, 0.9750, 1.0000, 0.9714, 0.9933, 0.9278,
        0.7949, 0.9833, 0.9889, 0.6556, 0.9333, 0.9800, 0.8667, 0.9187, 0.8556,
        0.5000, 0.9600, 0.9222, 0.7867, 0.9852, 0.8167, 0.9952, 0.9833, 0.9923,
        0.9667, 0.9833, 0.9783, 0.9667, 0.8889, 0.9833, 0.9556])
tensor([0.8667, 0.9694, 0.9787, 0.9644, 0.9273, 0.9222, 0.7733, 0.8711, 0.9733,
        0.9917, 0.9788, 0.9690, 0.9609, 0.9819, 1.0000, 0.9810, 0.9933, 0.9222,
        0.7974, 0.9833, 0.9889, 0.6444, 0.9333, 0.9800, 0.8778, 0.9208, 0.8722,
        0.5000, 0.9533, 0.9222, 0.8133, 0.9852, 0.8000, 0.9952, 0.9833, 0.9923,
        0.9667, 0.9667, 0.9725, 0.9667, 0.8667, 1.0000, 0.9556])
tensor([0.8333, 0.9681, 0.9787, 0.9533, 0.9379, 0.9159, 0.7800, 0.8778, 0.9733,
        0.9937, 0.9758, 0.9714, 0.9594, 0.9764, 1.0000, 0.9714, 0.9933, 0.9278,
        0.8051, 0.9500, 0.9889, 0.6667, 0.9333, 0.9733, 0.8778, 0.9187, 0.8556,
        0.5000, 0.9467, 0.9222, 0.8133, 0.9815, 0.8333, 0.9952, 0.9833, 0.9923,
        0.9667, 0.9667, 0.9739, 0.9667, 0.8778, 0.9833, 0.9556])
tensor([0.8833, 0.9681, 0.9773, 0.9467, 0.9394, 0.9206, 0.7733, 0.8778, 0.9733,
        0.9937, 0.9788, 0.9714, 0.9638, 0.9750, 1.0000, 0.9905, 0.9933, 0.9278,
        0.7923, 0.9667, 0.9889, 0.6778, 0.9333, 0.9800, 0.8778, 0.9208, 0.8500,
        0.5000, 0.9467, 0.9222, 0.7933, 0.9852, 0.8333, 0.9952, 0.9833, 0.9923,
        0.9667, 0.9667, 0.9754, 0.9667, 0.8778, 0.9833, 0.9667])
tensor([0.8333, 0.9694, 0.9813, 0.9511, 0.9364, 0.9254, 0.7933, 0.8756, 0.9733,
        0.9958, 0.9788, 0.9738, 0.9464, 0.9736, 1.0000, 0.9857, 0.9933, 0.9222,
        0.8077, 0.9667, 0.9889, 0.6444, 0.9333, 0.9867, 0.8778, 0.9187, 0.8333,
        0.5000, 0.9400, 0.9222, 0.7933, 0.9889, 0.7333, 0.9952, 0.9833, 0.9949,
        0.9667, 0.9667, 0.9725, 0.9667, 0.8889, 0.9667, 0.9556])
tensor([0.8833, 0.9653, 0.9800, 0.9578, 0.9409, 0.9190, 0.7733, 0.8756, 0.9711,
        0.9937, 0.9742, 0.9548, 0.9551, 0.9736, 1.0000, 0.9571, 0.9933, 0.9361,
        0.7974, 0.9333, 0.9889, 0.6667, 0.9333, 0.9733, 0.8778, 0.9250, 0.8444,
        0.5000, 0.9467, 0.9222, 0.8133, 0.9815, 0.7667, 0.9952, 0.9833, 0.9923,
        0.9667, 0.9667, 0.9739, 0.9667, 0.8778, 0.9667, 0.9667])
tensor([0.8833, 0.9667, 0.9800, 0.9667, 0.9303, 0.9127, 0.7733, 0.9111, 0.9711,
        0.9937, 0.9803, 0.9690, 0.9609, 0.9764, 1.0000, 0.9905, 0.9933, 0.9472,
        0.7949, 0.9167, 0.9889, 0.6778, 0.9333, 0.9800, 0.8778, 0.9208, 0.8500,
        0.5000, 0.9600, 0.9222, 0.7800, 0.9852, 0.7500, 0.9952, 0.9833, 0.9923,
        0.9667, 0.9833, 0.9696, 0.9667, 0.8667, 0.9667, 0.9667])
tensor([0.8667, 0.9681, 0.9787, 0.9556, 0.9318, 0.9270, 0.7867, 0.8933, 0.9733,
        0.9958, 0.9788, 0.9524, 0.9594, 0.9722, 1.0000, 0.9905, 0.9933, 0.9417,
        0.7897, 0.9667, 0.9889, 0.6556, 0.9333, 0.9800, 0.8778, 0.9250, 0.8500,
        0.5000, 0.9600, 0.9222, 0.7933, 0.9852, 0.7833, 0.9952, 0.9833, 0.9949,
        0.9750, 0.9667, 0.9696, 0.9667, 0.8889, 0.9667, 0.9667])
tensor([0.8500, 0.9708, 0.9813, 0.9378, 0.9318, 0.9254, 0.7933, 0.8867, 0.9756,
        0.9937, 0.9773, 0.9762, 0.9580, 0.9750, 1.0000, 0.9810, 0.9933, 0.9361,
        0.7949, 0.9500, 0.9889, 0.6778, 0.9333, 0.9867, 0.8778, 0.9167, 0.8611,
        0.5000, 0.9667, 0.9222, 0.7933, 0.9889, 0.7833, 0.9952, 0.9833, 0.9949,
        0.9667, 0.9833, 0.9725, 0.9667, 0.8889, 0.9833, 0.9667])
tensor([0.8333, 0.9694, 0.9827, 0.9622, 0.9333, 0.9175, 0.7800, 0.9000, 0.9733,
        0.9937, 0.9758, 0.9643, 0.9580, 0.9750, 1.0000, 0.9952, 0.9933, 0.9333,
        0.7897, 0.9833, 0.9889, 0.6778, 0.9333, 0.9733, 0.8778, 0.9208, 0.8556,
        0.5000, 0.9600, 0.9222, 0.8067, 0.9815, 0.7500, 0.9952, 0.9833, 0.9923,
        0.9750, 0.9667, 0.9754, 0.9667, 0.8889, 0.9667, 0.9667])
tensor([0.8833, 0.9681, 0.9813, 0.9489, 0.9424, 0.9238, 0.7667, 0.8844, 0.9733,
        0.9937, 0.9788, 0.9738, 0.9667, 0.9750, 1.0000, 0.9905, 0.9933, 0.9306,
        0.8026, 0.9667, 0.9889, 0.6667, 0.9333, 0.9733, 0.8778, 0.9208, 0.8333,
        0.5000, 0.9533, 0.9222, 0.8067, 0.9778, 0.7833, 0.9952, 0.9833, 0.9923,
        0.9750, 0.9667, 0.9681, 0.9667, 0.8778, 0.9667, 0.9667])
tensor([0.8667, 0.9667, 0.9840, 0.9467, 0.9333, 0.9206, 0.7733, 0.8978, 0.9733,
        0.9937, 0.9803, 0.9667, 0.9710, 0.9750, 1.0000, 0.9810, 0.9933, 0.9306,
        0.8000, 0.9167, 0.9889, 0.6889, 0.9333, 0.9800, 0.8778, 0.9208, 0.8500,
        0.5000, 0.9533, 0.9222, 0.8000, 0.9852, 0.7333, 0.9952, 0.9833, 0.9949,
        0.9667, 0.9667, 0.9710, 0.9667, 0.8889, 0.9667, 0.9667])
