tensor([0., 0., 0., 0., 0., 0., 0., 0., 0., 0., 0., 0., 0., 0., 0., 0., 0., 0.,
        0., 0., 0., 0., 0., 0., 0., 0., 0., 0., 0., 0., 0., 0., 0., 0., 0., 0.,
        0., 0., 1., 0., 0., 0., 0.])
tensor([0., 0., 1., 0., 0., 0., 0., 0., 0., 0., 0., 0., 0., 0., 0., 0., 0., 0.,
        0., 0., 0., 0., 0., 0., 0., 0., 0., 0., 0., 0., 0., 0., 0., 0., 0., 0.,
        0., 0., 0., 0., 0., 0., 0.])
tensor([0., 0., 0., 0., 1., 0., 0., 0., 0., 0., 0., 0., 0., 0., 0., 0., 0., 0.,
        0., 0., 0., 0., 0., 0., 0., 0., 0., 0., 0., 0., 0., 0., 0., 0., 0., 0.,
        0., 0., 0., 0., 0., 0., 0.])
tensor([0., 0., 1., 0., 0., 0., 0., 0., 0., 0., 0., 0., 0., 0., 0., 0., 0., 0.,
        0., 0., 0., 0., 0., 0., 0., 0., 0., 0., 0., 0., 0., 0., 0., 0., 0., 0.,
        0., 0., 0., 0., 0., 0., 0.])
tensor([0., 0., 1., 0., 0., 0., 0., 0., 0., 0., 0., 0., 0., 0., 0., 0., 0., 0.,
        0., 0., 0., 0., 0., 0., 0., 0., 0., 0., 0., 0., 0., 0., 0., 0., 0., 0.,
        0., 0., 0., 0., 0., 0., 0.])
tensor([0., 0., 1., 0., 0., 0., 0., 0., 0., 0., 0., 0., 0., 0., 0., 0., 0., 0.,
        0., 0., 0., 0., 0., 0., 0., 0., 0., 0., 0., 0., 0., 0., 0., 0., 0., 0.,
        0., 0., 0., 0., 0., 0., 0.])
tensor([0., 0., 1., 0., 0., 0., 0., 0., 0., 0., 0., 0., 0., 0., 0., 0., 0., 0.,
        0., 0., 0., 0., 0., 0., 0., 0., 0., 0., 0., 0., 0., 0., 0., 0., 0., 0.,
        0., 0., 0., 0., 0., 0., 0.])
tensor([0.0000, 0.0000, 0.5547, 0.0000, 0.0000, 0.0000, 0.0000, 0.0000, 0.0000,
        0.0000, 0.5833, 0.0000, 0.4812, 0.0000, 0.0000, 0.0000, 0.0000, 0.0000,
        0.0000, 0.0000, 0.0000, 0.0000, 0.0000, 0.0000, 0.0000, 0.0000, 0.0000,
        0.0000, 0.0000, 0.0000, 0.0000, 0.0000, 0.0000, 0.0000, 0.0000, 0.0872,
        0.0000, 0.0000, 0.0000, 0.0000, 0.0000, 0.0000, 0.0000])
tensor([0.0000, 0.0861, 0.4573, 0.0000, 0.0000, 0.0000, 0.0000, 0.0000, 0.0000,
        0.0000, 0.8061, 0.0000, 0.3841, 0.0000, 0.0000, 0.0000, 0.0000, 0.0000,
        0.0000, 0.0000, 0.0000, 0.0000, 0.0000, 0.0000, 0.0000, 0.0000, 0.0000,
        0.0000, 0.0000, 0.0000, 0.0000, 0.0000, 0.0000, 0.0000, 0.0000, 0.0103,
        0.0000, 0.8000, 0.0087, 0.0000, 0.0000, 0.0000, 0.0000])
tensor([0.0000, 0.2653, 0.3493, 0.0000, 0.0515, 0.0000, 0.0000, 0.0000, 0.0044,
        0.0000, 0.7288, 0.0000, 0.5870, 0.1931, 0.0000, 0.0000, 0.0000, 0.5500,
        0.0000, 0.0000, 0.0000, 0.0000, 0.0000, 0.0000, 0.0000, 0.0000, 0.0000,
        0.0000, 0.0000, 0.0000, 0.0000, 0.0000, 0.0000, 0.0000, 0.0000, 0.8282,
        0.0000, 0.0000, 0.0435, 0.0000, 0.0000, 0.0000, 0.0000])
tensor([0.0000, 0.3278, 0.3680, 0.0000, 0.0530, 0.0730, 0.0000, 0.0000, 0.1422,
        0.0000, 0.5303, 0.1810, 0.7899, 0.5444, 0.0000, 0.0000, 0.0000, 0.8278,
        0.0410, 0.0000, 0.0000, 0.0000, 0.0000, 0.0000, 0.0000, 0.0000, 0.0000,
        0.0000, 0.0000, 0.0000, 0.0000, 0.0000, 0.0000, 0.0000, 0.0000, 0.4872,
        0.0000, 0.0000, 0.3203, 0.0000, 0.0000, 0.0000, 0.0000])
tensor([0.0000, 0.3458, 0.3040, 0.0511, 0.0742, 0.0968, 0.0000, 0.0000, 0.1400,
        0.0521, 0.5697, 0.3000, 0.8174, 0.8250, 0.0259, 0.0000, 0.0000, 0.9028,
        0.1590, 0.0000, 0.0000, 0.0000, 0.0000, 0.0000, 0.0000, 0.0792, 0.0000,
        0.0000, 0.0000, 0.0000, 0.0000, 0.0000, 0.0000, 0.0000, 0.0000, 0.2205,
        0.0000, 0.0000, 0.6014, 0.0000, 0.0000, 0.0000, 0.0000])
tensor([0.0000, 0.6181, 0.1347, 0.1222, 0.0727, 0.0651, 0.0000, 0.0000, 0.1711,
        0.1250, 0.6273, 0.5238, 0.8130, 0.9139, 0.2778, 0.0000, 0.0000, 0.8667,
        0.3385, 0.0000, 0.0000, 0.0000, 0.0000, 0.0000, 0.0000, 0.0333, 0.0000,
        0.0000, 0.0000, 0.0000, 0.0000, 0.0148, 0.0000, 0.0000, 0.0000, 0.2513,
        0.0000, 0.0000, 0.5188, 0.0000, 0.0000, 0.0000, 0.0000])
tensor([0.0000, 0.5944, 0.1813, 0.0600, 0.0258, 0.0889, 0.2467, 0.0400, 0.1956,
        0.3021, 0.8561, 0.6881, 0.8101, 0.9472, 0.2259, 0.0000, 0.0000, 0.8639,
        0.4410, 0.0000, 0.0000, 0.0000, 0.0000, 0.0000, 0.0000, 0.0354, 0.0167,
        0.0000, 0.0200, 0.0000, 0.0000, 0.0370, 0.0000, 0.0000, 0.0000, 0.2564,
        0.0000, 0.0000, 0.5087, 0.0000, 0.0000, 0.0000, 0.0000])
tensor([0.0000, 0.6417, 0.2027, 0.0044, 0.0455, 0.0857, 0.2200, 0.1044, 0.2178,
        0.4750, 0.8576, 0.7119, 0.8174, 0.9458, 0.4111, 0.1333, 0.1467, 0.8111,
        0.4897, 0.0000, 0.0000, 0.0000, 0.0000, 0.0000, 0.0000, 0.1417, 0.0167,
        0.0000, 0.0400, 0.0000, 0.0000, 0.0074, 0.0000, 0.0000, 0.0000, 0.2564,
        0.0000, 0.0000, 0.5072, 0.0000, 0.0000, 0.0000, 0.0000])
tensor([0.0000, 0.6097, 0.2133, 0.0244, 0.0788, 0.1159, 0.2333, 0.1044, 0.2267,
        0.5271, 0.8742, 0.7452, 0.8058, 0.9472, 0.4296, 0.2286, 0.3067, 0.8222,
        0.4769, 0.0000, 0.0000, 0.0000, 0.0167, 0.0000, 0.0000, 0.3458, 0.0167,
        0.0000, 0.0467, 0.0000, 0.0000, 0.0000, 0.0000, 0.0000, 0.0000, 0.2179,
        0.0000, 0.0000, 0.5899, 0.0000, 0.0000, 0.1000, 0.0000])
tensor([0.0000, 0.5028, 0.2560, 0.1022, 0.0864, 0.1619, 0.2533, 0.0800, 0.1111,
        0.5458, 0.9015, 0.7524, 0.8014, 0.9472, 0.4778, 0.2810, 0.5000, 0.8472,
        0.4615, 0.0000, 0.0000, 0.0111, 0.1167, 0.0000, 0.0000, 0.4583, 0.0278,
        0.0000, 0.0400, 0.0000, 0.0000, 0.0000, 0.0000, 0.0000, 0.0000, 0.2436,
        0.0000, 0.0000, 0.6029, 0.0000, 0.0000, 0.2500, 0.0222])
tensor([0.0000, 0.5458, 0.2347, 0.1800, 0.1076, 0.1111, 0.2867, 0.1200, 0.2111,
        0.5750, 0.8894, 0.7881, 0.7928, 0.9444, 0.6593, 0.3429, 0.5533, 0.8583,
        0.5282, 0.0000, 0.0000, 0.0000, 0.3500, 0.0000, 0.0000, 0.4896, 0.0444,
        0.0000, 0.0600, 0.0000, 0.0000, 0.0259, 0.0000, 0.0000, 0.0000, 0.3000,
        0.0000, 0.0000, 0.5739, 0.0000, 0.0000, 0.3167, 0.0778])
tensor([0.0000, 0.5167, 0.2560, 0.2244, 0.1227, 0.1032, 0.3333, 0.1733, 0.2222,
        0.6062, 0.8894, 0.8190, 0.7928, 0.9486, 0.8111, 0.4095, 0.5800, 0.8472,
        0.5718, 0.0000, 0.0000, 0.0000, 0.5000, 0.0000, 0.0000, 0.5604, 0.0778,
        0.0000, 0.1600, 0.0111, 0.0000, 0.1815, 0.0000, 0.0048, 0.0000, 0.2769,
        0.0000, 0.0000, 0.6899, 0.0000, 0.0000, 0.4500, 0.1000])
tensor([0.0000, 0.5181, 0.2747, 0.3111, 0.1394, 0.1365, 0.3200, 0.2111, 0.2200,
        0.6396, 0.8864, 0.8310, 0.7899, 0.9542, 0.8593, 0.4714, 0.5800, 0.8194,
        0.5513, 0.0000, 0.0111, 0.0333, 0.6417, 0.0000, 0.0000, 0.6417, 0.1333,
        0.0000, 0.2600, 0.0667, 0.0000, 0.4037, 0.0000, 0.0238, 0.0000, 0.3513,
        0.0000, 0.0000, 0.7014, 0.0000, 0.0000, 0.5667, 0.0889])
tensor([0.0000, 0.5028, 0.3120, 0.3667, 0.1788, 0.1349, 0.3667, 0.3178, 0.2422,
        0.6667, 0.8742, 0.8429, 0.7913, 0.9542, 0.8667, 0.5286, 0.5933, 0.8444,
        0.5795, 0.0000, 0.0111, 0.0778, 0.6583, 0.0000, 0.0000, 0.7021, 0.1722,
        0.0000, 0.3800, 0.3000, 0.0000, 0.5852, 0.0667, 0.0429, 0.0000, 0.3513,
        0.0000, 0.0167, 0.7855, 0.0000, 0.0000, 0.6333, 0.2000])
tensor([0.0000, 0.5542, 0.2813, 0.5133, 0.2591, 0.1619, 0.4200, 0.3822, 0.2467,
        0.7083, 0.8773, 0.8024, 0.7986, 0.9556, 0.9000, 0.6381, 0.6133, 0.8778,
        0.5462, 0.0000, 0.0333, 0.1333, 0.6667, 0.0000, 0.0000, 0.7479, 0.2556,
        0.0000, 0.4467, 0.4667, 0.0133, 0.6667, 0.2167, 0.0667, 0.0000, 0.3897,
        0.2000, 0.2500, 0.8145, 0.0000, 0.0111, 0.6167, 0.2556])
tensor([0.0000, 0.5222, 0.3560, 0.5244, 0.3061, 0.1698, 0.4600, 0.4200, 0.3178,
        0.7229, 0.8606, 0.7762, 0.8014, 0.9528, 0.9111, 0.6524, 0.6467, 0.9250,
        0.5641, 0.0000, 0.0222, 0.1556, 0.6917, 0.0000, 0.0000, 0.7750, 0.3389,
        0.0000, 0.4733, 0.5111, 0.0467, 0.6963, 0.2500, 0.1286, 0.0417, 0.4026,
        0.5083, 0.5167, 0.8261, 0.2778, 0.1444, 0.6333, 0.5889])
tensor([0.0000, 0.5889, 0.3467, 0.6267, 0.3545, 0.1825, 0.4933, 0.4622, 0.3378,
        0.7354, 0.8652, 0.7857, 0.8145, 0.9569, 0.9222, 0.7571, 0.7267, 0.9222,
        0.5000, 0.0000, 0.0556, 0.2222, 0.7583, 0.0200, 0.0000, 0.7958, 0.3889,
        0.0000, 0.5267, 0.5667, 0.0600, 0.7259, 0.2833, 0.2476, 0.5250, 0.4667,
        0.6500, 0.8167, 0.8333, 0.3333, 0.3778, 0.6833, 0.5333])
tensor([0.0000, 0.5764, 0.4293, 0.6111, 0.4197, 0.2048, 0.5000, 0.4800, 0.3556,
        0.7688, 0.8667, 0.7810, 0.8217, 0.9528, 0.9222, 0.7524, 0.7867, 0.9278,
        0.5564, 0.0000, 0.0778, 0.2222, 0.8167, 0.0800, 0.0000, 0.8375, 0.3444,
        0.0000, 0.5267, 0.5667, 0.0467, 0.7407, 0.3000, 0.6143, 0.7667, 0.5282,
        0.7000, 0.8333, 0.8638, 0.3333, 0.4222, 0.6833, 0.6000])
tensor([0.0000, 0.5833, 0.4560, 0.6689, 0.4833, 0.2810, 0.5267, 0.4556, 0.3400,
        0.7792, 0.8545, 0.7905, 0.8174, 0.9458, 0.9185, 0.7667, 0.8200, 0.9333,
        0.5692, 0.0000, 0.1444, 0.3000, 0.8250, 0.2600, 0.0000, 0.8687, 0.2944,
        0.0000, 0.5533, 0.5889, 0.0533, 0.7259, 0.3333, 0.7429, 0.8250, 0.6128,
        0.6833, 0.8000, 0.9058, 0.3444, 0.4444, 0.7000, 0.6333])
tensor([0.0000, 0.6292, 0.4573, 0.7156, 0.5045, 0.3079, 0.5600, 0.4644, 0.3422,
        0.7792, 0.8636, 0.8024, 0.8232, 0.9444, 0.9259, 0.8048, 0.8267, 0.9444,
        0.5487, 0.0000, 0.2333, 0.3778, 0.8667, 0.4400, 0.0000, 0.8854, 0.2944,
        0.0000, 0.5800, 0.5889, 0.0533, 0.7259, 0.3333, 0.7857, 0.8500, 0.7231,
        0.6833, 0.8000, 0.9174, 0.3444, 0.4889, 0.7000, 0.6556])
tensor([0.0000, 0.6333, 0.4907, 0.7289, 0.6076, 0.3540, 0.5800, 0.4600, 0.3778,
        0.8000, 0.8667, 0.8119, 0.8391, 0.9458, 0.9222, 0.8429, 0.8467, 0.9611,
        0.5436, 0.0167, 0.2667, 0.3000, 0.8833, 0.4533, 0.0111, 0.8979, 0.2889,
        0.0000, 0.6133, 0.5889, 0.0667, 0.7519, 0.3667, 0.8000, 0.9333, 0.7718,
        0.7083, 0.8667, 0.9275, 0.4222, 0.4556, 0.6667, 0.7111])
tensor([0.0000, 0.6000, 0.5787, 0.7467, 0.6379, 0.3635, 0.5867, 0.4822, 0.3956,
        0.8083, 0.8712, 0.8310, 0.8464, 0.9458, 0.9259, 0.8476, 0.8533, 0.9639,
        0.5718, 0.0000, 0.2444, 0.3222, 0.8833, 0.4667, 0.0333, 0.9083, 0.2667,
        0.0000, 0.6133, 0.6000, 0.0733, 0.7778, 0.3833, 0.8429, 0.9500, 0.8231,
        0.7000, 0.8667, 0.9319, 0.4556, 0.5000, 0.6667, 0.7000])
tensor([0.0333, 0.6083, 0.5947, 0.7622, 0.6364, 0.3968, 0.5933, 0.4867, 0.5111,
        0.8104, 0.8682, 0.8381, 0.8507, 0.9528, 0.9296, 0.9000, 0.8667, 0.9806,
        0.5795, 0.0167, 0.3000, 0.3444, 0.8583, 0.5133, 0.0556, 0.9146, 0.2722,
        0.0000, 0.5867, 0.6333, 0.0800, 0.8000, 0.4500, 0.8619, 0.9583, 0.7974,
        0.7167, 0.8833, 0.9377, 0.5333, 0.4778, 0.6833, 0.7222])
tensor([0.0667, 0.6056, 0.6280, 0.7778, 0.6545, 0.4476, 0.5933, 0.5156, 0.5200,
        0.8313, 0.8727, 0.8429, 0.8478, 0.9597, 0.9370, 0.8857, 0.8667, 0.9778,
        0.5821, 0.0833, 0.3111, 0.3111, 0.8917, 0.4600, 0.0556, 0.9250, 0.2889,
        0.0000, 0.5733, 0.6556, 0.1333, 0.8074, 0.5000, 0.8619, 0.9583, 0.8513,
        0.7167, 0.8833, 0.9435, 0.4667, 0.4444, 0.6833, 0.7556])
tensor([0.0500, 0.6347, 0.6427, 0.7822, 0.6955, 0.4571, 0.6133, 0.5378, 0.5400,
        0.8583, 0.8712, 0.8262, 0.8493, 0.9597, 0.9370, 0.9048, 0.8733, 0.9806,
        0.5897, 0.0833, 0.3111, 0.3333, 0.9167, 0.5133, 0.0667, 0.9333, 0.3278,
        0.0500, 0.5733, 0.6667, 0.1400, 0.8222, 0.4833, 0.8619, 0.9667, 0.8923,
        0.7583, 0.8833, 0.9435, 0.4556, 0.5111, 0.6833, 0.7778])
tensor([0.0667, 0.6417, 0.6667, 0.7911, 0.7152, 0.4968, 0.6333, 0.5511, 0.5711,
        0.8813, 0.8788, 0.8381, 0.8522, 0.9611, 0.9444, 0.9143, 0.8867, 0.9806,
        0.5949, 0.1333, 0.3222, 0.3333, 0.9250, 0.5267, 0.0667, 0.9354, 0.3389,
        0.0333, 0.5933, 0.6667, 0.1467, 0.8111, 0.5000, 0.8714, 0.9667, 0.8897,
        0.7583, 0.8833, 0.9536, 0.6000, 0.5667, 0.6833, 0.7889])
tensor([0.1000, 0.6181, 0.7067, 0.8444, 0.7091, 0.4762, 0.6533, 0.5400, 0.6756,
        0.9042, 0.8879, 0.8405, 0.8536, 0.9611, 0.9444, 0.9333, 0.8867, 0.9750,
        0.5846, 0.1000, 0.2778, 0.3444, 0.9333, 0.5000, 0.1111, 0.9312, 0.3722,
        0.0500, 0.6467, 0.6444, 0.2067, 0.8259, 0.5167, 0.8857, 0.9583, 0.8795,
        0.7583, 0.8833, 0.9565, 0.5889, 0.5667, 0.7167, 0.8111])
tensor([0.1167, 0.6542, 0.7160, 0.8489, 0.7121, 0.5476, 0.6533, 0.5622, 0.6889,
        0.9104, 0.9000, 0.8429, 0.8449, 0.9625, 0.9593, 0.9524, 0.8867, 0.9806,
        0.6026, 0.1167, 0.3778, 0.4000, 0.9333, 0.5067, 0.0889, 0.9250, 0.3500,
        0.0500, 0.6467, 0.6667, 0.2467, 0.8370, 0.5167, 0.8619, 0.9750, 0.9308,
        0.8000, 0.8833, 0.9623, 0.6111, 0.5889, 0.7167, 0.8111])
tensor([0.1000, 0.6778, 0.7373, 0.8511, 0.7561, 0.5651, 0.6667, 0.5644, 0.7067,
        0.9396, 0.8970, 0.8548, 0.8478, 0.9625, 0.9667, 0.9619, 0.8933, 0.9778,
        0.6179, 0.1500, 0.4222, 0.4222, 0.9417, 0.5467, 0.0778, 0.9271, 0.3222,
        0.0500, 0.6400, 0.6667, 0.2267, 0.8370, 0.5167, 0.8857, 0.9833, 0.9256,
        0.8250, 0.8667, 0.9667, 0.5889, 0.6000, 0.6500, 0.8444])
tensor([0.1000, 0.7153, 0.7440, 0.8511, 0.7530, 0.5651, 0.6733, 0.5889, 0.7333,
        0.9438, 0.9015, 0.8476, 0.8507, 0.9667, 0.9778, 0.9571, 0.9200, 0.9694,
        0.6179, 0.1333, 0.3889, 0.4333, 0.9417, 0.5267, 0.1111, 0.9292, 0.3278,
        0.0833, 0.6400, 0.6556, 0.3133, 0.8370, 0.5667, 0.8714, 0.9667, 0.9487,
        0.8000, 0.9167, 0.9739, 0.7000, 0.5889, 0.6500, 0.8556])
tensor([0.1167, 0.6986, 0.7547, 0.8622, 0.7636, 0.6190, 0.6867, 0.6067, 0.7578,
        0.9458, 0.9015, 0.8405, 0.8536, 0.9681, 0.9815, 0.9524, 0.9200, 0.9778,
        0.6436, 0.1667, 0.4222, 0.4778, 0.9333, 0.5067, 0.1444, 0.9229, 0.2944,
        0.1500, 0.6400, 0.5778, 0.3667, 0.8333, 0.6333, 0.8810, 0.9667, 0.9359,
        0.8250, 0.9000, 0.9783, 0.7667, 0.6111, 0.7167, 0.8111])
tensor([0.1333, 0.7014, 0.7800, 0.8778, 0.7803, 0.6143, 0.7133, 0.6356, 0.7756,
        0.9646, 0.9045, 0.8452, 0.8522, 0.9694, 0.9778, 0.9571, 0.9200, 0.9806,
        0.6128, 0.1667, 0.4333, 0.4889, 0.9333, 0.5067, 0.1667, 0.9229, 0.3778,
        0.1167, 0.6467, 0.5667, 0.3933, 0.8630, 0.6167, 0.8810, 0.9833, 0.9462,
        0.8333, 0.9167, 0.9768, 0.7222, 0.6111, 0.6667, 0.8778])
tensor([0.1333, 0.7250, 0.8013, 0.8800, 0.7985, 0.6492, 0.6933, 0.6333, 0.8022,
        0.9646, 0.9015, 0.8381, 0.8551, 0.9667, 0.9815, 0.9667, 0.9267, 0.9750,
        0.6256, 0.2000, 0.5000, 0.4889, 0.9333, 0.5600, 0.1333, 0.9229, 0.3611,
        0.2000, 0.6267, 0.6111, 0.4333, 0.8593, 0.6167, 0.8667, 0.9833, 0.9590,
        0.8250, 0.9000, 0.9739, 0.7444, 0.6111, 0.6667, 0.9000])
tensor([0.1333, 0.7611, 0.7693, 0.8578, 0.8061, 0.6857, 0.7000, 0.6533, 0.8311,
        0.9750, 0.9197, 0.8405, 0.8580, 0.9653, 0.9926, 0.9524, 0.9400, 0.9806,
        0.6308, 0.2833, 0.5778, 0.4889, 0.9333, 0.5400, 0.1556, 0.9208, 0.3778,
        0.1500, 0.6533, 0.5333, 0.4667, 0.8630, 0.6667, 0.8714, 0.9833, 0.9667,
        0.8250, 0.9333, 0.9783, 0.7111, 0.6111, 0.6500, 0.8667])
tensor([0.1333, 0.7389, 0.8480, 0.8778, 0.8227, 0.6714, 0.7000, 0.6689, 0.8444,
        0.9771, 0.9242, 0.8429, 0.8638, 0.9681, 0.9926, 0.9762, 0.9467, 0.9778,
        0.6436, 0.2667, 0.6222, 0.4778, 0.9167, 0.5600, 0.1667, 0.9146, 0.3389,
        0.1333, 0.6600, 0.5111, 0.4800, 0.8741, 0.5833, 0.8810, 0.9833, 0.9462,
        0.8333, 0.9333, 0.9768, 0.7556, 0.7444, 0.6500, 0.8778])
tensor([0.1333, 0.7806, 0.8133, 0.9000, 0.8106, 0.7111, 0.7067, 0.6689, 0.8711,
        0.9792, 0.9288, 0.8405, 0.8754, 0.9667, 0.9926, 0.9619, 0.9467, 0.9778,
        0.6641, 0.2167, 0.6778, 0.5000, 0.9167, 0.5933, 0.1778, 0.9062, 0.3833,
        0.2500, 0.6467, 0.5333, 0.4533, 0.8667, 0.6167, 0.9048, 0.9833, 0.9179,
        0.8833, 0.9667, 0.9725, 0.7000, 0.6000, 0.6833, 0.9000])
tensor([0.1333, 0.7417, 0.8480, 0.8889, 0.8424, 0.7349, 0.7133, 0.6867, 0.8489,
        0.9792, 0.9348, 0.8452, 0.8797, 0.9708, 0.9926, 0.9619, 0.9467, 0.9722,
        0.6538, 0.1500, 0.7000, 0.5333, 0.9167, 0.5667, 0.1667, 0.9062, 0.4000,
        0.2667, 0.6400, 0.5000, 0.4733, 0.8741, 0.6000, 0.9000, 0.9833, 0.9410,
        0.8417, 0.9500, 0.9710, 0.6889, 0.6556, 0.6833, 0.8889])
tensor([0.1500, 0.7833, 0.8720, 0.9022, 0.8379, 0.7286, 0.6933, 0.6956, 0.8667,
        0.9833, 0.9379, 0.8524, 0.8725, 0.9681, 0.9926, 0.9619, 0.9467, 0.9722,
        0.6744, 0.1833, 0.7333, 0.5000, 0.9167, 0.5667, 0.1778, 0.9104, 0.3611,
        0.3333, 0.6467, 0.5000, 0.5067, 0.8741, 0.5833, 0.8905, 0.9833, 0.9513,
        0.8333, 0.9667, 0.9783, 0.7778, 0.7889, 0.6667, 0.9000])
tensor([0.1667, 0.7903, 0.8787, 0.9089, 0.8515, 0.7397, 0.7133, 0.6956, 0.8800,
        0.9812, 0.9424, 0.8524, 0.8754, 0.9681, 0.9926, 0.9619, 0.9467, 0.9722,
        0.6744, 0.2333, 0.7889, 0.5000, 0.9167, 0.5867, 0.2222, 0.9042, 0.3889,
        0.3667, 0.6400, 0.5000, 0.4867, 0.8889, 0.5833, 0.8810, 0.9833, 0.9513,
        0.8833, 0.9667, 0.9681, 0.8000, 0.7556, 0.6667, 0.8889])
tensor([0.2167, 0.8139, 0.8520, 0.9267, 0.8621, 0.7460, 0.7000, 0.7422, 0.8578,
        0.9854, 0.9424, 0.8524, 0.8826, 0.9736, 0.9926, 0.9667, 0.9467, 0.9667,
        0.6590, 0.2000, 0.7889, 0.5333, 0.9167, 0.6200, 0.2222, 0.9042, 0.4333,
        0.3500, 0.6333, 0.5000, 0.4867, 0.8815, 0.5833, 0.8857, 0.9833, 0.9590,
        0.8750, 0.9500, 0.9696, 0.7000, 0.7444, 0.6667, 0.8889])
tensor([0.2000, 0.8083, 0.8760, 0.9111, 0.8545, 0.7619, 0.6933, 0.7200, 0.8978,
        0.9833, 0.9439, 0.8548, 0.8826, 0.9694, 0.9926, 0.9619, 0.9533, 0.9667,
        0.6923, 0.2000, 0.7889, 0.5111, 0.9000, 0.5533, 0.2000, 0.9062, 0.5222,
        0.3500, 0.6667, 0.5000, 0.5467, 0.8889, 0.6000, 0.8952, 0.9833, 0.9462,
        0.9000, 0.9833, 0.9768, 0.8222, 0.7889, 0.6667, 0.8889])
tensor([0.2000, 0.8278, 0.8773, 0.9022, 0.8606, 0.7762, 0.7133, 0.7200, 0.9022,
        0.9833, 0.9485, 0.8548, 0.8855, 0.9694, 0.9926, 0.9714, 0.9467, 0.9500,
        0.7000, 0.4000, 0.8111, 0.5000, 0.9167, 0.6133, 0.2444, 0.9083, 0.5889,
        0.2667, 0.6733, 0.4889, 0.5533, 0.8852, 0.6000, 0.9095, 0.9833, 0.9462,
        0.8667, 0.9667, 0.9783, 0.7000, 0.8222, 0.6667, 0.9111])
tensor([0.2167, 0.8361, 0.8947, 0.9267, 0.8636, 0.7714, 0.7133, 0.7556, 0.8911,
        0.9833, 0.9455, 0.8571, 0.8884, 0.9722, 0.9926, 0.9762, 0.9600, 0.9611,
        0.6897, 0.3333, 0.8111, 0.5222, 0.9167, 0.6400, 0.2333, 0.9083, 0.5833,
        0.4333, 0.6933, 0.4778, 0.5533, 0.8889, 0.6000, 0.9048, 0.9750, 0.9436,
        0.8667, 0.9833, 0.9739, 0.7111, 0.7778, 0.6667, 0.9000])
tensor([0.3333, 0.8431, 0.8773, 0.9267, 0.8712, 0.7857, 0.7133, 0.7622, 0.9022,
        0.9833, 0.9455, 0.8548, 0.8870, 0.9722, 0.9926, 0.9619, 0.9600, 0.9694,
        0.6795, 0.3833, 0.8111, 0.5778, 0.9250, 0.6467, 0.2222, 0.9125, 0.6444,
        0.4333, 0.6400, 0.5333, 0.5867, 0.9259, 0.6000, 0.9048, 0.9833, 0.9538,
        0.9167, 0.9667, 0.9623, 0.8111, 0.7778, 0.6667, 0.9000])
tensor([0.3000, 0.8542, 0.9000, 0.9200, 0.8788, 0.8048, 0.7133, 0.7622, 0.9089,
        0.9854, 0.9515, 0.8595, 0.8971, 0.9708, 0.9926, 0.9762, 0.9533, 0.9556,
        0.6974, 0.3167, 0.8111, 0.5333, 0.9000, 0.6400, 0.3111, 0.9104, 0.6056,
        0.4333, 0.6333, 0.5444, 0.5933, 0.9000, 0.5833, 0.9095, 0.9833, 0.9436,
        0.9167, 0.9333, 0.9638, 0.8333, 0.8444, 0.6500, 0.8889])
tensor([0.2167, 0.8681, 0.9000, 0.9244, 0.8652, 0.8048, 0.7067, 0.7756, 0.9089,
        0.9854, 0.9515, 0.8714, 0.9000, 0.9722, 0.9926, 0.9619, 0.9533, 0.9528,
        0.6846, 0.2667, 0.8333, 0.5000, 0.9083, 0.6467, 0.3667, 0.9146, 0.6778,
        0.4167, 0.6800, 0.4889, 0.6200, 0.8926, 0.6167, 0.9095, 0.9833, 0.9538,
        0.9083, 0.9500, 0.9667, 0.8222, 0.7778, 0.6333, 0.8889])
tensor([0.3833, 0.8514, 0.8973, 0.9267, 0.8848, 0.8032, 0.7200, 0.7844, 0.9156,
        0.9854, 0.9500, 0.8643, 0.9014, 0.9722, 0.9889, 0.9714, 0.9600, 0.9472,
        0.7026, 0.2667, 0.8222, 0.4111, 0.9167, 0.6667, 0.3111, 0.9292, 0.6722,
        0.4333, 0.7067, 0.4889, 0.5733, 0.9111, 0.6667, 0.9190, 0.9833, 0.9538,
        0.9083, 0.9500, 0.9681, 0.8000, 0.7778, 0.6333, 0.8778])
tensor([0.4667, 0.8597, 0.9027, 0.9244, 0.8848, 0.8175, 0.7133, 0.8044, 0.9133,
        0.9812, 0.9561, 0.8643, 0.9174, 0.9722, 0.9926, 0.9714, 0.9600, 0.9389,
        0.7000, 0.2167, 0.8444, 0.4778, 0.9250, 0.6600, 0.2889, 0.9271, 0.7222,
        0.4333, 0.7133, 0.4889, 0.5933, 0.9185, 0.6667, 0.9048, 0.9833, 0.9641,
        0.9167, 0.9500, 0.9623, 0.8556, 0.7778, 0.6833, 0.9111])
tensor([0.4333, 0.8597, 0.9053, 0.9244, 0.8909, 0.8206, 0.7267, 0.7867, 0.9133,
        0.9854, 0.9515, 0.8500, 0.9232, 0.9722, 0.9926, 0.9762, 0.9533, 0.9500,
        0.6923, 0.3000, 0.8556, 0.5000, 0.9250, 0.6667, 0.3222, 0.9312, 0.7167,
        0.4500, 0.7000, 0.5111, 0.6200, 0.9259, 0.6833, 0.9000, 0.9917, 0.9641,
        0.9250, 0.9667, 0.9681, 0.8667, 0.7778, 0.6667, 0.8889])
tensor([0.4667, 0.8736, 0.9120, 0.9311, 0.8803, 0.8159, 0.7067, 0.7911, 0.9222,
        0.9854, 0.9530, 0.8571, 0.9261, 0.9722, 0.9889, 0.9714, 0.9467, 0.9472,
        0.6974, 0.4167, 0.8333, 0.4889, 0.9417, 0.6667, 0.3000, 0.9333, 0.7444,
        0.4333, 0.7133, 0.5333, 0.6533, 0.9259, 0.7667, 0.9000, 0.9833, 0.9538,
        0.9167, 0.9667, 0.9696, 0.8333, 0.8000, 0.6833, 0.9111])
tensor([0.5667, 0.8806, 0.9053, 0.9333, 0.8985, 0.8175, 0.7267, 0.7956, 0.9222,
        0.9854, 0.9561, 0.8619, 0.9145, 0.9722, 0.9926, 0.9857, 0.9533, 0.9556,
        0.7000, 0.3167, 0.8667, 0.5000, 0.9333, 0.6667, 0.3556, 0.9333, 0.7722,
        0.4333, 0.7067, 0.5333, 0.6333, 0.9111, 0.7167, 0.9048, 0.9833, 0.9590,
        0.9250, 0.9500, 0.9623, 0.8667, 0.7889, 0.6667, 0.9222])
tensor([0.5500, 0.8778, 0.9133, 0.9333, 0.8939, 0.8143, 0.7133, 0.8022, 0.9133,
        0.9875, 0.9500, 0.8714, 0.9203, 0.9722, 0.9926, 0.9762, 0.9400, 0.9528,
        0.7077, 0.4000, 0.8444, 0.5000, 0.9500, 0.6800, 0.3889, 0.9375, 0.7444,
        0.4333, 0.7067, 0.5333, 0.6333, 0.9333, 0.6833, 0.9000, 0.9917, 0.9692,
        0.9167, 0.9500, 0.9652, 0.8556, 0.7889, 0.6667, 0.9111])
tensor([0.5667, 0.8833, 0.9067, 0.9311, 0.8955, 0.8302, 0.7133, 0.8089, 0.9200,
        0.9875, 0.9591, 0.8619, 0.9174, 0.9722, 0.9926, 0.9762, 0.9533, 0.9389,
        0.7051, 0.2833, 0.8778, 0.4778, 0.9250, 0.6667, 0.4444, 0.9375, 0.7944,
        0.4500, 0.7133, 0.5333, 0.6200, 0.9111, 0.6500, 0.9190, 0.9833, 0.9641,
        0.9167, 0.9333, 0.9652, 0.9111, 0.8111, 0.6833, 0.9111])
tensor([0.5833, 0.8722, 0.9147, 0.9356, 0.9076, 0.8238, 0.7133, 0.8178, 0.9267,
        0.9875, 0.9576, 0.8810, 0.9246, 0.9722, 0.9926, 0.9857, 0.9467, 0.9500,
        0.7128, 0.4167, 0.8778, 0.5000, 0.9333, 0.6867, 0.3778, 0.9417, 0.8111,
        0.4500, 0.7333, 0.5333, 0.6467, 0.9259, 0.8667, 0.9190, 0.9917, 0.9641,
        0.9167, 0.9833, 0.9580, 0.9222, 0.7778, 0.6833, 0.8778])
tensor([0.5833, 0.8861, 0.9120, 0.9444, 0.9045, 0.8127, 0.7200, 0.8289, 0.9156,
        0.9875, 0.9576, 0.8714, 0.9232, 0.9736, 0.9926, 0.9762, 0.9667, 0.9444,
        0.7051, 0.4500, 0.9000, 0.5111, 0.9583, 0.7400, 0.3333, 0.9396, 0.8278,
        0.4500, 0.7400, 0.5333, 0.6000, 0.9222, 0.7000, 0.9238, 0.9917, 0.9692,
        0.9250, 0.9333, 0.9609, 0.9222, 0.8000, 0.6667, 0.9111])
tensor([0.6000, 0.8750, 0.9120, 0.9311, 0.9091, 0.8381, 0.7133, 0.8044, 0.9289,
        0.9896, 0.9591, 0.8667, 0.9232, 0.9736, 0.9926, 0.9667, 0.9600, 0.9472,
        0.7103, 0.4000, 0.9000, 0.5333, 0.9333, 0.7267, 0.4889, 0.9396, 0.8611,
        0.4667, 0.7067, 0.5556, 0.6067, 0.9259, 0.9333, 0.9286, 0.9917, 0.9667,
        0.9417, 0.9833, 0.9623, 0.9222, 0.8000, 0.6833, 0.9222])
tensor([0.6167, 0.8972, 0.9093, 0.9467, 0.9000, 0.8222, 0.7133, 0.8333, 0.9289,
        0.9875, 0.9606, 0.8738, 0.9203, 0.9736, 0.9926, 0.9762, 0.9667, 0.9444,
        0.7179, 0.4167, 0.8889, 0.5222, 0.9583, 0.7133, 0.4667, 0.9417, 0.7944,
        0.4500, 0.7267, 0.5556, 0.6467, 0.9000, 0.8000, 0.9286, 0.9917, 0.9667,
        0.9250, 0.9167, 0.9638, 0.9222, 0.8111, 0.7000, 0.9111])
tensor([0.5833, 0.8778, 0.9187, 0.9356, 0.9121, 0.8270, 0.7133, 0.8222, 0.9289,
        0.9917, 0.9636, 0.8762, 0.9348, 0.9736, 0.9926, 0.9762, 0.9733, 0.9417,
        0.7077, 0.3667, 0.9000, 0.5333, 0.9417, 0.7200, 0.4444, 0.9438, 0.8444,
        0.4667, 0.7200, 0.5333, 0.6333, 0.9111, 0.9333, 0.9286, 0.9917, 0.9590,
        0.9167, 0.9833, 0.9623, 0.9222, 0.8000, 0.6833, 0.9000])
tensor([0.6333, 0.8903, 0.9187, 0.9311, 0.9076, 0.8302, 0.7133, 0.8244, 0.9178,
        0.9896, 0.9652, 0.8833, 0.9406, 0.9750, 0.9926, 0.9762, 0.9733, 0.9444,
        0.7154, 0.4500, 0.9000, 0.5111, 0.9500, 0.7133, 0.4000, 0.9417, 0.8278,
        0.4667, 0.7200, 0.5556, 0.6467, 0.9333, 0.9500, 0.9333, 0.9917, 0.9667,
        0.9083, 0.9500, 0.9623, 0.9222, 0.8000, 0.6833, 0.9222])
tensor([0.6167, 0.8917, 0.9213, 0.9444, 0.9045, 0.8333, 0.7400, 0.8378, 0.9089,
        0.9896, 0.9621, 0.8643, 0.9261, 0.9736, 0.9926, 0.9810, 0.9600, 0.9472,
        0.7282, 0.4167, 0.9222, 0.5111, 0.9333, 0.7800, 0.4111, 0.9438, 0.8278,
        0.4667, 0.7267, 0.5444, 0.6400, 0.9222, 0.9833, 0.9429, 0.9917, 0.9667,
        0.9083, 0.9833, 0.9667, 0.9222, 0.8000, 0.6833, 0.9222])
tensor([0.6667, 0.8931, 0.9160, 0.9378, 0.9091, 0.8413, 0.7133, 0.8289, 0.9022,
        0.9917, 0.9621, 0.8738, 0.9348, 0.9722, 0.9926, 0.9810, 0.9667, 0.9361,
        0.7256, 0.4167, 0.9000, 0.5556, 0.9500, 0.7600, 0.4222, 0.9438, 0.8222,
        0.4667, 0.7267, 0.6000, 0.6533, 0.9111, 1.0000, 0.9619, 0.9917, 0.9590,
        0.9333, 0.9500, 0.9710, 0.9222, 0.8111, 0.7000, 0.9333])
tensor([0.6000, 0.9083, 0.9307, 0.9356, 0.9091, 0.8397, 0.7200, 0.8444, 0.9133,
        0.9896, 0.9652, 0.8643, 0.9304, 0.9736, 0.9926, 0.9762, 0.9733, 0.9472,
        0.7385, 0.4167, 0.9111, 0.5556, 0.9333, 0.8067, 0.5222, 0.9375, 0.8222,
        0.4833, 0.7400, 0.5444, 0.6267, 0.9222, 0.9833, 0.9286, 0.9917, 0.9744,
        0.8917, 0.9500, 0.9667, 0.9444, 0.8222, 0.7000, 0.9333])
tensor([0.6833, 0.8972, 0.9173, 0.9356, 0.9091, 0.8381, 0.7400, 0.8333, 0.9089,
        0.9917, 0.9652, 0.8690, 0.9377, 0.9750, 0.9926, 0.9762, 0.9667, 0.9389,
        0.7231, 0.4500, 0.9222, 0.5444, 0.9333, 0.8733, 0.4667, 0.9458, 0.8278,
        0.4667, 0.7533, 0.5333, 0.5400, 0.9259, 0.9833, 0.9286, 0.9917, 0.9692,
        0.9083, 0.9333, 0.9623, 0.9222, 0.8111, 0.7000, 0.9222])
tensor([0.7000, 0.9028, 0.9267, 0.9378, 0.9061, 0.8429, 0.7200, 0.8533, 0.9067,
        0.9917, 0.9636, 0.8667, 0.9348, 0.9792, 0.9926, 0.9905, 0.9667, 0.9417,
        0.7308, 0.4667, 0.9111, 0.5222, 0.9250, 0.8867, 0.4889, 0.9417, 0.8333,
        0.4667, 0.7533, 0.5667, 0.5667, 0.9185, 1.0000, 0.9333, 0.9917, 0.9744,
        0.9250, 0.9500, 0.9623, 0.9444, 0.8111, 0.7167, 0.9444])
tensor([0.6500, 0.9153, 0.9280, 0.9244, 0.9091, 0.8397, 0.7400, 0.8422, 0.9067,
        0.9917, 0.9621, 0.8667, 0.9290, 0.9736, 0.9926, 0.9810, 0.9733, 0.9389,
        0.7436, 0.5833, 0.9111, 0.5222, 0.9417, 0.8333, 0.5333, 0.9375, 0.8278,
        0.4667, 0.7267, 0.6556, 0.6133, 0.9259, 1.0000, 0.9476, 0.9917, 0.9795,
        0.9250, 0.9167, 0.9739, 0.9333, 0.8222, 0.7000, 0.9333])
tensor([0.7000, 0.9028, 0.9267, 0.9333, 0.9091, 0.8492, 0.7400, 0.8467, 0.8978,
        0.9917, 0.9682, 0.8595, 0.9319, 0.9778, 0.9926, 0.9857, 0.9667, 0.9417,
        0.7359, 0.4167, 0.9222, 0.5222, 0.9250, 0.8400, 0.5444, 0.9396, 0.8333,
        0.4833, 0.7400, 0.5667, 0.6533, 0.9296, 1.0000, 0.9476, 0.9917, 0.9744,
        0.9250, 0.9500, 0.9696, 0.9222, 0.8111, 0.7000, 0.9333])
tensor([0.7167, 0.9000, 0.9280, 0.9400, 0.9076, 0.8413, 0.7200, 0.8644, 0.9000,
        0.9917, 0.9667, 0.8595, 0.9377, 0.9778, 0.9926, 0.9857, 0.9667, 0.9361,
        0.7385, 0.3667, 0.9222, 0.5444, 0.9333, 0.8400, 0.5667, 0.9396, 0.8444,
        0.4833, 0.7600, 0.5556, 0.6800, 0.9259, 1.0000, 0.9381, 0.9917, 0.9718,
        0.9167, 0.9500, 0.9667, 0.9444, 0.8222, 0.7000, 0.9444])
tensor([0.7167, 0.9000, 0.9347, 0.9400, 0.9076, 0.8413, 0.7267, 0.8378, 0.9089,
        0.9917, 0.9682, 0.8548, 0.9333, 0.9750, 0.9926, 0.9810, 0.9667, 0.9389,
        0.7385, 0.5000, 0.9222, 0.5333, 0.9333, 0.8533, 0.5889, 0.9396, 0.8444,
        0.4833, 0.7333, 0.6667, 0.6267, 0.9222, 1.0000, 0.9619, 0.9917, 0.9769,
        0.8917, 0.9500, 0.9725, 0.9333, 0.8222, 0.7000, 0.9444])
tensor([0.7000, 0.9139, 0.9373, 0.9356, 0.9121, 0.8365, 0.7333, 0.8400, 0.9022,
        0.9896, 0.9682, 0.8548, 0.9333, 0.9750, 0.9963, 0.9857, 0.9667, 0.9306,
        0.7359, 0.5500, 0.9111, 0.5444, 0.9333, 0.8533, 0.6222, 0.9375, 0.8389,
        0.5000, 0.7400, 0.6444, 0.6533, 0.9370, 1.0000, 0.9524, 0.9917, 0.9744,
        0.9083, 0.9500, 0.9768, 0.9333, 0.8333, 0.7333, 0.9444])
tensor([0.7333, 0.9028, 0.9293, 0.9333, 0.9091, 0.8492, 0.7467, 0.8289, 0.9044,
        0.9917, 0.9682, 0.8476, 0.9290, 0.9792, 0.9963, 0.9810, 0.9600, 0.9389,
        0.7385, 0.5500, 0.9111, 0.5778, 0.9417, 0.8933, 0.5889, 0.9396, 0.8500,
        0.5000, 0.7533, 0.5889, 0.6200, 0.9296, 1.0000, 0.9381, 0.9917, 0.9744,
        0.9167, 0.9167, 0.9696, 0.9222, 0.8556, 0.7000, 0.9556])
tensor([0.7500, 0.9111, 0.9347, 0.9489, 0.9045, 0.8460, 0.7667, 0.8444, 0.8956,
        0.9917, 0.9697, 0.8476, 0.9406, 0.9806, 0.9963, 1.0000, 0.9533, 0.9306,
        0.7333, 0.4500, 0.9222, 0.5556, 0.9417, 0.8800, 0.5444, 0.9396, 0.8389,
        0.5000, 0.7467, 0.6778, 0.6600, 0.9222, 1.0000, 0.9429, 0.9917, 0.9769,
        0.9417, 0.9500, 0.9638, 0.9222, 0.8222, 0.7333, 0.9444])
tensor([0.7500, 0.9042, 0.9400, 0.9289, 0.9136, 0.8413, 0.7133, 0.8533, 0.8933,
        0.9896, 0.9682, 0.8476, 0.9290, 0.9792, 0.9963, 1.0000, 0.9667, 0.9333,
        0.7538, 0.5500, 0.9222, 0.5778, 0.9167, 0.8600, 0.6000, 0.9396, 0.8278,
        0.5000, 0.7467, 0.5889, 0.6733, 0.9444, 1.0000, 0.9429, 0.9917, 0.9744,
        0.9250, 0.9167, 0.9739, 0.9444, 0.8556, 0.7500, 0.9556])
tensor([0.7500, 0.9125, 0.9320, 0.9333, 0.9045, 0.8556, 0.7800, 0.8400, 0.8978,
        0.9917, 0.9697, 0.8476, 0.9377, 0.9792, 0.9963, 1.0000, 0.9733, 0.9389,
        0.7487, 0.6167, 0.9222, 0.5556, 0.9333, 0.8467, 0.5778, 0.9396, 0.8222,
        0.5000, 0.7400, 0.6667, 0.7067, 0.9481, 1.0000, 0.9571, 0.9917, 0.9769,
        0.9250, 0.9167, 0.9739, 0.9333, 0.8111, 0.7333, 0.9444])
tensor([0.7667, 0.9125, 0.9333, 0.9289, 0.9076, 0.8524, 0.7867, 0.8600, 0.8978,
        0.9896, 0.9682, 0.8500, 0.9507, 0.9792, 0.9963, 0.9952, 0.9733, 0.9278,
        0.7615, 0.5833, 0.9222, 0.5556, 0.9333, 0.9333, 0.5889, 0.9333, 0.8222,
        0.5000, 0.7467, 0.6556, 0.6000, 0.9519, 1.0000, 0.9667, 0.9833, 0.9769,
        0.9417, 0.9000, 0.9681, 0.9333, 0.8333, 0.7333, 0.9556])
tensor([0.7500, 0.9139, 0.9333, 0.9289, 0.9061, 0.8651, 0.7600, 0.8489, 0.9000,
        0.9896, 0.9727, 0.8619, 0.9391, 0.9833, 0.9963, 0.9952, 0.9600, 0.9306,
        0.7436, 0.6500, 0.9111, 0.5556, 0.9333, 0.8667, 0.6667, 0.9250, 0.8222,
        0.5000, 0.7733, 0.6778, 0.6800, 0.9444, 1.0000, 0.9524, 0.9917, 0.9744,
        0.9333, 0.9167, 0.9725, 0.9222, 0.8333, 0.7500, 0.9444])
tensor([0.8000, 0.9125, 0.9320, 0.9244, 0.9091, 0.8651, 0.7667, 0.8489, 0.9000,
        0.9917, 0.9682, 0.8548, 0.9420, 0.9819, 0.9963, 1.0000, 0.9733, 0.9278,
        0.7590, 0.6333, 0.9222, 0.6111, 0.9250, 0.9067, 0.6000, 0.9458, 0.8222,
        0.5000, 0.7267, 0.7111, 0.6600, 0.9519, 1.0000, 0.9571, 0.9917, 0.9744,
        0.9167, 0.9167, 0.9783, 0.9333, 0.8222, 0.7500, 0.9556])
tensor([0.8333, 0.9111, 0.9440, 0.9378, 0.9045, 0.8603, 0.7333, 0.8622, 0.8933,
        0.9896, 0.9667, 0.8571, 0.9391, 0.9847, 0.9963, 1.0000, 0.9800, 0.9306,
        0.7564, 0.5833, 0.9111, 0.5778, 0.9333, 0.9333, 0.5444, 0.9354, 0.8222,
        0.5000, 0.7400, 0.7667, 0.6733, 0.9519, 1.0000, 0.9524, 0.9833, 0.9744,
        0.9250, 0.9000, 0.9667, 0.9333, 0.8556, 0.7500, 0.9556])
tensor([0.8333, 0.9125, 0.9427, 0.9378, 0.9152, 0.8540, 0.7200, 0.8467, 0.8978,
        0.9896, 0.9742, 0.8452, 0.9507, 0.9806, 0.9963, 1.0000, 0.9733, 0.9278,
        0.7590, 0.5333, 0.9222, 0.6333, 0.9250, 0.9267, 0.6889, 0.9312, 0.8167,
        0.5000, 0.7467, 0.7222, 0.6667, 0.9519, 1.0000, 0.9429, 0.9917, 0.9769,
        0.9167, 0.9000, 0.9768, 0.9556, 0.8333, 0.7500, 0.9556])
tensor([0.8500, 0.9125, 0.9387, 0.9378, 0.9030, 0.8603, 0.7800, 0.8578, 0.9000,
        0.9917, 0.9742, 0.8429, 0.9478, 0.9833, 0.9963, 1.0000, 0.9667, 0.9278,
        0.7615, 0.5667, 0.9333, 0.6667, 0.9417, 0.9333, 0.6556, 0.9333, 0.8278,
        0.5000, 0.7200, 0.6778, 0.6667, 0.9481, 1.0000, 0.9524, 0.9917, 0.9718,
        0.8917, 0.8667, 0.9739, 0.9333, 0.8333, 0.7500, 0.9556])
tensor([0.8167, 0.9097, 0.9373, 0.9333, 0.9121, 0.8667, 0.7400, 0.8444, 0.9022,
        0.9917, 0.9712, 0.8476, 0.9377, 0.9819, 0.9963, 1.0000, 0.9600, 0.9306,
        0.7718, 0.5333, 0.9222, 0.6556, 0.9250, 0.9600, 0.5778, 0.9438, 0.8167,
        0.5000, 0.7467, 0.7222, 0.6533, 0.9481, 1.0000, 0.9524, 0.9917, 0.9744,
        0.9250, 0.8000, 0.9696, 0.9333, 0.8333, 0.7500, 0.9556])
tensor([0.8000, 0.9139, 0.9360, 0.9400, 0.9197, 0.8587, 0.7733, 0.8489, 0.8911,
        0.9917, 0.9667, 0.8643, 0.9362, 0.9847, 0.9963, 1.0000, 0.9800, 0.9333,
        0.7667, 0.6500, 0.9222, 0.6444, 0.9333, 0.9667, 0.6556, 0.9354, 0.8056,
        0.5000, 0.7467, 0.7556, 0.6467, 0.9519, 1.0000, 0.9619, 0.9917, 0.9718,
        0.9417, 0.9167, 0.9638, 0.9333, 0.8333, 0.8000, 0.9667])
tensor([0.8500, 0.9139, 0.9453, 0.9489, 0.9136, 0.8619, 0.7733, 0.8489, 0.8933,
        0.9896, 0.9697, 0.8524, 0.9493, 0.9847, 0.9963, 1.0000, 0.9800, 0.9250,
        0.7667, 0.5667, 0.9333, 0.6111, 0.9250, 0.9667, 0.7000, 0.9396, 0.8056,
        0.5000, 0.7933, 0.7000, 0.6200, 0.9519, 1.0000, 0.9571, 0.9917, 0.9718,
        0.9167, 0.8500, 0.9754, 0.9333, 0.8333, 0.7667, 0.9667])
tensor([0.8667, 0.9139, 0.9373, 0.9400, 0.9106, 0.8762, 0.7867, 0.8711, 0.8867,
        0.9917, 0.9697, 0.8595, 0.9478, 0.9875, 0.9963, 1.0000, 0.9667, 0.9278,
        0.7692, 0.6333, 0.9111, 0.6667, 0.9250, 0.9667, 0.6667, 0.9354, 0.8111,
        0.5000, 0.7533, 0.7556, 0.6867, 0.9519, 1.0000, 0.9571, 0.9917, 0.9744,
        0.9167, 0.9000, 0.9768, 0.9444, 0.8333, 0.7333, 0.9667])
tensor([0.8333, 0.9194, 0.9347, 0.9400, 0.9030, 0.8730, 0.7667, 0.8778, 0.8911,
        0.9917, 0.9758, 0.8476, 0.9362, 0.9861, 0.9963, 1.0000, 0.9800, 0.9250,
        0.7744, 0.6167, 0.9333, 0.6778, 0.9250, 0.9600, 0.6778, 0.9354, 0.8167,
        0.5000, 0.7533, 0.7667, 0.7000, 0.9519, 1.0000, 0.9667, 0.9750, 0.9744,
        0.9167, 0.9167, 0.9783, 0.9333, 0.8333, 0.8000, 0.9556])
tensor([0.9000, 0.9097, 0.9440, 0.9400, 0.9197, 0.8635, 0.7800, 0.8689, 0.8956,
        0.9917, 0.9712, 0.8476, 0.9449, 0.9861, 0.9963, 1.0000, 0.9800, 0.9278,
        0.7718, 0.6333, 0.9333, 0.7111, 0.9417, 0.9600, 0.7111, 0.9312, 0.8222,
        0.5000, 0.7200, 0.7556, 0.6933, 0.9519, 1.0000, 0.9810, 0.9917, 0.9769,
        0.9250, 0.8667, 0.9739, 0.9333, 0.8333, 0.8000, 0.9778])
tensor([0.8833, 0.9111, 0.9440, 0.9400, 0.9212, 0.8698, 0.7800, 0.8622, 0.8867,
        0.9917, 0.9742, 0.8286, 0.9507, 0.9861, 0.9963, 1.0000, 0.9800, 0.9250,
        0.7718, 0.6000, 0.9333, 0.7333, 0.9333, 0.9667, 0.7556, 0.9333, 0.8167,
        0.5000, 0.7333, 0.6889, 0.6733, 0.9481, 1.0000, 0.9762, 0.9917, 0.9718,
        0.9333, 0.8833, 0.9725, 0.9333, 0.8333, 0.8000, 0.9778])
tensor([0.9000, 0.9167, 0.9387, 0.9378, 0.9182, 0.8746, 0.7267, 0.8711, 0.8844,
        0.9917, 0.9727, 0.8595, 0.9493, 0.9875, 0.9963, 1.0000, 0.9800, 0.9250,
        0.7769, 0.7000, 0.9333, 0.7556, 0.9250, 0.9533, 0.6222, 0.9229, 0.8278,
        0.5000, 0.7400, 0.8000, 0.7000, 0.9444, 1.0000, 0.9810, 0.9917, 0.9718,
        0.9167, 0.8333, 0.9739, 0.9333, 0.8333, 0.8000, 0.9889])
tensor([0.8333, 0.9139, 0.9480, 0.9422, 0.9182, 0.8667, 0.7533, 0.8756, 0.8844,
        0.9917, 0.9742, 0.8548, 0.9522, 0.9861, 1.0000, 0.9952, 0.9667, 0.9250,
        0.7692, 0.6333, 0.9111, 0.6889, 0.9250, 0.9600, 0.7667, 0.9396, 0.8222,
        0.5000, 0.7867, 0.7444, 0.6933, 0.9481, 1.0000, 0.9667, 0.9917, 0.9744,
        0.9083, 0.8333, 0.9739, 0.9556, 0.8444, 0.7667, 0.9778])
tensor([0.8833, 0.9139, 0.9427, 0.9422, 0.9227, 0.8730, 0.8067, 0.8689, 0.8978,
        0.9917, 0.9742, 0.8690, 0.9522, 0.9861, 0.9963, 1.0000, 0.9800, 0.9250,
        0.7692, 0.7000, 0.9333, 0.7556, 0.9333, 0.9667, 0.7556, 0.9375, 0.8222,
        0.5000, 0.7533, 0.7444, 0.6600, 0.9481, 1.0000, 0.9810, 0.9917, 0.9769,
        0.9500, 0.8000, 0.9681, 0.9333, 0.8333, 0.8000, 0.9556])
tensor([0.8833, 0.9194, 0.9400, 0.9333, 0.9227, 0.8762, 0.7667, 0.8756, 0.8889,
        0.9917, 0.9727, 0.8667, 0.9493, 0.9875, 0.9963, 1.0000, 0.9800, 0.9250,
        0.7744, 0.7000, 0.9444, 0.7222, 0.9333, 0.9733, 0.7333, 0.9375, 0.8222,
        0.5000, 0.7333, 0.8222, 0.6200, 0.9481, 1.0000, 0.9714, 0.9917, 0.9769,
        0.9417, 0.8667, 0.9652, 0.9556, 0.8333, 0.8000, 0.9889])
tensor([0.9000, 0.9208, 0.9400, 0.9422, 0.9136, 0.8762, 0.7933, 0.8956, 0.8933,
        0.9917, 0.9788, 0.8619, 0.9551, 0.9861, 0.9963, 1.0000, 0.9733, 0.9250,
        0.7821, 0.6167, 0.9444, 0.7111, 0.9333, 0.9867, 0.7222, 0.9354, 0.8222,
        0.5000, 0.7600, 0.7444, 0.6200, 0.9481, 1.0000, 0.9905, 0.9917, 0.9769,
        0.9417, 0.8000, 0.9638, 0.9333, 0.8333, 0.7833, 0.9889])
tensor([0.8833, 0.9153, 0.9453, 0.9422, 0.9303, 0.8714, 0.8000, 0.8933, 0.8889,
        0.9917, 0.9773, 0.8500, 0.9522, 0.9875, 0.9963, 0.9952, 0.9733, 0.9194,
        0.7821, 0.6333, 0.9222, 0.7111, 0.9333, 0.9800, 0.7333, 0.9333, 0.8278,
        0.5000, 0.7533, 0.8000, 0.6733, 0.9481, 1.0000, 0.9810, 0.9917, 0.9744,
        0.9167, 0.8500, 0.9768, 0.9333, 0.8333, 0.8500, 0.9889])
tensor([0.8333, 0.9208, 0.9413, 0.9511, 0.9258, 0.8746, 0.8067, 0.8911, 0.8911,
        0.9917, 0.9773, 0.8595, 0.9580, 0.9903, 1.0000, 1.0000, 0.9667, 0.9167,
        0.7795, 0.6333, 0.9333, 0.6667, 0.9333, 0.9733, 0.8000, 0.9333, 0.8222,
        0.5000, 0.7933, 0.6556, 0.6933, 0.9556, 1.0000, 0.9857, 0.9917, 0.9769,
        0.9167, 0.8667, 0.9667, 0.9333, 0.8333, 0.7667, 0.9889])
