tensor([1., 0., 0., 0., 0., 0., 0., 0., 0., 0., 0., 0., 0., 0., 0., 0., 0., 0.,
        0., 0., 0., 0., 0., 0., 0., 0., 0., 0., 0., 0., 0., 0., 0., 0., 0., 0.,
        0., 0., 0., 0., 0., 0., 0.])
tensor([1., 0., 0., 0., 0., 0., 0., 0., 0., 0., 0., 0., 0., 0., 0., 0., 0., 0.,
        0., 0., 0., 0., 0., 0., 0., 0., 0., 0., 0., 0., 0., 0., 0., 0., 0., 0.,
        0., 0., 0., 0., 0., 0., 0.])
tensor([1., 0., 0., 0., 0., 0., 0., 0., 0., 0., 0., 0., 0., 0., 0., 0., 0., 0.,
        0., 0., 0., 0., 0., 0., 0., 0., 0., 0., 0., 0., 0., 0., 0., 0., 0., 0.,
        0., 0., 0., 0., 0., 0., 0.])
tensor([1., 0., 0., 0., 0., 0., 0., 0., 0., 0., 0., 0., 0., 0., 0., 0., 0., 0.,
        0., 0., 0., 0., 0., 0., 0., 0., 0., 0., 0., 0., 0., 0., 0., 0., 0., 0.,
        0., 0., 0., 0., 0., 0., 0.])
tensor([1., 0., 0., 0., 0., 0., 0., 0., 0., 0., 0., 0., 0., 0., 0., 0., 0., 0.,
        0., 0., 0., 0., 0., 0., 0., 0., 0., 0., 0., 0., 0., 0., 0., 0., 0., 0.,
        0., 0., 0., 0., 0., 0., 0.])
tensor([1., 0., 0., 0., 0., 0., 0., 0., 0., 0., 0., 0., 0., 0., 0., 0., 0., 0.,
        0., 0., 0., 0., 0., 0., 0., 0., 0., 0., 0., 0., 0., 0., 0., 0., 0., 0.,
        0., 0., 0., 0., 0., 0., 0.])
tensor([1., 0., 0., 0., 0., 0., 0., 0., 0., 0., 0., 0., 0., 0., 0., 0., 0., 0.,
        0., 0., 0., 0., 0., 0., 0., 0., 0., 0., 0., 0., 0., 0., 0., 0., 0., 0.,
        0., 0., 0., 0., 0., 0., 0.])
tensor([1., 0., 0., 0., 0., 0., 0., 0., 0., 0., 0., 0., 0., 0., 0., 0., 0., 0.,
        0., 0., 0., 0., 0., 0., 0., 0., 0., 0., 0., 0., 0., 0., 0., 0., 0., 0.,
        0., 0., 0., 0., 0., 0., 0.])
tensor([1.0000, 0.0000, 0.0000, 0.0000, 0.0000, 0.0000, 0.0000, 0.0000, 0.0000,
        0.0000, 0.4015, 0.0000, 0.0000, 0.0000, 0.0000, 0.0000, 0.0000, 0.0000,
        0.0000, 0.0000, 0.0000, 0.0000, 0.0000, 0.0000, 0.0000, 0.0000, 0.0000,
        0.0000, 0.0000, 0.0000, 0.0000, 0.0000, 0.0000, 0.0000, 0.0000, 0.0000,
        0.0000, 0.0000, 0.0000, 0.0000, 0.0000, 0.0000, 0.0000])
tensor([0.9500, 0.2597, 0.0000, 0.0000, 0.0000, 0.0000, 0.0000, 0.0000, 0.0000,
        0.0000, 0.7136, 0.0000, 0.0000, 0.0000, 0.0000, 0.0000, 0.0000, 0.0000,
        0.0000, 0.0000, 0.0000, 0.0000, 0.0000, 0.0000, 0.0000, 0.0000, 0.0000,
        0.0000, 0.0000, 0.0000, 0.0000, 0.0000, 0.0000, 0.0000, 0.0000, 0.0000,
        0.0000, 0.0000, 0.0000, 0.0000, 0.0000, 0.0000, 0.0000])
tensor([0.5500, 0.4597, 0.0027, 0.0000, 0.0000, 0.0524, 0.0000, 0.0000, 0.0000,
        0.0000, 0.6727, 0.0000, 0.0000, 0.0347, 0.0000, 0.0000, 0.0000, 0.0000,
        0.0000, 0.0000, 0.0000, 0.0000, 0.0000, 0.0000, 0.0000, 0.0000, 0.0000,
        0.0000, 0.0000, 0.0000, 0.0000, 0.0000, 0.0000, 0.0000, 0.0000, 0.0000,
        0.0000, 0.0000, 0.0000, 0.0000, 0.0000, 0.0000, 0.0000])
tensor([0.5000, 0.5042, 0.0040, 0.0000, 0.0000, 0.0540, 0.0000, 0.0000, 0.0000,
        0.0000, 0.6833, 0.0000, 0.1522, 0.0097, 0.0000, 0.0000, 0.0000, 0.0000,
        0.0000, 0.0000, 0.0000, 0.0000, 0.0000, 0.0000, 0.0000, 0.0000, 0.0000,
        0.0000, 0.0000, 0.0000, 0.0000, 0.0000, 0.0000, 0.0000, 0.0000, 0.0000,
        0.0000, 0.0000, 0.0000, 0.0000, 0.0000, 0.0000, 0.0000])
tensor([0.3833, 0.4931, 0.0760, 0.0000, 0.0045, 0.0524, 0.0000, 0.0000, 0.0000,
        0.0000, 0.6667, 0.0000, 0.4609, 0.0250, 0.0000, 0.0000, 0.0000, 0.5056,
        0.0000, 0.0000, 0.0000, 0.0000, 0.0000, 0.0000, 0.0000, 0.0000, 0.0000,
        0.0000, 0.0000, 0.0000, 0.0000, 0.0000, 0.0000, 0.0000, 0.0000, 0.0000,
        0.0000, 0.0000, 0.0000, 0.0000, 0.0000, 0.0000, 0.0000])
tensor([0.0833, 0.3806, 0.2493, 0.0000, 0.0455, 0.1429, 0.0000, 0.0000, 0.2067,
        0.0000, 0.4955, 0.0000, 0.6783, 0.4556, 0.0000, 0.0000, 0.0000, 0.8194,
        0.0000, 0.0000, 0.0000, 0.0000, 0.0000, 0.0000, 0.0000, 0.0000, 0.0000,
        0.0000, 0.0000, 0.0000, 0.0000, 0.0296, 0.0000, 0.0000, 0.0000, 0.0000,
        0.0000, 0.0000, 0.0000, 0.0000, 0.0000, 0.0000, 0.0000])
tensor([0.0000, 0.2931, 0.4013, 0.0000, 0.0530, 0.0397, 0.0000, 0.0000, 0.1867,
        0.0000, 0.5561, 0.1214, 0.7435, 0.7931, 0.2481, 0.0000, 0.0000, 0.7194,
        0.0000, 0.0000, 0.0000, 0.0000, 0.0000, 0.0000, 0.0000, 0.0000, 0.0000,
        0.0000, 0.0000, 0.0000, 0.0000, 0.2519, 0.0000, 0.0000, 0.0000, 0.0000,
        0.0000, 0.0000, 0.5130, 0.0000, 0.0000, 0.0000, 0.0000])
tensor([0.0000, 0.5472, 0.1733, 0.0000, 0.1561, 0.0444, 0.0000, 0.0000, 0.2133,
        0.0000, 0.6606, 0.0357, 0.7681, 0.8708, 0.4185, 0.0000, 0.0000, 0.7500,
        0.2333, 0.0000, 0.0000, 0.0000, 0.0000, 0.0000, 0.0000, 0.3833, 0.0000,
        0.0000, 0.0000, 0.0333, 0.0000, 0.2222, 0.0000, 0.0000, 0.0000, 0.0000,
        0.0000, 0.0000, 0.8899, 0.0000, 0.0000, 0.0000, 0.0000])
tensor([0.0000, 0.7222, 0.0853, 0.0000, 0.1212, 0.0492, 0.0000, 0.0000, 0.3844,
        0.0063, 0.7864, 0.2857, 0.7609, 0.8972, 0.5333, 0.0000, 0.0000, 0.6528,
        0.3051, 0.0000, 0.0000, 0.0000, 0.0000, 0.0000, 0.0000, 0.4229, 0.0000,
        0.0000, 0.0000, 0.0000, 0.0000, 0.0889, 0.0000, 0.0000, 0.0000, 0.0000,
        0.0000, 0.0000, 0.8971, 0.0000, 0.0000, 0.0000, 0.0000])
tensor([0.0000, 0.7556, 0.0747, 0.0022, 0.1258, 0.0524, 0.0000, 0.0000, 0.3911,
        0.0417, 0.8273, 0.4548, 0.7667, 0.9097, 0.4889, 0.0000, 0.0000, 0.7139,
        0.3513, 0.0000, 0.0000, 0.0000, 0.0000, 0.0000, 0.0000, 0.4250, 0.0000,
        0.0000, 0.0000, 0.0000, 0.0000, 0.0630, 0.0000, 0.0000, 0.0000, 0.0000,
        0.0000, 0.0000, 0.8986, 0.0000, 0.0000, 0.0000, 0.0000])
tensor([0.0000, 0.7319, 0.1040, 0.0022, 0.1258, 0.0571, 0.0067, 0.0156, 0.3333,
        0.0792, 0.8303, 0.6167, 0.7739, 0.9194, 0.4000, 0.0000, 0.0000, 0.7639,
        0.3949, 0.0000, 0.0000, 0.0000, 0.0000, 0.0000, 0.0000, 0.3625, 0.0000,
        0.0000, 0.0000, 0.0000, 0.0000, 0.0926, 0.0000, 0.0000, 0.0000, 0.0179,
        0.0000, 0.0000, 0.8348, 0.0000, 0.0000, 0.0000, 0.0000])
tensor([0.0000, 0.6750, 0.0960, 0.0022, 0.1258, 0.0635, 0.0067, 0.0267, 0.3244,
        0.1396, 0.8455, 0.6548, 0.7812, 0.9153, 0.4222, 0.1476, 0.0000, 0.7528,
        0.4179, 0.0000, 0.0000, 0.0000, 0.0167, 0.0000, 0.0000, 0.3917, 0.0222,
        0.0000, 0.0000, 0.0000, 0.0000, 0.2593, 0.0000, 0.0000, 0.0000, 0.0897,
        0.0000, 0.0000, 0.7913, 0.0000, 0.0000, 0.0000, 0.0000])
tensor([0.0000, 0.6458, 0.0893, 0.0000, 0.1318, 0.0905, 0.0400, 0.0378, 0.2533,
        0.2188, 0.8379, 0.7119, 0.7986, 0.9139, 0.3926, 0.2048, 0.0000, 0.7583,
        0.4538, 0.0000, 0.0000, 0.0000, 0.1250, 0.0000, 0.0000, 0.3146, 0.0722,
        0.0000, 0.0000, 0.0000, 0.0000, 0.3111, 0.0000, 0.0000, 0.0000, 0.0333,
        0.0000, 0.0000, 0.8478, 0.0000, 0.0000, 0.0000, 0.0000])
tensor([0.0000, 0.6056, 0.1333, 0.0000, 0.1212, 0.0952, 0.0800, 0.0378, 0.2067,
        0.2896, 0.8318, 0.7310, 0.8130, 0.9181, 0.3889, 0.2476, 0.0000, 0.7583,
        0.4872, 0.0000, 0.0000, 0.0000, 0.2833, 0.0000, 0.0000, 0.2562, 0.1111,
        0.0000, 0.0000, 0.0000, 0.0000, 0.4185, 0.0000, 0.0000, 0.0000, 0.2513,
        0.0000, 0.0000, 0.6594, 0.0000, 0.0000, 0.0000, 0.0000])
tensor([0.0000, 0.5528, 0.1587, 0.0000, 0.1273, 0.1444, 0.1333, 0.0400, 0.1089,
        0.3729, 0.8424, 0.6976, 0.8406, 0.9208, 0.4963, 0.3762, 0.0000, 0.7472,
        0.4923, 0.0000, 0.0000, 0.0000, 0.3500, 0.0000, 0.0000, 0.3187, 0.1389,
        0.0000, 0.0000, 0.0000, 0.0000, 0.4704, 0.0000, 0.0000, 0.0000, 0.2436,
        0.0000, 0.0000, 0.6681, 0.0000, 0.0000, 0.0000, 0.0000])
tensor([0.0000, 0.5514, 0.1453, 0.0000, 0.1591, 0.1238, 0.1733, 0.0467, 0.2800,
        0.4229, 0.8424, 0.7357, 0.8449, 0.9222, 0.5519, 0.4095, 0.0000, 0.7778,
        0.5205, 0.0000, 0.0000, 0.0000, 0.3583, 0.0000, 0.0000, 0.3271, 0.1444,
        0.0000, 0.0000, 0.0000, 0.0000, 0.4185, 0.0000, 0.0000, 0.0000, 0.2051,
        0.0000, 0.0000, 0.7217, 0.0000, 0.0000, 0.0000, 0.0000])
tensor([0.0000, 0.4486, 0.2147, 0.0200, 0.1788, 0.1349, 0.2733, 0.0333, 0.2933,
        0.5000, 0.8561, 0.7143, 0.8391, 0.9319, 0.7667, 0.6429, 0.0000, 0.7722,
        0.5308, 0.0000, 0.0000, 0.0000, 0.3750, 0.0000, 0.0000, 0.4750, 0.2222,
        0.0000, 0.0000, 0.0000, 0.0000, 0.3926, 0.0000, 0.0000, 0.0000, 0.2615,
        0.0000, 0.0000, 0.6275, 0.0000, 0.0000, 0.0000, 0.0000])
tensor([0.0000, 0.4361, 0.2213, 0.0444, 0.2439, 0.1413, 0.3133, 0.0533, 0.2378,
        0.5521, 0.8455, 0.7262, 0.8362, 0.9306, 0.7889, 0.7524, 0.0000, 0.8778,
        0.5744, 0.0000, 0.0000, 0.0000, 0.3917, 0.0000, 0.0000, 0.5479, 0.1889,
        0.0000, 0.0000, 0.0000, 0.0000, 0.5000, 0.0000, 0.0000, 0.0000, 0.2205,
        0.0000, 0.0000, 0.6638, 0.0000, 0.0000, 0.0167, 0.0000])
tensor([0.0000, 0.4319, 0.2347, 0.1067, 0.2333, 0.1508, 0.3867, 0.0933, 0.2444,
        0.6500, 0.8576, 0.7190, 0.8275, 0.9389, 0.8407, 0.8524, 0.1933, 0.8944,
        0.5513, 0.0000, 0.0000, 0.0000, 0.4500, 0.0000, 0.0000, 0.6167, 0.3556,
        0.0000, 0.0000, 0.0000, 0.0000, 0.3519, 0.0000, 0.0000, 0.0000, 0.2487,
        0.0000, 0.0000, 0.6855, 0.0000, 0.0000, 0.2000, 0.0778])
tensor([0.0000, 0.4792, 0.2173, 0.1622, 0.2561, 0.1413, 0.3933, 0.1667, 0.2844,
        0.7042, 0.8682, 0.7619, 0.8145, 0.9431, 0.8519, 0.9286, 0.3400, 0.9194,
        0.5436, 0.0000, 0.0000, 0.0000, 0.5250, 0.0000, 0.0000, 0.6417, 0.3611,
        0.0000, 0.0000, 0.0222, 0.0000, 0.4370, 0.0833, 0.0238, 0.0000, 0.2974,
        0.0000, 0.0000, 0.7348, 0.0000, 0.0000, 0.2667, 0.4000])
tensor([0.0000, 0.4694, 0.2213, 0.2644, 0.3273, 0.1587, 0.4467, 0.2289, 0.2511,
        0.7604, 0.8606, 0.7738, 0.8130, 0.9472, 0.9630, 0.9476, 0.4600, 0.8889,
        0.5179, 0.0000, 0.0000, 0.0000, 0.5583, 0.0000, 0.0000, 0.6917, 0.3944,
        0.0000, 0.0333, 0.0222, 0.0000, 0.5444, 0.2167, 0.0286, 0.0000, 0.3359,
        0.0000, 0.0000, 0.8261, 0.0000, 0.0000, 0.4000, 0.4556])
tensor([0.0000, 0.5153, 0.2600, 0.3222, 0.3273, 0.1508, 0.5067, 0.2578, 0.2756,
        0.7854, 0.8621, 0.7667, 0.8145, 0.9458, 0.9519, 0.9333, 0.5867, 0.9333,
        0.5667, 0.0000, 0.0000, 0.0000, 0.5750, 0.0000, 0.0000, 0.7417, 0.3500,
        0.0000, 0.0667, 0.0222, 0.0067, 0.5926, 0.2500, 0.0286, 0.0000, 0.3744,
        0.0000, 0.0000, 0.9130, 0.0000, 0.0000, 0.5000, 0.5444])
tensor([0.0000, 0.5611, 0.2960, 0.4178, 0.2955, 0.1714, 0.5400, 0.2667, 0.2956,
        0.7792, 0.8591, 0.7667, 0.8145, 0.9444, 0.9519, 0.9619, 0.6867, 0.9389,
        0.5564, 0.0000, 0.0000, 0.0000, 0.6083, 0.0000, 0.0000, 0.8021, 0.3833,
        0.0000, 0.2267, 0.0111, 0.0067, 0.6222, 0.2500, 0.0381, 0.0000, 0.5051,
        0.0000, 0.0000, 0.9130, 0.0333, 0.0000, 0.6000, 0.5778])
tensor([0.0000, 0.5972, 0.3187, 0.4556, 0.4182, 0.1556, 0.5133, 0.3156, 0.3422,
        0.7771, 0.8515, 0.7881, 0.8232, 0.9472, 0.9481, 0.9524, 0.7067, 0.9472,
        0.5641, 0.0000, 0.0000, 0.0000, 0.6917, 0.0000, 0.0000, 0.8354, 0.3833,
        0.0000, 0.3667, 0.0000, 0.0067, 0.7185, 0.2833, 0.0857, 0.0000, 0.5000,
        0.0000, 0.0167, 0.9188, 0.3000, 0.0000, 0.6833, 0.4222])
tensor([0.0000, 0.6417, 0.3253, 0.5689, 0.3667, 0.2302, 0.5400, 0.3533, 0.3689,
        0.7792, 0.8500, 0.8167, 0.8130, 0.9472, 0.9519, 0.9571, 0.7267, 0.9528,
        0.5949, 0.0000, 0.0111, 0.0000, 0.7667, 0.0067, 0.1000, 0.8250, 0.3611,
        0.0000, 0.4200, 0.0333, 0.0267, 0.7815, 0.2667, 0.2619, 0.3083, 0.5077,
        0.0000, 0.2167, 0.9130, 0.5444, 0.0444, 0.7000, 0.3889])
tensor([0.0000, 0.6403, 0.3653, 0.5933, 0.4742, 0.2413, 0.5533, 0.3733, 0.4089,
        0.7979, 0.8606, 0.8190, 0.8159, 0.9500, 0.9444, 0.9476, 0.7400, 0.9694,
        0.6128, 0.0000, 0.0111, 0.0111, 0.8083, 0.0267, 0.1556, 0.8479, 0.3222,
        0.0000, 0.4400, 0.1444, 0.0400, 0.7704, 0.2500, 0.6000, 0.4333, 0.6000,
        0.0083, 0.4000, 0.8928, 0.6222, 0.0222, 0.7000, 0.5556])
tensor([0.0000, 0.6347, 0.4067, 0.6200, 0.4833, 0.2778, 0.5600, 0.4156, 0.3844,
        0.8208, 0.8742, 0.8405, 0.8000, 0.9500, 0.9444, 0.9524, 0.7400, 0.9694,
        0.5513, 0.0000, 0.1111, 0.1667, 0.8500, 0.1267, 0.0556, 0.8438, 0.3500,
        0.0000, 0.4333, 0.2111, 0.0400, 0.7741, 0.3000, 0.8000, 0.6333, 0.5923,
        0.0833, 0.6500, 0.8957, 0.4778, 0.0667, 0.7333, 0.7000])
tensor([0.0000, 0.6639, 0.4747, 0.6156, 0.4591, 0.2667, 0.5933, 0.3933, 0.4222,
        0.8375, 0.8742, 0.8286, 0.8275, 0.9500, 0.9444, 0.9524, 0.7467, 0.9750,
        0.5821, 0.0000, 0.1222, 0.1889, 0.8167, 0.1400, 0.0444, 0.8542, 0.2611,
        0.0000, 0.4533, 0.2889, 0.0333, 0.7778, 0.3000, 0.8905, 0.7333, 0.6359,
        0.2000, 0.6833, 0.9101, 0.6444, 0.1222, 0.6833, 0.6889])
tensor([0.0000, 0.6292, 0.5173, 0.6356, 0.5439, 0.3143, 0.6067, 0.4311, 0.4178,
        0.8521, 0.8788, 0.8214, 0.8304, 0.9500, 0.9444, 0.9524, 0.7467, 0.9750,
        0.5051, 0.0000, 0.1333, 0.1333, 0.8167, 0.3733, 0.1444, 0.8521, 0.3389,
        0.0333, 0.4333, 0.3667, 0.0467, 0.7963, 0.3500, 0.9333, 0.7500, 0.7000,
        0.2667, 0.7667, 0.9217, 0.6667, 0.0667, 0.7000, 0.8000])
tensor([0.0000, 0.6278, 0.5600, 0.6200, 0.5348, 0.2889, 0.6600, 0.4578, 0.4578,
        0.8979, 0.8879, 0.8190, 0.8333, 0.9556, 0.9444, 0.9429, 0.7667, 0.9750,
        0.5385, 0.0833, 0.1333, 0.1333, 0.8167, 0.3867, 0.0444, 0.8625, 0.3333,
        0.0500, 0.4867, 0.3444, 0.0467, 0.7852, 0.3167, 0.9667, 0.7583, 0.7282,
        0.4417, 0.8000, 0.9101, 0.6333, 0.1778, 0.7167, 0.8556])
tensor([0.0000, 0.6264, 0.5560, 0.6689, 0.5879, 0.3365, 0.6467, 0.4733, 0.4622,
        0.9021, 0.8970, 0.8119, 0.8362, 0.9486, 0.9370, 0.9571, 0.7600, 0.9778,
        0.5128, 0.0833, 0.1667, 0.1889, 0.7917, 0.3867, 0.0667, 0.8583, 0.3167,
        0.0500, 0.4800, 0.4556, 0.0600, 0.7889, 0.3833, 0.9571, 0.7750, 0.8000,
        0.4667, 0.8167, 0.9232, 0.6667, 0.2333, 0.7167, 0.8667])
tensor([0.0000, 0.6472, 0.5693, 0.6822, 0.5636, 0.3032, 0.6733, 0.4844, 0.5022,
        0.9125, 0.8970, 0.8476, 0.8304, 0.9569, 0.9519, 0.9429, 0.7800, 0.9778,
        0.5564, 0.1833, 0.1556, 0.1778, 0.8333, 0.2600, 0.0889, 0.8687, 0.2833,
        0.0167, 0.4733, 0.4667, 0.0400, 0.7519, 0.3667, 0.9714, 0.7583, 0.8179,
        0.5500, 0.8167, 0.9217, 0.6667, 0.2333, 0.7167, 0.8667])
tensor([0.0000, 0.6472, 0.5893, 0.6867, 0.6288, 0.3127, 0.6733, 0.4911, 0.5467,
        0.9146, 0.9000, 0.8024, 0.8362, 0.9569, 0.9444, 0.9667, 0.8000, 0.9778,
        0.5487, 0.1833, 0.2778, 0.1667, 0.8583, 0.3600, 0.0556, 0.8646, 0.2667,
        0.1000, 0.4533, 0.5222, 0.1067, 0.7778, 0.5333, 0.9667, 0.8167, 0.8410,
        0.6083, 0.8500, 0.9217, 0.6667, 0.3667, 0.7167, 0.8667])
tensor([0.0000, 0.6500, 0.6160, 0.6778, 0.6348, 0.3333, 0.6733, 0.5267, 0.5533,
        0.9333, 0.9000, 0.8333, 0.8304, 0.9597, 0.9444, 0.9667, 0.7933, 0.9778,
        0.4974, 0.1167, 0.2889, 0.2556, 0.8750, 0.3867, 0.0444, 0.8729, 0.3667,
        0.1500, 0.4667, 0.5000, 0.0933, 0.7519, 0.5500, 0.9667, 0.8167, 0.8410,
        0.6500, 0.8667, 0.9304, 0.6667, 0.3889, 0.7167, 0.8556])
tensor([0.0000, 0.6278, 0.6293, 0.7311, 0.6879, 0.3286, 0.6667, 0.5133, 0.6422,
        0.9438, 0.9121, 0.8310, 0.8348, 0.9611, 0.9481, 0.9571, 0.7933, 0.9750,
        0.5487, 0.2667, 0.2889, 0.2222, 0.8583, 0.4733, 0.0333, 0.8833, 0.2833,
        0.1333, 0.5067, 0.5000, 0.1067, 0.7593, 0.6333, 0.9714, 0.8500, 0.8744,
        0.6500, 0.9000, 0.9362, 0.6667, 0.4778, 0.7167, 0.8778])
tensor([0.0000, 0.6444, 0.6667, 0.7267, 0.6621, 0.3524, 0.6867, 0.5422, 0.6733,
        0.9396, 0.9076, 0.8476, 0.8319, 0.9653, 0.9481, 0.9524, 0.7600, 0.9750,
        0.5128, 0.2167, 0.3778, 0.1444, 0.8833, 0.3933, 0.1556, 0.8833, 0.3833,
        0.1167, 0.4867, 0.5111, 0.1067, 0.7704, 0.6667, 0.9667, 0.8500, 0.8538,
        0.7000, 0.9167, 0.9435, 0.6556, 0.5222, 0.7167, 0.8556])
tensor([0.0000, 0.6556, 0.6720, 0.7533, 0.7121, 0.3683, 0.6600, 0.5667, 0.6933,
        0.9375, 0.9121, 0.8310, 0.8391, 0.9625, 0.9556, 0.9571, 0.8000, 0.9750,
        0.5154, 0.2333, 0.3667, 0.2222, 0.8917, 0.5200, 0.1000, 0.8833, 0.3722,
        0.2000, 0.4733, 0.5444, 0.2200, 0.7778, 0.8333, 0.9667, 0.8500, 0.8744,
        0.7167, 0.9333, 0.9362, 0.6556, 0.4778, 0.7167, 0.8778])
tensor([0.0000, 0.6597, 0.6747, 0.8067, 0.7333, 0.3762, 0.6933, 0.5778, 0.7422,
        0.9292, 0.9061, 0.8500, 0.8377, 0.9639, 0.9519, 0.9571, 0.8067, 0.9750,
        0.5359, 0.2167, 0.3778, 0.1444, 0.8917, 0.5733, 0.0778, 0.8979, 0.3833,
        0.1333, 0.5067, 0.5444, 0.2133, 0.7815, 0.8000, 0.9667, 0.8917, 0.9128,
        0.7500, 0.9500, 0.9391, 0.6556, 0.4889, 0.7167, 0.8778])
tensor([0.0000, 0.6847, 0.7040, 0.7822, 0.7394, 0.3698, 0.6733, 0.5822, 0.7600,
        0.9354, 0.9182, 0.8500, 0.8406, 0.9681, 0.9852, 0.9667, 0.7800, 0.9750,
        0.4974, 0.3000, 0.4000, 0.2667, 0.9000, 0.4733, 0.0889, 0.8896, 0.4556,
        0.1833, 0.5133, 0.5556, 0.2400, 0.7630, 0.9000, 0.9667, 0.8833, 0.8821,
        0.7500, 0.9500, 0.9464, 0.6444, 0.5667, 0.7167, 0.8556])
tensor([0.0000, 0.6694, 0.7360, 0.8267, 0.7788, 0.3841, 0.6800, 0.6044, 0.7822,
        0.9271, 0.9106, 0.8619, 0.8391, 0.9639, 0.9741, 0.9524, 0.8200, 0.9750,
        0.5154, 0.2500, 0.4000, 0.1889, 0.9083, 0.5200, 0.0889, 0.8917, 0.4333,
        0.1833, 0.5333, 0.5444, 0.2133, 0.7741, 0.9167, 0.9714, 0.9167, 0.8590,
        0.7917, 0.9500, 0.9478, 0.6111, 0.5333, 0.7167, 0.8889])
tensor([0.0000, 0.6833, 0.7467, 0.8267, 0.7833, 0.3984, 0.6800, 0.6067, 0.8200,
        0.9271, 0.9167, 0.8429, 0.8478, 0.9694, 0.9778, 0.9571, 0.8467, 0.9750,
        0.5077, 0.3000, 0.4111, 0.2667, 0.9000, 0.6133, 0.0667, 0.8979, 0.5222,
        0.1833, 0.5067, 0.5667, 0.2467, 0.7667, 0.8667, 0.9667, 0.9083, 0.9385,
        0.8250, 0.9500, 0.9435, 0.6556, 0.6444, 0.7167, 0.9111])
tensor([0.0000, 0.7167, 0.7653, 0.8111, 0.7879, 0.4302, 0.6800, 0.6022, 0.8400,
        0.9396, 0.9212, 0.8571, 0.8362, 0.9681, 0.9852, 0.9667, 0.8333, 0.9722,
        0.5051, 0.2167, 0.4333, 0.2556, 0.8917, 0.5467, 0.0556, 0.8979, 0.5500,
        0.2333, 0.5400, 0.5889, 0.2400, 0.7667, 0.9333, 0.9667, 0.8917, 0.9333,
        0.7750, 0.9500, 0.9449, 0.6333, 0.6889, 0.7167, 0.9000])
tensor([0.0000, 0.7333, 0.7640, 0.8178, 0.7879, 0.4492, 0.6867, 0.6489, 0.8400,
        0.9250, 0.9197, 0.8619, 0.8464, 0.9694, 0.9852, 0.9714, 0.8333, 0.9778,
        0.5692, 0.3667, 0.3889, 0.1667, 0.9083, 0.5333, 0.0444, 0.8979, 0.5222,
        0.1500, 0.5400, 0.6000, 0.2467, 0.7519, 0.9167, 0.9667, 0.9083, 0.9103,
        0.7500, 0.9500, 0.9391, 0.6111, 0.7333, 0.7333, 0.8667])
tensor([0.0000, 0.7264, 0.7800, 0.8178, 0.8000, 0.4952, 0.7000, 0.6556, 0.8733,
        0.9333, 0.9197, 0.8571, 0.8522, 0.9694, 0.9815, 0.9714, 0.8400, 0.9778,
        0.5872, 0.3667, 0.4444, 0.2111, 0.9083, 0.6133, 0.0778, 0.8917, 0.5944,
        0.2167, 0.5200, 0.6000, 0.2667, 0.7926, 0.9167, 0.9667, 0.9333, 0.9385,
        0.8333, 0.9500, 0.9391, 0.6333, 0.7111, 0.7167, 0.8889])
tensor([0.0000, 0.7319, 0.7840, 0.8422, 0.8091, 0.5571, 0.7067, 0.6578, 0.8867,
        0.9354, 0.9212, 0.8619, 0.8507, 0.9667, 0.9852, 0.9714, 0.8533, 0.9778,
        0.6000, 0.3833, 0.4556, 0.1778, 0.8667, 0.5867, 0.1111, 0.9042, 0.6278,
        0.2500, 0.5333, 0.5889, 0.2800, 0.7741, 0.9167, 0.9667, 0.9000, 0.9564,
        0.7917, 0.9333, 0.9522, 0.6444, 0.7556, 0.7333, 0.8778])
tensor([0.0000, 0.7486, 0.8147, 0.8333, 0.8076, 0.5524, 0.7067, 0.7044, 0.8756,
        0.9354, 0.9288, 0.8595, 0.8464, 0.9681, 0.9852, 0.9714, 0.8600, 0.9806,
        0.5744, 0.3667, 0.4778, 0.2444, 0.8917, 0.5533, 0.1111, 0.8938, 0.6833,
        0.2000, 0.5400, 0.5889, 0.2667, 0.8000, 0.9333, 0.9667, 0.9333, 0.9487,
        0.8333, 0.9500, 0.9406, 0.6111, 0.7778, 0.7500, 0.8889])
tensor([0.0000, 0.7653, 0.8053, 0.8511, 0.8152, 0.5921, 0.7067, 0.7267, 0.8778,
        0.9417, 0.9258, 0.8643, 0.8522, 0.9681, 0.9852, 0.9714, 0.8600, 0.9833,
        0.5744, 0.3833, 0.4556, 0.1778, 0.8833, 0.5600, 0.1111, 0.9042, 0.7278,
        0.3333, 0.5467, 0.6000, 0.2933, 0.8222, 0.9167, 0.9714, 0.9083, 0.9487,
        0.8417, 0.9333, 0.9435, 0.6222, 0.7778, 0.7500, 0.8778])
tensor([0.0000, 0.7444, 0.8093, 0.8556, 0.8303, 0.6190, 0.7067, 0.7089, 0.8956,
        0.9333, 0.9303, 0.8738, 0.8536, 0.9667, 0.9889, 0.9571, 0.9133, 0.9806,
        0.6487, 0.2833, 0.4444, 0.3333, 0.8833, 0.5933, 0.1000, 0.8958, 0.6556,
        0.2167, 0.5533, 0.6333, 0.3000, 0.8000, 0.9833, 0.9667, 0.9583, 0.9513,
        0.8583, 0.9500, 0.9377, 0.6333, 0.7778, 0.7500, 0.8889])
tensor([0.0167, 0.7486, 0.8040, 0.8556, 0.8318, 0.6730, 0.7000, 0.7422, 0.9000,
        0.9479, 0.9333, 0.8714, 0.8609, 0.9667, 0.9852, 0.9619, 0.8667, 0.9833,
        0.6128, 0.3333, 0.4333, 0.1667, 0.8833, 0.5933, 0.0778, 0.9021, 0.7611,
        0.2333, 0.5667, 0.6333, 0.3000, 0.8111, 0.9167, 0.9714, 0.9417, 0.9667,
        0.8417, 0.9500, 0.9435, 0.6444, 0.8000, 0.7500, 0.8889])
tensor([0.0167, 0.7375, 0.8093, 0.8822, 0.8348, 0.7095, 0.7067, 0.7244, 0.9067,
        0.9375, 0.9379, 0.8833, 0.8594, 0.9667, 0.9852, 0.9667, 0.8933, 0.9833,
        0.6385, 0.2833, 0.4444, 0.2778, 0.9000, 0.6533, 0.1000, 0.9083, 0.7111,
        0.2167, 0.5533, 0.6333, 0.3133, 0.8259, 0.9667, 0.9667, 0.9583, 0.9590,
        0.8417, 0.9333, 0.9319, 0.6111, 0.8222, 0.7500, 0.8889])
tensor([0.0500, 0.7708, 0.7973, 0.8667, 0.8379, 0.7238, 0.7133, 0.7378, 0.9111,
        0.9312, 0.9318, 0.8857, 0.8580, 0.9667, 0.9963, 0.9714, 0.8933, 0.9833,
        0.6385, 0.3833, 0.4667, 0.3222, 0.9000, 0.6200, 0.1333, 0.9146, 0.7389,
        0.2833, 0.5667, 0.6333, 0.3000, 0.8222, 0.9500, 0.9619, 0.9500, 0.9615,
        0.8500, 0.9333, 0.9275, 0.6556, 0.8333, 0.7500, 0.9000])
tensor([0.0167, 0.7972, 0.8160, 0.8600, 0.8273, 0.7095, 0.7133, 0.7622, 0.9067,
        0.9500, 0.9364, 0.8833, 0.8609, 0.9667, 0.9926, 0.9714, 0.8667, 0.9833,
        0.6308, 0.4000, 0.4556, 0.2778, 0.9000, 0.7133, 0.1222, 0.9146, 0.7444,
        0.3167, 0.5733, 0.6444, 0.3067, 0.8333, 0.9833, 0.9714, 0.9500, 0.9667,
        0.8750, 0.9333, 0.9377, 0.6444, 0.8444, 0.7500, 0.8889])
tensor([0.0167, 0.7944, 0.8240, 0.8778, 0.8288, 0.7254, 0.7133, 0.7533, 0.9156,
        0.9583, 0.9409, 0.8952, 0.8710, 0.9667, 0.9852, 0.9619, 0.8867, 0.9861,
        0.6282, 0.4333, 0.4778, 0.1889, 0.9000, 0.7000, 0.1444, 0.9146, 0.7722,
        0.3167, 0.5667, 0.6333, 0.3333, 0.8296, 0.9833, 0.9714, 0.9583, 0.9795,
        0.8583, 0.9500, 0.9362, 0.6333, 0.8667, 0.7500, 0.9000])
tensor([0.0500, 0.7819, 0.8267, 0.9044, 0.8439, 0.7254, 0.7200, 0.7756, 0.9089,
        0.9646, 0.9409, 0.8810, 0.8710, 0.9667, 0.9926, 0.9429, 0.8867, 0.9861,
        0.6692, 0.4500, 0.4778, 0.4111, 0.9000, 0.6933, 0.1111, 0.9167, 0.7389,
        0.3167, 0.5733, 0.6333, 0.3200, 0.8407, 0.9833, 0.9714, 0.9500, 0.9692,
        0.8583, 0.9333, 0.9333, 0.7333, 0.9000, 0.7500, 0.8889])
tensor([0.0167, 0.7986, 0.8307, 0.8956, 0.8409, 0.7444, 0.7133, 0.7844, 0.9067,
        0.9646, 0.9394, 0.9000, 0.8725, 0.9667, 0.9963, 0.9333, 0.9000, 0.9861,
        0.6795, 0.4333, 0.4667, 0.2667, 0.8833, 0.6933, 0.1444, 0.9125, 0.7667,
        0.3500, 0.5733, 0.6333, 0.3133, 0.8593, 0.9833, 0.9667, 0.9500, 0.9769,
        0.8667, 0.9500, 0.9464, 0.7667, 0.8444, 0.7500, 0.8889])
tensor([0.0333, 0.8181, 0.8253, 0.8956, 0.8364, 0.7556, 0.7267, 0.8067, 0.8933,
        0.9646, 0.9439, 0.8976, 0.8696, 0.9667, 0.9926, 0.9429, 0.8933, 0.9861,
        0.6667, 0.5500, 0.4444, 0.4000, 0.9000, 0.7200, 0.1333, 0.9187, 0.7778,
        0.3333, 0.5800, 0.6444, 0.3133, 0.8519, 1.0000, 0.9714, 0.9583, 0.9769,
        0.8750, 0.9333, 0.9203, 0.7444, 0.8444, 0.7500, 0.8889])
tensor([0.0333, 0.8208, 0.8240, 0.9178, 0.8424, 0.7571, 0.7333, 0.7867, 0.9111,
        0.9604, 0.9439, 0.9048, 0.8725, 0.9667, 0.9926, 0.9571, 0.9000, 0.9861,
        0.6641, 0.4500, 0.4778, 0.2444, 0.9000, 0.7667, 0.1333, 0.9167, 0.7722,
        0.3500, 0.5933, 0.6556, 0.3133, 0.8444, 1.0000, 0.9714, 0.9583, 0.9795,
        0.9167, 0.9333, 0.9333, 0.7778, 0.8667, 0.7500, 0.8889])
tensor([0.1667, 0.8153, 0.8280, 0.8911, 0.8470, 0.7905, 0.7400, 0.7778, 0.9311,
        0.9563, 0.9455, 0.9119, 0.8681, 0.9667, 0.9926, 0.9762, 0.9133, 0.9861,
        0.6897, 0.4833, 0.4667, 0.3000, 0.9083, 0.7000, 0.1333, 0.9250, 0.7667,
        0.3500, 0.6067, 0.6556, 0.3200, 0.8630, 1.0000, 0.9762, 0.9583, 0.9718,
        0.9417, 0.9333, 0.9159, 0.7111, 0.8889, 0.7500, 0.9000])
tensor([0.2000, 0.8347, 0.8360, 0.9244, 0.8500, 0.7587, 0.7267, 0.7933, 0.9267,
        0.9646, 0.9485, 0.9071, 0.8696, 0.9667, 0.9926, 0.9762, 0.9000, 0.9750,
        0.6949, 0.4500, 0.4667, 0.3667, 0.9083, 0.7800, 0.1222, 0.9250, 0.7667,
        0.3833, 0.6000, 0.6556, 0.3067, 0.8407, 1.0000, 0.9762, 0.9583, 0.9795,
        0.9167, 0.9333, 0.9304, 0.7889, 0.8889, 0.7667, 0.8778])
tensor([0.0667, 0.8431, 0.8320, 0.9200, 0.8545, 0.7873, 0.7400, 0.8178, 0.9111,
        0.9604, 0.9455, 0.9190, 0.8696, 0.9667, 0.9926, 0.9762, 0.9133, 0.9861,
        0.7051, 0.4000, 0.4667, 0.2667, 0.9083, 0.7800, 0.1556, 0.9146, 0.8000,
        0.3667, 0.6133, 0.6556, 0.3133, 0.8704, 1.0000, 0.9714, 0.9583, 0.9769,
        0.9167, 0.9333, 0.9319, 0.8778, 0.8556, 0.7667, 0.8667])
tensor([0.0667, 0.8597, 0.8373, 0.9222, 0.8455, 0.8095, 0.7333, 0.8133, 0.9222,
        0.9583, 0.9470, 0.9143, 0.8710, 0.9667, 0.9926, 0.9810, 0.9200, 0.9722,
        0.7231, 0.5167, 0.4667, 0.3444, 0.9000, 0.7667, 0.1667, 0.9146, 0.8056,
        0.3667, 0.6133, 0.6778, 0.3333, 0.8519, 1.0000, 0.9619, 0.9583, 0.9795,
        0.9167, 0.9333, 0.9261, 0.8444, 0.9000, 0.7833, 0.8778])
tensor([0.1500, 0.8375, 0.8467, 0.9222, 0.8621, 0.7857, 0.7467, 0.8200, 0.9311,
        0.9667, 0.9485, 0.9190, 0.8667, 0.9667, 0.9926, 0.9857, 0.9200, 0.9722,
        0.6897, 0.5500, 0.4667, 0.3222, 0.9083, 0.7467, 0.1778, 0.9167, 0.8222,
        0.3667, 0.6133, 0.6556, 0.3333, 0.8667, 1.0000, 0.9667, 0.9583, 0.9821,
        0.9417, 0.9333, 0.9406, 0.9000, 0.8444, 0.7833, 0.8778])
tensor([0.2000, 0.8375, 0.8427, 0.9311, 0.8652, 0.7905, 0.7400, 0.8311, 0.9178,
        0.9646, 0.9485, 0.9190, 0.8696, 0.9667, 0.9926, 0.9857, 0.8733, 0.9806,
        0.6897, 0.5333, 0.4667, 0.3667, 0.9167, 0.7933, 0.1889, 0.9229, 0.8222,
        0.3833, 0.6133, 0.6556, 0.3333, 0.8333, 1.0000, 0.9714, 0.9583, 0.9718,
        0.9417, 0.9333, 0.9333, 0.7889, 0.8667, 0.7833, 0.8667])
tensor([0.1000, 0.8472, 0.8573, 0.9156, 0.8682, 0.7825, 0.7600, 0.8333, 0.9200,
        0.9646, 0.9515, 0.9214, 0.8696, 0.9667, 0.9926, 0.9857, 0.9267, 0.9722,
        0.6872, 0.5167, 0.4667, 0.4222, 0.9083, 0.7933, 0.2000, 0.9167, 0.8333,
        0.3667, 0.6133, 0.7000, 0.3200, 0.8519, 1.0000, 0.9667, 0.9583, 0.9769,
        0.9417, 0.9333, 0.9261, 0.8889, 0.8444, 0.7833, 0.8667])
tensor([0.1833, 0.8375, 0.8600, 0.9267, 0.8742, 0.7952, 0.7667, 0.8156, 0.9289,
        0.9688, 0.9485, 0.9095, 0.8696, 0.9667, 0.9926, 0.9810, 0.9133, 0.9667,
        0.7077, 0.5500, 0.4778, 0.3000, 0.9083, 0.8000, 0.1778, 0.9292, 0.8333,
        0.4000, 0.6067, 0.6778, 0.3600, 0.8556, 1.0000, 0.9667, 0.9583, 0.9795,
        0.9500, 0.9333, 0.9362, 0.9111, 0.8778, 0.7833, 0.8667])
tensor([0.2000, 0.8417, 0.8653, 0.9289, 0.8697, 0.8000, 0.7467, 0.8133, 0.9333,
        0.9646, 0.9515, 0.9167, 0.8696, 0.9667, 0.9926, 0.9857, 0.9467, 0.9750,
        0.7103, 0.6333, 0.4889, 0.4444, 0.9083, 0.8400, 0.1778, 0.9250, 0.8222,
        0.4000, 0.6067, 0.6889, 0.3267, 0.8481, 1.0000, 0.9667, 0.9583, 0.9744,
        0.9667, 0.9500, 0.9406, 0.9111, 0.8667, 0.7833, 0.8556])
tensor([0.1333, 0.8514, 0.8560, 0.9333, 0.8742, 0.8032, 0.7667, 0.8156, 0.9289,
        0.9646, 0.9515, 0.9167, 0.8681, 0.9667, 0.9926, 0.9857, 0.9400, 0.9722,
        0.7077, 0.6167, 0.4444, 0.4444, 0.9083, 0.8267, 0.2444, 0.9250, 0.8611,
        0.4000, 0.6267, 0.6444, 0.3400, 0.8519, 1.0000, 0.9619, 0.9583, 0.9718,
        0.9667, 0.9500, 0.9377, 0.9222, 0.8444, 0.7833, 0.8556])
tensor([0.2000, 0.8486, 0.8573, 0.9311, 0.8773, 0.8206, 0.7733, 0.8333, 0.9311,
        0.9646, 0.9545, 0.9190, 0.8681, 0.9667, 0.9963, 0.9857, 0.9333, 0.9694,
        0.7385, 0.6167, 0.5111, 0.4556, 0.9083, 0.8600, 0.2111, 0.9271, 0.8389,
        0.4000, 0.6133, 0.6556, 0.3600, 0.8593, 1.0000, 0.9667, 0.9583, 0.9692,
        0.9583, 0.9167, 0.9348, 0.9111, 0.8444, 0.8000, 0.8556])
tensor([0.2333, 0.8583, 0.8733, 0.9244, 0.8758, 0.8032, 0.7733, 0.8422, 0.9289,
        0.9708, 0.9545, 0.9071, 0.8681, 0.9667, 0.9963, 0.9857, 0.9267, 0.9694,
        0.7154, 0.7000, 0.4667, 0.5556, 0.9250, 0.8400, 0.2111, 0.9250, 0.8722,
        0.4000, 0.6467, 0.6556, 0.4267, 0.8593, 1.0000, 0.9667, 0.9583, 0.9744,
        0.9667, 0.9500, 0.9275, 0.9111, 0.8333, 0.7833, 0.8556])
tensor([0.2000, 0.8528, 0.8667, 0.9311, 0.8894, 0.8175, 0.7733, 0.8600, 0.9311,
        0.9667, 0.9545, 0.9119, 0.8667, 0.9653, 0.9963, 0.9905, 0.9400, 0.9667,
        0.7154, 0.5833, 0.5222, 0.4889, 0.9083, 0.8733, 0.2556, 0.9292, 0.8722,
        0.4000, 0.6267, 0.6556, 0.3533, 0.8667, 1.0000, 0.9667, 0.9583, 0.9795,
        0.9667, 0.9333, 0.9304, 0.9222, 0.8556, 0.8167, 0.8556])
tensor([0.2000, 0.8653, 0.8707, 0.9422, 0.8833, 0.7905, 0.7733, 0.8667, 0.9311,
        0.9750, 0.9545, 0.9143, 0.8710, 0.9639, 0.9963, 0.9952, 0.9333, 0.9694,
        0.7154, 0.5167, 0.4778, 0.4889, 0.9083, 0.8400, 0.2778, 0.9229, 0.8833,
        0.4000, 0.6400, 0.7000, 0.3667, 0.8704, 1.0000, 0.9667, 0.9667, 0.9795,
        0.9583, 0.9333, 0.9319, 0.9222, 0.8333, 0.8000, 0.8556])
tensor([0.3333, 0.8625, 0.8840, 0.9333, 0.8818, 0.8063, 0.7733, 0.8511, 0.9400,
        0.9771, 0.9561, 0.9095, 0.8739, 0.9625, 0.9963, 0.9905, 0.9467, 0.9694,
        0.7205, 0.5500, 0.5222, 0.4667, 0.9333, 0.8933, 0.2333, 0.9187, 0.8611,
        0.4000, 0.6400, 0.7111, 0.4400, 0.8741, 1.0000, 0.9667, 0.9583, 0.9769,
        0.9667, 0.9333, 0.9275, 0.9222, 0.8444, 0.8167, 0.8444])
tensor([0.2667, 0.8681, 0.8733, 0.9311, 0.8864, 0.8159, 0.7733, 0.8756, 0.9267,
        0.9771, 0.9561, 0.9119, 0.8739, 0.9667, 0.9963, 0.9952, 0.9400, 0.9722,
        0.7282, 0.5333, 0.5000, 0.4000, 0.9333, 0.8867, 0.2556, 0.9292, 0.8778,
        0.4167, 0.6133, 0.7111, 0.3933, 0.8778, 1.0000, 0.9667, 0.9583, 0.9692,
        0.9667, 0.9333, 0.9304, 0.9222, 0.8444, 0.8000, 0.8444])
tensor([0.2667, 0.8597, 0.8827, 0.9422, 0.8894, 0.8048, 0.7733, 0.8689, 0.9400,
        0.9792, 0.9576, 0.9143, 0.8725, 0.9639, 0.9963, 0.9857, 0.9467, 0.9667,
        0.7154, 0.5833, 0.5444, 0.5111, 0.9250, 0.8867, 0.2222, 0.9375, 0.8944,
        0.3667, 0.6267, 0.7111, 0.4200, 0.8667, 1.0000, 0.9667, 0.9583, 0.9692,
        0.9667, 0.9333, 0.9304, 0.9556, 0.8444, 0.8000, 0.8444])
tensor([0.2167, 0.8708, 0.8773, 0.9311, 0.8909, 0.8222, 0.7933, 0.8756, 0.9378,
        0.9729, 0.9576, 0.9095, 0.8725, 0.9667, 0.9926, 0.9905, 0.9467, 0.9694,
        0.7231, 0.6667, 0.5444, 0.5111, 0.9250, 0.8800, 0.3333, 0.9312, 0.8778,
        0.3833, 0.6200, 0.7000, 0.4467, 0.8778, 1.0000, 0.9667, 0.9667, 0.9667,
        0.9667, 0.9333, 0.9130, 0.9667, 0.8444, 0.8167, 0.8444])
tensor([0.2667, 0.8736, 0.8853, 0.9289, 0.8818, 0.8302, 0.7667, 0.8667, 0.9378,
        0.9792, 0.9576, 0.9167, 0.8812, 0.9667, 0.9963, 0.9952, 0.9467, 0.9667,
        0.7333, 0.5833, 0.5111, 0.5222, 0.9333, 0.8600, 0.2444, 0.9333, 0.8889,
        0.3833, 0.6267, 0.7111, 0.4333, 0.8852, 1.0000, 0.9667, 0.9667, 0.9692,
        0.9667, 0.9333, 0.9333, 0.9556, 0.8444, 0.8000, 0.8444])
tensor([0.2667, 0.8528, 0.8813, 0.9289, 0.8955, 0.8254, 0.7800, 0.8800, 0.9356,
        0.9771, 0.9606, 0.9048, 0.8841, 0.9667, 0.9963, 0.9952, 0.9467, 0.9639,
        0.7282, 0.6500, 0.5444, 0.4889, 0.9333, 0.8667, 0.2000, 0.9271, 0.9000,
        0.3667, 0.6333, 0.6778, 0.4600, 0.8741, 1.0000, 0.9619, 0.9583, 0.9667,
        0.9750, 0.9333, 0.9246, 0.9556, 0.8222, 0.8000, 0.8444])
tensor([0.2833, 0.8556, 0.8853, 0.9311, 0.8939, 0.8413, 0.8067, 0.8489, 0.9400,
        0.9771, 0.9591, 0.9119, 0.8797, 0.9667, 0.9963, 0.9952, 0.9467, 0.9694,
        0.7308, 0.6333, 0.6111, 0.5000, 0.9417, 0.8667, 0.2778, 0.9292, 0.8889,
        0.5333, 0.6267, 0.7000, 0.4467, 0.8704, 1.0000, 0.9667, 0.9583, 0.9667,
        0.9667, 0.9333, 0.9188, 0.9667, 0.8222, 0.8000, 0.8444])
tensor([0.2667, 0.8764, 0.8907, 0.9289, 0.8909, 0.8317, 0.8067, 0.8533, 0.9422,
        0.9771, 0.9576, 0.9119, 0.8884, 0.9667, 1.0000, 0.9905, 0.9467, 0.9639,
        0.7410, 0.6500, 0.6333, 0.4667, 0.9417, 0.8933, 0.2333, 0.9333, 0.8556,
        0.4167, 0.6400, 0.6667, 0.4467, 0.8852, 1.0000, 0.9714, 0.9750, 0.9692,
        0.9667, 0.9333, 0.9174, 0.9667, 0.8222, 0.8167, 0.8444])
tensor([0.3500, 0.8750, 0.8907, 0.9378, 0.8955, 0.8254, 0.8133, 0.8533, 0.9422,
        0.9792, 0.9591, 0.9119, 0.8783, 0.9611, 0.9926, 0.9952, 0.9533, 0.9667,
        0.7385, 0.6667, 0.7000, 0.5556, 0.9417, 0.8933, 0.2444, 0.9312, 0.8833,
        0.4000, 0.6533, 0.6556, 0.4267, 0.8926, 1.0000, 0.9714, 0.9750, 0.9692,
        0.9667, 0.9333, 0.9087, 0.9556, 0.8444, 0.8167, 0.8667])
tensor([0.2667, 0.8819, 0.8880, 0.9489, 0.8894, 0.8190, 0.7733, 0.8533, 0.9444,
        0.9771, 0.9621, 0.9167, 0.8768, 0.9639, 1.0000, 0.9952, 0.9600, 0.9667,
        0.7385, 0.5000, 0.7000, 0.4556, 0.9417, 0.8800, 0.2333, 0.9354, 0.9000,
        0.3833, 0.6400, 0.6778, 0.4400, 0.9148, 1.0000, 0.9714, 0.9667, 0.9692,
        0.9667, 0.9333, 0.9246, 0.9444, 0.8667, 0.8000, 0.8556])
tensor([0.4333, 0.8611, 0.8880, 0.9422, 0.8970, 0.8302, 0.7933, 0.8578, 0.9444,
        0.9792, 0.9591, 0.9119, 0.8870, 0.9639, 0.9926, 0.9952, 0.9467, 0.9694,
        0.7308, 0.6833, 0.6778, 0.4889, 0.9417, 0.9333, 0.2778, 0.9333, 0.9000,
        0.3833, 0.6400, 0.6556, 0.4400, 0.8741, 1.0000, 0.9714, 0.9667, 0.9718,
        0.9667, 0.9333, 0.9420, 0.9556, 0.8111, 0.8167, 0.8556])
tensor([0.4833, 0.8736, 0.8867, 0.9422, 0.8909, 0.8365, 0.8133, 0.8622, 0.9467,
        0.9792, 0.9621, 0.9167, 0.8841, 0.9611, 1.0000, 0.9905, 0.9600, 0.9639,
        0.7128, 0.7333, 0.7556, 0.5556, 0.9417, 0.9267, 0.2444, 0.9333, 0.8889,
        0.3833, 0.6400, 0.6444, 0.4400, 0.8667, 1.0000, 0.9762, 0.9667, 0.9667,
        0.9667, 0.9667, 0.9319, 0.9444, 0.8000, 0.7833, 0.8667])
tensor([0.3667, 0.8667, 0.8880, 0.9378, 0.9015, 0.8397, 0.8200, 0.8511, 0.9489,
        0.9792, 0.9636, 0.9167, 0.8855, 0.9667, 0.9963, 0.9952, 0.9533, 0.9694,
        0.7333, 0.7000, 0.7333, 0.4778, 0.9417, 0.9200, 0.2556, 0.9333, 0.9056,
        0.3667, 0.6400, 0.6444, 0.4467, 0.8852, 1.0000, 0.9667, 0.9667, 0.9692,
        0.9667, 0.9167, 0.9275, 0.9556, 0.8333, 0.8167, 0.8667])
tensor([0.3500, 0.8764, 0.8947, 0.9444, 0.9000, 0.8349, 0.8200, 0.8667, 0.9467,
        0.9771, 0.9636, 0.9238, 0.8841, 0.9667, 0.9926, 0.9905, 0.9533, 0.9694,
        0.7308, 0.6500, 0.7667, 0.6111, 0.9500, 0.8867, 0.2556, 0.9312, 0.8944,
        0.3667, 0.6467, 0.6556, 0.4600, 0.9074, 1.0000, 0.9714, 0.9750, 0.9718,
        0.9667, 0.9167, 0.9319, 0.9444, 0.7889, 0.8000, 0.8333])
tensor([0.3333, 0.8750, 0.9027, 0.9444, 0.9015, 0.8381, 0.8133, 0.8800, 0.9422,
        0.9812, 0.9667, 0.9214, 0.8826, 0.9653, 0.9963, 0.9952, 0.9533, 0.9639,
        0.7462, 0.6500, 0.7667, 0.5222, 0.9500, 0.9000, 0.2444, 0.9271, 0.9000,
        0.4500, 0.6600, 0.6111, 0.4667, 0.9037, 1.0000, 0.9667, 0.9750, 0.9744,
        0.9667, 0.9333, 0.9391, 0.9556, 0.8000, 0.8000, 0.8667])
tensor([0.3167, 0.8681, 0.9000, 0.9444, 0.9000, 0.8333, 0.8200, 0.8689, 0.9467,
        0.9812, 0.9667, 0.9119, 0.8928, 0.9653, 0.9963, 0.9905, 0.9600, 0.9639,
        0.7436, 0.7167, 0.7556, 0.6222, 0.9417, 0.9067, 0.3444, 0.9396, 0.9111,
        0.3667, 0.6667, 0.6222, 0.4667, 0.8926, 1.0000, 0.9667, 0.9750, 0.9692,
        0.9500, 0.9500, 0.9362, 0.9556, 0.8000, 0.8000, 0.8556])
tensor([0.2500, 0.8819, 0.8973, 0.9467, 0.9000, 0.8333, 0.8000, 0.8756, 0.9378,
        0.9792, 0.9682, 0.9190, 0.8870, 0.9667, 0.9926, 0.9905, 0.9600, 0.9694,
        0.7359, 0.6167, 0.7333, 0.5556, 0.9333, 0.8867, 0.2333, 0.9354, 0.9333,
        0.4000, 0.7000, 0.6667, 0.5067, 0.9111, 1.0000, 0.9667, 0.9833, 0.9692,
        0.9667, 0.9333, 0.9493, 0.9444, 0.7778, 0.7833, 0.8444])
tensor([0.3167, 0.8917, 0.8947, 0.9467, 0.9015, 0.8365, 0.8200, 0.8867, 0.9400,
        0.9792, 0.9682, 0.9262, 0.8884, 0.9667, 0.9926, 0.9905, 0.9600, 0.9722,
        0.7462, 0.7000, 0.7889, 0.5889, 0.9417, 0.8933, 0.3111, 0.9333, 0.9222,
        0.6000, 0.6533, 0.6556, 0.5067, 0.9074, 1.0000, 0.9714, 0.9750, 0.9641,
        0.9583, 0.9333, 0.9406, 0.9444, 0.7667, 0.7833, 0.8667])
tensor([0.2833, 0.8944, 0.8907, 0.9467, 0.8970, 0.8460, 0.8000, 0.8667, 0.9444,
        0.9812, 0.9667, 0.9333, 0.8884, 0.9667, 0.9926, 0.9905, 0.9600, 0.9750,
        0.7513, 0.6833, 0.7667, 0.5222, 0.9333, 0.9133, 0.2778, 0.9354, 0.9111,
        0.5333, 0.6800, 0.6333, 0.4733, 0.9074, 1.0000, 0.9762, 0.9750, 0.9718,
        0.9583, 0.9500, 0.9507, 0.9222, 0.7778, 0.7833, 0.8444])
tensor([0.4167, 0.8903, 0.8973, 0.9422, 0.9000, 0.8429, 0.8200, 0.8489, 0.9533,
        0.9875, 0.9667, 0.9310, 0.8870, 0.9639, 0.9963, 0.9857, 0.9600, 0.9750,
        0.7487, 0.6833, 0.7667, 0.5667, 0.9417, 0.9200, 0.2444, 0.9354, 0.9167,
        0.4333, 0.6800, 0.6111, 0.4533, 0.9000, 1.0000, 0.9619, 0.9750, 0.9667,
        0.9417, 0.9500, 0.9449, 0.9556, 0.7889, 0.7667, 0.8667])
tensor([0.3500, 0.9000, 0.8933, 0.9511, 0.9015, 0.8381, 0.8067, 0.8778, 0.9400,
        0.9792, 0.9636, 0.9310, 0.8841, 0.9667, 0.9963, 0.9905, 0.9600, 0.9694,
        0.7538, 0.7500, 0.7444, 0.5000, 0.9500, 0.9133, 0.2778, 0.9354, 0.9111,
        0.4000, 0.6933, 0.6444, 0.4800, 0.8926, 1.0000, 0.9762, 0.9750, 0.9692,
        0.9500, 0.9500, 0.9449, 0.9333, 0.8111, 0.7833, 0.8667])
tensor([0.3333, 0.8944, 0.8947, 0.9511, 0.9030, 0.8270, 0.8067, 0.8667, 0.9422,
        0.9812, 0.9697, 0.9333, 0.8942, 0.9639, 0.9963, 0.9905, 0.9600, 0.9778,
        0.7513, 0.6833, 0.7778, 0.6000, 0.9500, 0.9133, 0.3778, 0.9354, 0.9167,
        0.4333, 0.7067, 0.6000, 0.5000, 0.9037, 1.0000, 0.9619, 0.9750, 0.9692,
        0.9333, 0.9500, 0.9478, 0.9222, 0.8667, 0.7833, 0.9000])
tensor([0.4500, 0.8903, 0.8933, 0.9489, 0.9030, 0.8349, 0.8000, 0.8689, 0.9467,
        0.9854, 0.9682, 0.9333, 0.8884, 0.9639, 0.9963, 0.9905, 0.9667, 0.9750,
        0.7282, 0.7333, 0.7556, 0.5000, 0.9667, 0.9133, 0.3556, 0.9375, 0.9111,
        0.3500, 0.7267, 0.6000, 0.4933, 0.9000, 1.0000, 0.9714, 0.9750, 0.9590,
        0.9417, 0.9167, 0.9290, 0.9556, 0.7889, 0.8000, 0.9000])
tensor([0.4667, 0.8972, 0.8907, 0.9467, 0.8985, 0.8492, 0.7933, 0.8689, 0.9444,
        0.9812, 0.9682, 0.9405, 0.8928, 0.9667, 1.0000, 0.9905, 0.9600, 0.9750,
        0.7487, 0.7167, 0.7778, 0.5222, 0.9500, 0.9200, 0.3778, 0.9333, 0.9167,
        0.4000, 0.7133, 0.5889, 0.5067, 0.9037, 1.0000, 0.9619, 0.9750, 0.9615,
        0.9417, 0.9500, 0.9464, 0.9222, 0.8111, 0.7833, 0.9333])
tensor([0.4667, 0.8917, 0.8947, 0.9489, 0.9030, 0.8286, 0.8000, 0.8622, 0.9556,
        0.9854, 0.9712, 0.9357, 0.9014, 0.9667, 0.9963, 0.9905, 0.9733, 0.9778,
        0.7538, 0.6833, 0.7778, 0.6000, 0.9583, 0.9133, 0.3111, 0.9333, 0.9111,
        0.3667, 0.7000, 0.6222, 0.5267, 0.9148, 1.0000, 0.9619, 0.9750, 0.9615,
        0.9333, 0.9333, 0.9478, 0.9444, 0.8000, 0.7833, 0.9111])
tensor([0.4667, 0.8972, 0.8973, 0.9467, 0.9015, 0.8302, 0.8400, 0.8689, 0.9444,
        0.9875, 0.9712, 0.9310, 0.8899, 0.9653, 0.9963, 0.9905, 0.9600, 0.9806,
        0.7538, 0.6167, 0.7667, 0.5889, 0.9500, 0.8867, 0.3444, 0.9375, 0.9167,
        0.4000, 0.7467, 0.6222, 0.5200, 0.9185, 1.0000, 0.9667, 0.9750, 0.9667,
        0.9250, 0.9333, 0.9536, 0.9556, 0.7889, 0.7833, 0.9333])
