#dataset: gtsrb
#way backdoor looks like: backdoor_green_0_5_percent
#merge strategy: aggregation
#learning rate: 0.0001
#number of benign sources: 4
#number of malicious sources: 1
#batch size: 512
#distribution of data: equally distributed subset
#percentage of poisoned data in backdoored nodes: 0.75
#order of time backdoors being inserted: no
#model replacement: True
#starttime: 183049
training_type;epoch_number;learn_rate;avg_training_loss;avg_test_loss;test_accuracy;timestamp
backdoor;1;0.0001;3.668685483932495;2.939897642641528;100.0;183355
normal;1;0.0001;3.7501820723215737;3.6893916355836796;0.4750593824228028;183355
backdoor;2;0.0001;2.044481670856476;0.6556892461467148;100.0;183829
normal;2;0.0001;3.8055217107137045;4.4300190615257575;0.4750593824228028;183829
backdoor;3;0.0001;2.7806936661402384;1.77878242547042;100.0;184254
normal;3;0.0001;3.7387964606285093;3.648137330744631;0.4750593824228028;184254
backdoor;4;0.0001;1.8342089851697285;0.6883204492612764;100.0;184726
normal;4;0.0001;3.878758235772451;4.271551315537163;0.4750593824228028;184726
backdoor;5;0.0001;2.6550914605458575;1.6339146799070912;100.0;185157
normal;5;0.0001;3.7216057340304056;3.6799316599552157;0.4750593824228028;185157
backdoor;6;0.0001;1.8387946923573812;0.6961224227506587;100.0;185628
normal;6;0.0001;3.879592712720235;4.236268104680077;0.4750593824228028;185628
backdoor;7;0.0001;2.579451330502828;1.520898345681475;100.0;190100
normal;7;0.0001;3.727013635635376;3.7075775702228078;0.4750593824228028;190100
backdoor;8;0.0001;1.8497336546579997;0.7109987284584076;100.0;190531
normal;8;0.0001;3.872427451610565;4.203679409918101;0.4750593824228028;190531
backdoor;9;0.0001;2.5262243270874025;1.4415786199501743;100.0;190959
normal;9;0.0001;3.732634635766347;3.7288034519126088;0.4750593824228028;190959
backdoor;10;0.0001;1.8690429250399272;0.7218856412837737;100.0;191426
normal;10;0.0001;3.8645989894866943;4.176962268192053;0.4750593824228028;191426
backdoor;11;0.0001;2.483041834831238;1.3795610272308616;100.0;191849
normal;11;0.0001;3.7374652504920958;3.7469413896260146;0.4750593824228028;191849
backdoor;12;0.0001;1.8851278702418008;0.7447890884991402;100.0;192313
normal;12;0.0001;3.8550010681152345;4.143893903791197;0.4750593824228028;192313
backdoor;13;0.0001;2.432726184527079;1.3056401703533254;100.0;192741
normal;13;0.0001;3.74261611700058;3.7718962922326553;0.4750593824228028;192741
backdoor;14;0.0001;1.9137138326962788;0.7667238961866897;100.0;193207
normal;14;0.0001;3.84220788081487;4.1145756399074624;0.4750593824228028;193207
backdoor;15;0.0001;2.3945680538813274;1.2579470383016627;100.0;193633
normal;15;0.0001;3.7438987930615744;3.788117300775064;0.4750593824228028;193633
backdoor;16;0.0001;1.938385800520579;0.7936434687646909;100.0;194058
normal;16;0.0001;3.8333967606226604;4.082927766076554;0.4750593824228028;194058
backdoor;17;0.0001;2.3527921438217163;1.2059627674915256;100.0;194525
normal;17;0.0001;3.7491292158762612;3.8081052851129504;0.4750593824228028;194525
backdoor;18;0.0001;1.9718805114428202;0.8207471592314924;100.0;194954
normal;18;0.0001;3.8222371180852255;4.0536846000810325;0.4750593824228028;194954
backdoor;19;0.0001;2.3171236356099447;1.167852940261128;100.0;195422
normal;19;0.0001;3.7521413365999856;3.822925858184259;0.4750593824228028;195422
backdoor;20;0.0001;1.9952387889226277;0.8492520728756866;100.0;195849
normal;20;0.0001;3.8150885899861655;4.0247785433831895;0.4750593824228028;195849
backdoor;21;0.0001;2.2828612963358563;1.1242430432486514;100.0;200318
normal;21;0.0001;3.7543811003367105;3.842075626376311;0.4750593824228028;200318
backdoor;22;0.0001;2.025722340742747;0.879508200167477;100.0;200745
normal;22;0.0001;3.803074765205383;3.9967374171893555;0.4750593824228028;200745
backdoor;23;0.0001;2.249308641751607;1.0980338923438429;100.0;201216
normal;23;0.0001;3.757965644200643;3.8530220666010986;0.4750593824228028;201216
backdoor;24;0.0001;2.0430644114812213;0.907175122379596;100.0;201644
normal;24;0.0001;3.795311892032623;3.9721642283532512;0.4750593824228028;201644
backdoor;25;0.0001;2.2147417386372883;1.0721935595393841;100.0;202111
normal;25;0.0001;3.760602672894796;3.864293244785481;0.4750593824228028;202111
backdoor;26;0.0001;2.0627981344858806;0.9362664906070616;100.0;202539
normal;26;0.0001;3.789202328523;3.947838156995373;0.4750593824228028;202539
backdoor;27;0.0001;2.188676595687866;1.058256548883796;100.0;203007
normal;27;0.0001;3.7620327552159627;3.8693928456551863;0.4750593824228028;203007
backdoor;28;0.0001;2.0740410486857095;0.9580223826501262;100.0;203437
normal;28;0.0001;3.7819431900978087;3.9297786806277215;0.4750593824228028;203437
backdoor;29;0.0001;2.16855681737264;1.0539360813554657;100.0;203903
normal;29;0.0001;3.7635931968688965;3.86889457068364;0.4750593824228028;203903
backdoor;30;0.0001;2.0812411387761434;0.9741321578822434;100.0;204329
normal;30;0.0001;3.778340133031209;3.915624265451801;0.4750593824228028;204329
backdoor;31;0.0001;2.1546568552652996;1.0515161147310161;100.0;204757
normal;31;0.0001;3.76304456392924;3.8670143205970406;0.4750593824228028;204757
backdoor;32;0.0001;2.080719502766927;0.976173141129132;100.0;205226
normal;32;0.0001;3.775085413455963;3.90950340095816;0.4750593824228028;205226
backdoor;33;0.0001;2.1564584016799926;1.0620755809503044;100.0;205654
normal;33;0.0001;3.7580373962720235;3.8581184296596645;0.4750593824228028;205654
backdoor;34;0.0001;2.0758605162302652;0.9778433732540949;100.0;210122
normal;34;0.0001;3.772061284383138;3.903106085383883;0.4750593824228028;210122
backdoor;35;0.0001;2.143726452191671;1.0354975225428975;100.0;210548
normal;35;0.0001;3.755276679992676;3.864001039579003;0.4750593824228028;210548
backdoor;36;0.0001;2.086697737375895;0.9580760264151265;100.0;211014
normal;36;0.0001;3.7646838943163554;3.907942089766429;0.4750593824228028;211014
backdoor;37;0.0001;2.1706695795059203;1.0605580744437537;100.0;211443
normal;37;0.0001;3.744071038564046;3.844056055306067;0.4750593824228028;211443
backdoor;38;0.0001;2.0565036296844483;0.8907683867079251;100.0;211911
normal;38;0.0001;3.7587282260258994;3.9311246145554977;0.4750593824228028;211911
backdoor;39;0.0001;2.2323213974634806;1.1036022485293573;100.0;212340
normal;39;0.0001;3.7110659877459207;3.8056488689504158;0.4750593824228028;212340
backdoor;40;0.0001;2.018433082103729;0.8694398809026747;100.0;212806
normal;40;0.0001;3.737776068846385;3.942710981572892;0.4750593824228028;212806
backdoor;41;0.0001;2.2513644138971967;0.8609269457021972;100.0;213235
normal;41;0.0001;3.6745179216066997;3.916299556874134;0.4750593824228028;213235
backdoor;42;0.0001;2.122187773386637;0.9292009947135726;100.0;213707
normal;42;0.0001;3.6951992670694986;3.8811397791097586;0.4750593824228028;213707
backdoor;43;0.0001;2.1307713111241657;0.9066901055197818;100.0;214135
normal;43;0.0001;3.6953620513280234;3.894670118269992;0.4750593824228028;214135
backdoor;44;0.0001;2.158525307973226;0.9243150797139438;100.0;214605
normal;44;0.0001;3.671153477827708;3.8585145057805077;0.4750593824228028;214605
backdoor;45;0.0001;2.12673974831899;0.9546824910578422;100.0;215034
normal;45;0.0001;3.6630995074907937;3.8226177635404297;0.4750593824228028;215034
backdoor;46;0.0001;1.9669445753097534;0.6009101656251546;100.0;215505
normal;46;0.0001;3.699506429831187;4.105303689287658;0.4750593824228028;215505
backdoor;47;0.0001;2.3048823833465577;0.9729628658823238;100.0;215938
normal;47;0.0001;3.6491344928741456;3.8325500633257867;0.4750593824228028;215938
backdoor;48;0.0001;1.8537718892097472;0.8666269382407339;100.0;220405
normal;48;0.0001;3.796203549702962;4.010861541917186;0.4750593824228028;220405
backdoor;49;0.0001;2.5728554646174113;1.3768345002984586;100.0;220835
normal;49;0.0001;3.5699361125628153;3.669140963278776;0.4750593824228028;220835
backdoor;50;0.0001;1.8946951866149901;0.7993523483699215;100.0;221304
normal;50;0.0001;3.69453946352005;3.902194733366736;0.4750593824228028;221304
backdoor;51;0.0001;2.0559410214424134;0.6359974393746444;100.0;221733
normal;51;0.0001;3.667226028442383;4.012980433182403;0.4750593824228028;221733
backdoor;52;0.0001;1.9749001224835714;0.46767722859990474;100.0;222202
normal;52;0.0001;3.6723726987838745;3.9029296971651077;0.4750593824228028;222202
backdoor;53;0.0001;1.735831751426061;0.3942989865844437;100.0;222631
normal;53;0.0001;3.674472204844157;3.933312601676935;0.4750593824228028;222631
backdoor;54;0.0001;1.6368850668271382;0.2176753191370296;100.0;223059
normal;54;0.0001;3.640797952810923;3.91077069956824;0.4750593824228028;223059
backdoor;55;0.0001;1.5028817425171535;0.19157032245506112;100.0;223530
normal;55;0.0001;3.5834117611249288;3.757579435588628;0.4750593824228028;223530
backdoor;56;0.0001;1.296263266603152;0.16346382418985134;99.97624703087887;223959
normal;56;0.0001;3.5435596545537313;3.6253954092283998;0.4750593824228028;223959
backdoor;57;0.0001;1.161002261439959;0.14082530603839213;99.37450514647664;224430
normal;57;0.0001;3.4907007058461508;3.5579531466498415;0.7521773555027712;224430
backdoor;58;0.0001;1.1104781001806259;0.11433254915480565;99.78622327790974;224859
normal;58;0.0001;3.435436995824178;3.4875734451547653;0.9817893903404592;224859
backdoor;59;0.0001;1.0682314112782478;0.11901615623057313;99.61995249406176;225330
normal;59;0.0001;3.380232361952464;3.4045440504688735;4.40221694378464;225330
backdoor;60;0.0001;1.0281681383649508;0.11582583339084072;99.19239904988123;225759
normal;60;0.0001;3.318586993217468;3.3163213806877225;5.740300870942201;225759
backdoor;61;0.0001;1.003211463491122;0.12282549026742967;98.96278701504355;230226
normal;61;0.0001;3.241788335641225;3.220477609037881;7.355502771179731;230226
backdoor;62;0.0001;0.9878178576628367;0.14505636709036568;98.66191607284244;230653
normal;62;0.0001;3.153789993127187;3.1143369504033056;8.85193982581156;230653
backdoor;63;0.0001;0.9655712862809499;0.17815705100789678;97.96516231195567;231121
normal;63;0.0001;3.0660685698191323;3.0146913264162087;10.831353919239906;231121
backdoor;64;0.0001;0.9505172918240229;0.1851649733639292;97.8701504354711;231549
normal;64;0.0001;2.987872298558553;2.9458746178416346;11.749802058590657;231549
backdoor;65;0.0001;0.9348658273617426;0.17480939621974434;97.77513855898654;232017
normal;65;0.0001;2.9115344603856403;2.8938425144126088;13.950910530482977;232017
backdoor;66;0.0001;0.9316209952036539;0.16590128556566397;97.91765637371338;232445
normal;66;0.0001;2.8529040813446045;2.8379608613389498;17.58511480601742;232445
backdoor;67;0.0001;0.9216840306917826;0.17726089948713072;97.54552652414885;232915
normal;67;0.0001;2.8379687031110126;2.7851307244500942;18.186856690419635;232915
backdoor;68;0.0001;0.908460854490598;0.17699034291416146;97.45051464766429;233346
normal;68;0.0001;2.765398454666138;2.716262761808442;19.129057798891527;233346
backdoor;69;0.0001;0.8957534015178681;0.19004192639227813;97.05463182897863;233815
normal;69;0.0001;2.715309238433838;2.6510751514329103;19.73871733966746;233815
backdoor;70;0.0001;0.8979931712150574;0.1702282498586961;97.40300870942201;234244
normal;70;0.0001;2.687915861606598;2.6097697809963876;21.306413301662708;234244
backdoor;71;0.0001;0.875812421242396;0.18277007802931544;97.07838479809976;234715
normal;71;0.0001;2.6263824423154194;2.5501804717268532;20.878859857482187;234715
backdoor;72;0.0001;0.8693654706080755;0.16882758000872952;97.38717339667458;235143
normal;72;0.0001;2.5702606717745464;2.5041569290704797;23.23040380047506;235143
backdoor;73;0.0001;0.8641006300846735;0.17370959845971043;97.41092636579573;235611
normal;73;0.0001;2.677215794722239;2.539558281373713;21.021377672209027;235611
backdoor;74;0.0001;0.8299185901880264;0.17393349853660603;97.17339667458432;000039
normal;74;0.0001;2.558965460459391;2.4143551111410084;23.65795724465558;000039
backdoor;75;0.0001;0.8121913472811381;0.14973767507859664;97.60886777513856;000507
normal;75;0.0001;2.489195124308268;2.3987763345194355;24.196357878068092;000507
backdoor;76;0.0001;0.8126550128062566;0.14029709701960935;97.8701504354711;000935
normal;76;0.0001;2.4669311086336774;2.3636575416450167;24.82185273159145;000935
backdoor;77;0.0001;0.7904080813129742;0.12080448751683662;98.12351543942992;001405
normal;77;0.0001;2.4281420866648356;2.3287403725860427;24.861441013460016;001405
backdoor;78;0.0001;0.804248122125864;0.11520910799172976;98.14726840855107;001832
normal;78;0.0001;2.422690987586975;2.3203498846372725;25.637371338083927;001832
backdoor;79;0.0001;0.7593690079947313;0.10350012609341365;98.36104513064133;002303
normal;79;0.0001;2.370545963446299;2.2540847162169686;27.735550277117973;002303
backdoor;80;0.0001;0.7374487347900868;0.08191677782144796;98.64608076009502;002732
normal;80;0.0001;2.318284825483958;2.2365715890674487;29.16072842438638;002732
backdoor;81;0.0001;0.7422893429795901;0.08618059754843573;98.61441013460016;003200
normal;81;0.0001;2.313231575489044;2.2500093171639945;28.844022169437846;003200
backdoor;82;0.0001;0.7304149153331916;0.07633289365851492;98.66191607284244;003629
normal;82;0.0001;2.265742325782776;2.193137584936968;30.332541567695962;003629
backdoor;83;0.0001;0.7032617161671321;0.09788507988598266;98.05225653206651;004059
normal;83;0.0001;2.1971910297870636;2.0951853893337415;33.087885985748215;004059
backdoor;84;0.0001;0.676709492256244;0.10766278793202065;97.91765637371338;004526
normal;84;0.0001;2.1636926531791687;2.0513379577974997;34.17260490894695;004526
backdoor;85;0.0001;0.6727070627113183;0.1000957304772553;97.90973871733966;004955
normal;85;0.0001;2.13172993461291;2.041361614115542;33.34916864608076;004955
backdoor;86;0.0001;0.664996870358785;0.0909842258583244;98.06017418844023;005425
normal;86;0.0001;2.1046342690785727;2.016424204146022;34.96437054631829;005425
backdoor;87;0.0001;0.650652011235555;0.09456854236569559;97.8701504354711;005854
normal;87;0.0001;2.079197559754054;1.9834016704785853;35.098970704671416;005854
backdoor;88;0.0001;0.6395856468627851;0.10144306297634484;97.79889152810767;010324
normal;88;0.0001;2.0464520613352457;1.9378996558351735;37.062549485352335;010324
backdoor;89;0.0001;0.6208131596446037;0.09911408246932102;97.76722090261282;010752
normal;89;0.0001;2.000307559967041;1.9241251108104618;37.25257323832146;010752
backdoor;90;0.0001;0.6089567450185617;0.10238089512381776;97.6880443388757;011221
normal;90;0.0001;1.9610546052455902;1.8727717873036436;38.42438638163104;011221
backdoor;91;0.0001;0.6176694711049397;0.10667345253890786;97.50593824228028;011649
normal;91;0.0001;1.9545267860094706;1.8851386353408923;38.47189231987332;011649
backdoor;92;0.0001;0.605072508007288;0.10604560667809662;97.67220902612827;012117
normal;92;0.0001;1.9164507826169332;1.8421980512774567;38.92319873317498;012117
backdoor;93;0.0001;0.5994584577778975;0.1055406339378085;97.61678543151227;012544
normal;93;0.0001;1.9038909872372944;1.8216185768350948;40.09501187648456;012544
backdoor;94;0.0001;0.5949741673966249;0.11038616328416886;97.59303246239114;013014
normal;94;0.0001;1.8935373624165852;1.7951341141242407;40.58590657165479;013014
backdoor;95;0.0001;0.5952488792439302;0.12050586105431249;97.35550277117973;013442
normal;95;0.0001;1.8743302166461944;1.7867495309523147;40.269200316706254;013442
backdoor;96;0.0001;0.5973312238852183;0.11150989472063778;97.49010292953285;013912
normal;96;0.0001;1.8866828322410583;1.8306150670478198;39.23990498812351;013912
backdoor;97;0.0001;0.5823939232776563;0.10501282904134888;97.6880443388757;014338
normal;97;0.0001;1.851183553536733;1.7742039986291012;41.060965954077595;014338
backdoor;98;0.0001;0.5720455791801214;0.10384783348391571;97.71179730799683;014806
normal;98;0.0001;1.8028440177440643;1.770803480231375;41.51227236737925;014806
backdoor;99;0.0001;0.555344985673825;0.09966971245627505;97.88598574821853;015234
normal;99;0.0001;1.7494492689768473;1.6974442984127187;43.855898653998416;015234
backdoor;100;0.0001;0.5385439597070217;0.12054715658687734;97.44259699129057;015702
normal;100;0.0001;1.7266616841157278;1.6836638981448406;43.55502771179731;015702
