tensor([1., 0., 0., 0., 0., 0., 0., 0., 0., 0., 0., 0., 0., 0., 0., 0., 0., 0.,
        0., 0., 0., 0., 0., 0., 0., 0., 0., 0., 0., 0., 0., 0., 0., 0., 0., 0.,
        0., 0., 0., 0., 0., 0., 0.])
tensor([1., 0., 0., 0., 0., 0., 0., 0., 0., 0., 0., 0., 0., 0., 0., 0., 0., 0.,
        0., 0., 0., 0., 0., 0., 0., 0., 0., 0., 0., 0., 0., 0., 0., 0., 0., 0.,
        0., 0., 0., 0., 0., 0., 0.])
tensor([1., 0., 0., 0., 0., 0., 0., 0., 0., 0., 0., 0., 0., 0., 0., 0., 0., 0.,
        0., 0., 0., 0., 0., 0., 0., 0., 0., 0., 0., 0., 0., 0., 0., 0., 0., 0.,
        0., 0., 0., 0., 0., 0., 0.])
tensor([1., 0., 0., 0., 0., 0., 0., 0., 0., 0., 0., 0., 0., 0., 0., 0., 0., 0.,
        0., 0., 0., 0., 0., 0., 0., 0., 0., 0., 0., 0., 0., 0., 0., 0., 0., 0.,
        0., 0., 0., 0., 0., 0., 0.])
tensor([1., 0., 0., 0., 0., 0., 0., 0., 0., 0., 0., 0., 0., 0., 0., 0., 0., 0.,
        0., 0., 0., 0., 0., 0., 0., 0., 0., 0., 0., 0., 0., 0., 0., 0., 0., 0.,
        0., 0., 0., 0., 0., 0., 0.])
tensor([1., 0., 0., 0., 0., 0., 0., 0., 0., 0., 0., 0., 0., 0., 0., 0., 0., 0.,
        0., 0., 0., 0., 0., 0., 0., 0., 0., 0., 0., 0., 0., 0., 0., 0., 0., 0.,
        0., 0., 0., 0., 0., 0., 0.])
tensor([1., 0., 0., 0., 0., 0., 0., 0., 0., 0., 0., 0., 0., 0., 0., 0., 0., 0.,
        0., 0., 0., 0., 0., 0., 0., 0., 0., 0., 0., 0., 0., 0., 0., 0., 0., 0.,
        0., 0., 0., 0., 0., 0., 0.])
tensor([1., 0., 0., 0., 0., 0., 0., 0., 0., 0., 0., 0., 0., 0., 0., 0., 0., 0.,
        0., 0., 0., 0., 0., 0., 0., 0., 0., 0., 0., 0., 0., 0., 0., 0., 0., 0.,
        0., 0., 0., 0., 0., 0., 0.])
tensor([1., 0., 0., 0., 0., 0., 0., 0., 0., 0., 0., 0., 0., 0., 0., 0., 0., 0.,
        0., 0., 0., 0., 0., 0., 0., 0., 0., 0., 0., 0., 0., 0., 0., 0., 0., 0.,
        0., 0., 0., 0., 0., 0., 0.])
tensor([1., 0., 0., 0., 0., 0., 0., 0., 0., 0., 0., 0., 0., 0., 0., 0., 0., 0.,
        0., 0., 0., 0., 0., 0., 0., 0., 0., 0., 0., 0., 0., 0., 0., 0., 0., 0.,
        0., 0., 0., 0., 0., 0., 0.])
tensor([1., 0., 0., 0., 0., 0., 0., 0., 0., 0., 0., 0., 0., 0., 0., 0., 0., 0.,
        0., 0., 0., 0., 0., 0., 0., 0., 0., 0., 0., 0., 0., 0., 0., 0., 0., 0.,
        0., 0., 0., 0., 0., 0., 0.])
tensor([1., 0., 0., 0., 0., 0., 0., 0., 0., 0., 0., 0., 0., 0., 0., 0., 0., 0.,
        0., 0., 0., 0., 0., 0., 0., 0., 0., 0., 0., 0., 0., 0., 0., 0., 0., 0.,
        0., 0., 0., 0., 0., 0., 0.])
tensor([1., 0., 0., 0., 0., 0., 0., 0., 0., 0., 0., 0., 0., 0., 0., 0., 0., 0.,
        0., 0., 0., 0., 0., 0., 0., 0., 0., 0., 0., 0., 0., 0., 0., 0., 0., 0.,
        0., 0., 0., 0., 0., 0., 0.])
tensor([1., 0., 0., 0., 0., 0., 0., 0., 0., 0., 0., 0., 0., 0., 0., 0., 0., 0.,
        0., 0., 0., 0., 0., 0., 0., 0., 0., 0., 0., 0., 0., 0., 0., 0., 0., 0.,
        0., 0., 0., 0., 0., 0., 0.])
tensor([1., 0., 0., 0., 0., 0., 0., 0., 0., 0., 0., 0., 0., 0., 0., 0., 0., 0.,
        0., 0., 0., 0., 0., 0., 0., 0., 0., 0., 0., 0., 0., 0., 0., 0., 0., 0.,
        0., 0., 0., 0., 0., 0., 0.])
tensor([1., 0., 0., 0., 0., 0., 0., 0., 0., 0., 0., 0., 0., 0., 0., 0., 0., 0.,
        0., 0., 0., 0., 0., 0., 0., 0., 0., 0., 0., 0., 0., 0., 0., 0., 0., 0.,
        0., 0., 0., 0., 0., 0., 0.])
tensor([1., 0., 0., 0., 0., 0., 0., 0., 0., 0., 0., 0., 0., 0., 0., 0., 0., 0.,
        0., 0., 0., 0., 0., 0., 0., 0., 0., 0., 0., 0., 0., 0., 0., 0., 0., 0.,
        0., 0., 0., 0., 0., 0., 0.])
tensor([1., 0., 0., 0., 0., 0., 0., 0., 0., 0., 0., 0., 0., 0., 0., 0., 0., 0.,
        0., 0., 0., 0., 0., 0., 0., 0., 0., 0., 0., 0., 0., 0., 0., 0., 0., 0.,
        0., 0., 0., 0., 0., 0., 0.])
tensor([1., 0., 0., 0., 0., 0., 0., 0., 0., 0., 0., 0., 0., 0., 0., 0., 0., 0.,
        0., 0., 0., 0., 0., 0., 0., 0., 0., 0., 0., 0., 0., 0., 0., 0., 0., 0.,
        0., 0., 0., 0., 0., 0., 0.])
tensor([1., 0., 0., 0., 0., 0., 0., 0., 0., 0., 0., 0., 0., 0., 0., 0., 0., 0.,
        0., 0., 0., 0., 0., 0., 0., 0., 0., 0., 0., 0., 0., 0., 0., 0., 0., 0.,
        0., 0., 0., 0., 0., 0., 0.])
tensor([1., 0., 0., 0., 0., 0., 0., 0., 0., 0., 0., 0., 0., 0., 0., 0., 0., 0.,
        0., 0., 0., 0., 0., 0., 0., 0., 0., 0., 0., 0., 0., 0., 0., 0., 0., 0.,
        0., 0., 0., 0., 0., 0., 0.])
tensor([1., 0., 0., 0., 0., 0., 0., 0., 0., 0., 0., 0., 0., 0., 0., 0., 0., 0.,
        0., 0., 0., 0., 0., 0., 0., 0., 0., 0., 0., 0., 0., 0., 0., 0., 0., 0.,
        0., 0., 0., 0., 0., 0., 0.])
tensor([1., 0., 0., 0., 0., 0., 0., 0., 0., 0., 0., 0., 0., 0., 0., 0., 0., 0.,
        0., 0., 0., 0., 0., 0., 0., 0., 0., 0., 0., 0., 0., 0., 0., 0., 0., 0.,
        0., 0., 0., 0., 0., 0., 0.])
tensor([1., 0., 0., 0., 0., 0., 0., 0., 0., 0., 0., 0., 0., 0., 0., 0., 0., 0.,
        0., 0., 0., 0., 0., 0., 0., 0., 0., 0., 0., 0., 0., 0., 0., 0., 0., 0.,
        0., 0., 0., 0., 0., 0., 0.])
tensor([1., 0., 0., 0., 0., 0., 0., 0., 0., 0., 0., 0., 0., 0., 0., 0., 0., 0.,
        0., 0., 0., 0., 0., 0., 0., 0., 0., 0., 0., 0., 0., 0., 0., 0., 0., 0.,
        0., 0., 0., 0., 0., 0., 0.])
tensor([1., 0., 0., 0., 0., 0., 0., 0., 0., 0., 0., 0., 0., 0., 0., 0., 0., 0.,
        0., 0., 0., 0., 0., 0., 0., 0., 0., 0., 0., 0., 0., 0., 0., 0., 0., 0.,
        0., 0., 0., 0., 0., 0., 0.])
tensor([1., 0., 0., 0., 0., 0., 0., 0., 0., 0., 0., 0., 0., 0., 0., 0., 0., 0.,
        0., 0., 0., 0., 0., 0., 0., 0., 0., 0., 0., 0., 0., 0., 0., 0., 0., 0.,
        0., 0., 0., 0., 0., 0., 0.])
tensor([1., 0., 0., 0., 0., 0., 0., 0., 0., 0., 0., 0., 0., 0., 0., 0., 0., 0.,
        0., 0., 0., 0., 0., 0., 0., 0., 0., 0., 0., 0., 0., 0., 0., 0., 0., 0.,
        0., 0., 0., 0., 0., 0., 0.])
tensor([1., 0., 0., 0., 0., 0., 0., 0., 0., 0., 0., 0., 0., 0., 0., 0., 0., 0.,
        0., 0., 0., 0., 0., 0., 0., 0., 0., 0., 0., 0., 0., 0., 0., 0., 0., 0.,
        0., 0., 0., 0., 0., 0., 0.])
tensor([1., 0., 0., 0., 0., 0., 0., 0., 0., 0., 0., 0., 0., 0., 0., 0., 0., 0.,
        0., 0., 0., 0., 0., 0., 0., 0., 0., 0., 0., 0., 0., 0., 0., 0., 0., 0.,
        0., 0., 0., 0., 0., 0., 0.])
tensor([1., 0., 0., 0., 0., 0., 0., 0., 0., 0., 0., 0., 0., 0., 0., 0., 0., 0.,
        0., 0., 0., 0., 0., 0., 0., 0., 0., 0., 0., 0., 0., 0., 0., 0., 0., 0.,
        0., 0., 0., 0., 0., 0., 0.])
tensor([1., 0., 0., 0., 0., 0., 0., 0., 0., 0., 0., 0., 0., 0., 0., 0., 0., 0.,
        0., 0., 0., 0., 0., 0., 0., 0., 0., 0., 0., 0., 0., 0., 0., 0., 0., 0.,
        0., 0., 0., 0., 0., 0., 0.])
tensor([1., 0., 0., 0., 0., 0., 0., 0., 0., 0., 0., 0., 0., 0., 0., 0., 0., 0.,
        0., 0., 0., 0., 0., 0., 0., 0., 0., 0., 0., 0., 0., 0., 0., 0., 0., 0.,
        0., 0., 0., 0., 0., 0., 0.])
tensor([1., 0., 0., 0., 0., 0., 0., 0., 0., 0., 0., 0., 0., 0., 0., 0., 0., 0.,
        0., 0., 0., 0., 0., 0., 0., 0., 0., 0., 0., 0., 0., 0., 0., 0., 0., 0.,
        0., 0., 0., 0., 0., 0., 0.])
tensor([1., 0., 0., 0., 0., 0., 0., 0., 0., 0., 0., 0., 0., 0., 0., 0., 0., 0.,
        0., 0., 0., 0., 0., 0., 0., 0., 0., 0., 0., 0., 0., 0., 0., 0., 0., 0.,
        0., 0., 0., 0., 0., 0., 0.])
tensor([0.9833, 0.0000, 0.0053, 0.0000, 0.0000, 0.0000, 0.0000, 0.0000, 0.0000,
        0.0000, 0.0000, 0.0000, 0.0000, 0.0389, 0.0000, 0.0000, 0.0000, 0.0000,
        0.0000, 0.0000, 0.0000, 0.0000, 0.0000, 0.0000, 0.0000, 0.0000, 0.0000,
        0.0000, 0.0000, 0.0000, 0.0000, 0.0000, 0.0000, 0.0000, 0.0000, 0.0000,
        0.0000, 0.0000, 0.0000, 0.0000, 0.0000, 0.0000, 0.0000])
tensor([0.4833, 0.0000, 0.0973, 0.0000, 0.0000, 0.0000, 0.0000, 0.0000, 0.0000,
        0.0000, 0.0000, 0.0000, 0.0000, 0.2569, 0.0000, 0.1095, 0.0000, 0.0000,
        0.0000, 0.0000, 0.0000, 0.0000, 0.0000, 0.0000, 0.0000, 0.0000, 0.0000,
        0.0000, 0.0000, 0.0000, 0.0000, 0.0000, 0.0000, 0.0000, 0.0000, 0.0000,
        0.0000, 0.0000, 0.0000, 0.0000, 0.0000, 0.0000, 0.0000])
tensor([0.4833, 0.0000, 0.2213, 0.0000, 0.0000, 0.0000, 0.0000, 0.0000, 0.0000,
        0.0000, 0.0000, 0.0000, 0.0000, 0.2903, 0.0000, 0.4238, 0.0000, 0.0000,
        0.0000, 0.0000, 0.0000, 0.0000, 0.0000, 0.0000, 0.0000, 0.0000, 0.0000,
        0.0000, 0.0000, 0.0000, 0.0000, 0.0000, 0.0000, 0.0000, 0.0000, 0.0000,
        0.0000, 0.0000, 0.0000, 0.0000, 0.0000, 0.0000, 0.0000])
tensor([0.4000, 0.0000, 0.3360, 0.0000, 0.0000, 0.0175, 0.0000, 0.0000, 0.0000,
        0.0000, 0.0000, 0.0000, 0.0000, 0.5736, 0.0000, 0.5048, 0.0000, 0.0000,
        0.0000, 0.0000, 0.0000, 0.0000, 0.0000, 0.0000, 0.0000, 0.0000, 0.0000,
        0.0000, 0.0000, 0.0000, 0.0000, 0.0000, 0.0000, 0.0000, 0.0000, 0.0000,
        0.0000, 0.0000, 0.0000, 0.0000, 0.0000, 0.0000, 0.0000])
tensor([0.3333, 0.0236, 0.3880, 0.0000, 0.0000, 0.0048, 0.0000, 0.0000, 0.0000,
        0.0000, 0.0000, 0.0000, 0.0000, 0.5139, 0.0000, 0.2476, 0.0000, 0.0000,
        0.0000, 0.0000, 0.0000, 0.0000, 0.0000, 0.0000, 0.0000, 0.0000, 0.0000,
        0.0000, 0.0000, 0.0000, 0.0000, 0.0000, 0.0000, 0.0000, 0.0000, 0.0000,
        0.0000, 0.0000, 0.0000, 0.0000, 0.0000, 0.0000, 0.0000])
tensor([0.3167, 0.0028, 0.4293, 0.0022, 0.0000, 0.0238, 0.0000, 0.0000, 0.0000,
        0.0000, 0.0000, 0.0000, 0.0000, 0.6639, 0.0000, 0.3476, 0.0000, 0.0000,
        0.0000, 0.0000, 0.0000, 0.0000, 0.0000, 0.0000, 0.0000, 0.0000, 0.0000,
        0.0000, 0.0000, 0.0000, 0.0000, 0.0000, 0.0000, 0.0000, 0.0000, 0.0000,
        0.0000, 0.0000, 0.0000, 0.0000, 0.0000, 0.0000, 0.0000])
tensor([0.2833, 0.2222, 0.2560, 0.0000, 0.0000, 0.0016, 0.0000, 0.0000, 0.0000,
        0.0000, 0.0000, 0.0000, 0.0145, 0.5264, 0.0000, 0.2048, 0.0000, 0.0000,
        0.0128, 0.0000, 0.0000, 0.0000, 0.0000, 0.0000, 0.0000, 0.0000, 0.0000,
        0.0000, 0.0000, 0.0000, 0.0000, 0.0000, 0.0000, 0.0000, 0.0000, 0.0000,
        0.0000, 0.0000, 0.0000, 0.0000, 0.0000, 0.0000, 0.0000])
tensor([0.2333, 0.0125, 0.5053, 0.0044, 0.0000, 0.0175, 0.0000, 0.0000, 0.0000,
        0.0042, 0.0000, 0.0000, 0.0000, 0.7278, 0.0000, 0.4333, 0.0000, 0.0000,
        0.0026, 0.0000, 0.0000, 0.0000, 0.0000, 0.0000, 0.0000, 0.0000, 0.0000,
        0.0000, 0.0000, 0.0000, 0.0000, 0.0000, 0.0000, 0.0000, 0.0000, 0.0000,
        0.0000, 0.0000, 0.0000, 0.0000, 0.0000, 0.0000, 0.0000])
tensor([0.1333, 0.2514, 0.4347, 0.0000, 0.0000, 0.0016, 0.0000, 0.0000, 0.0000,
        0.0063, 0.0000, 0.0000, 0.0304, 0.7000, 0.0037, 0.1810, 0.0000, 0.0000,
        0.0154, 0.0000, 0.0000, 0.0000, 0.0000, 0.0000, 0.0000, 0.0000, 0.0000,
        0.0000, 0.0000, 0.0000, 0.0000, 0.0000, 0.0000, 0.0000, 0.0000, 0.0000,
        0.0000, 0.0000, 0.0000, 0.0000, 0.0000, 0.0000, 0.0000])
tensor([0.1833, 0.0236, 0.5413, 0.0044, 0.0000, 0.0111, 0.0000, 0.0000, 0.0000,
        0.0083, 0.0000, 0.0000, 0.0101, 0.7417, 0.0333, 0.1524, 0.0000, 0.0000,
        0.0103, 0.0000, 0.0000, 0.0000, 0.0000, 0.0000, 0.0000, 0.0042, 0.0000,
        0.0000, 0.0000, 0.0000, 0.0000, 0.0000, 0.0000, 0.0000, 0.0000, 0.0000,
        0.0000, 0.0000, 0.0000, 0.0000, 0.0000, 0.0000, 0.0000])
tensor([0.1500, 0.2569, 0.4387, 0.0000, 0.0000, 0.0048, 0.0000, 0.0000, 0.0000,
        0.0125, 0.0000, 0.0000, 0.0130, 0.7722, 0.0815, 0.1762, 0.0000, 0.0028,
        0.0615, 0.0000, 0.0000, 0.0000, 0.0000, 0.0000, 0.0000, 0.0562, 0.0000,
        0.0000, 0.0000, 0.0000, 0.0000, 0.0000, 0.0000, 0.0000, 0.0000, 0.0000,
        0.0000, 0.0000, 0.0000, 0.0000, 0.0000, 0.0000, 0.0000])
tensor([0.1000, 0.1069, 0.5613, 0.0000, 0.0000, 0.0032, 0.0000, 0.0000, 0.0000,
        0.0188, 0.0000, 0.0024, 0.0348, 0.8292, 0.1407, 0.2429, 0.0000, 0.0417,
        0.0718, 0.0000, 0.0000, 0.0000, 0.0000, 0.0000, 0.0000, 0.1125, 0.0000,
        0.0000, 0.0000, 0.0000, 0.0000, 0.0000, 0.0000, 0.0000, 0.0000, 0.0000,
        0.0000, 0.0000, 0.0000, 0.0000, 0.0000, 0.0000, 0.0000])
tensor([0.0833, 0.2708, 0.5933, 0.0067, 0.0000, 0.0127, 0.0000, 0.0000, 0.0000,
        0.0167, 0.0000, 0.0000, 0.0449, 0.8417, 0.2667, 0.2667, 0.0000, 0.1556,
        0.0795, 0.0000, 0.0000, 0.0000, 0.0083, 0.0000, 0.0000, 0.1854, 0.0000,
        0.0000, 0.0000, 0.0000, 0.0000, 0.0000, 0.0000, 0.0000, 0.0000, 0.0000,
        0.0000, 0.0000, 0.0000, 0.0000, 0.0000, 0.0000, 0.0000])
tensor([0.0167, 0.1472, 0.8000, 0.0644, 0.0000, 0.0206, 0.0000, 0.0000, 0.0022,
        0.0229, 0.0167, 0.0000, 0.0826, 0.9222, 0.3111, 0.3381, 0.0000, 0.3528,
        0.0949, 0.0000, 0.0000, 0.0000, 0.1167, 0.0000, 0.0000, 0.2208, 0.0000,
        0.0000, 0.0000, 0.0000, 0.0000, 0.0000, 0.0000, 0.0000, 0.0000, 0.0000,
        0.0000, 0.0000, 0.0029, 0.0000, 0.0000, 0.0000, 0.0000])
tensor([0.0000, 0.2153, 0.7787, 0.1156, 0.0091, 0.0730, 0.0000, 0.0000, 0.0000,
        0.0521, 0.1333, 0.0000, 0.1507, 0.9528, 0.3963, 0.5000, 0.0000, 0.5639,
        0.1974, 0.0000, 0.0000, 0.0000, 0.2667, 0.0000, 0.0000, 0.3313, 0.0056,
        0.0000, 0.0000, 0.0000, 0.0000, 0.0000, 0.0000, 0.0000, 0.0000, 0.0000,
        0.0000, 0.0000, 0.0116, 0.0000, 0.0000, 0.0000, 0.0000])
tensor([0.0500, 0.2736, 0.6840, 0.1889, 0.0515, 0.1286, 0.0000, 0.0000, 0.0044,
        0.1000, 0.2288, 0.0000, 0.2145, 0.9333, 0.4556, 0.5143, 0.0000, 0.6556,
        0.2641, 0.0000, 0.0000, 0.0000, 0.4667, 0.0000, 0.0000, 0.4458, 0.0056,
        0.0000, 0.0000, 0.0000, 0.0000, 0.0000, 0.0000, 0.0000, 0.0000, 0.0000,
        0.0000, 0.0000, 0.1217, 0.0000, 0.0000, 0.0000, 0.0000])
tensor([0.1833, 0.3097, 0.3987, 0.2867, 0.0561, 0.1556, 0.0000, 0.0200, 0.0000,
        0.2521, 0.0545, 0.0143, 0.1188, 0.8417, 0.4667, 0.5667, 0.0000, 0.6667,
        0.3513, 0.0000, 0.0000, 0.0000, 0.5250, 0.0000, 0.0000, 0.4917, 0.0389,
        0.0000, 0.0000, 0.0000, 0.0000, 0.0000, 0.0000, 0.0000, 0.0000, 0.0000,
        0.0000, 0.0000, 0.2913, 0.0000, 0.0000, 0.0000, 0.0000])
tensor([0.3667, 0.1556, 0.2267, 0.3333, 0.0485, 0.1175, 0.0000, 0.0133, 0.0000,
        0.4250, 0.0015, 0.0810, 0.0435, 0.6319, 0.4667, 0.6143, 0.0000, 0.6444,
        0.4590, 0.0000, 0.0000, 0.0000, 0.4583, 0.0000, 0.0000, 0.5354, 0.1222,
        0.0000, 0.0000, 0.0000, 0.0000, 0.0000, 0.0000, 0.0000, 0.0000, 0.0000,
        0.0000, 0.0000, 0.1435, 0.0000, 0.0000, 0.0000, 0.0000])
tensor([0.2333, 0.3403, 0.4267, 0.0622, 0.1379, 0.0317, 0.0000, 0.0000, 0.0111,
        0.2896, 0.0076, 0.0357, 0.1406, 0.8875, 0.4148, 0.5238, 0.0000, 0.7167,
        0.2667, 0.0000, 0.0000, 0.0000, 0.5250, 0.0000, 0.0000, 0.5292, 0.0056,
        0.0000, 0.0000, 0.0000, 0.0000, 0.0000, 0.0000, 0.0000, 0.0000, 0.0000,
        0.0000, 0.0000, 0.2986, 0.0000, 0.0000, 0.0000, 0.0000])
tensor([0.2000, 0.2347, 0.5547, 0.1933, 0.0576, 0.0429, 0.0000, 0.0044, 0.0689,
        0.1833, 0.0742, 0.0000, 0.2246, 0.9028, 0.4222, 0.5095, 0.0000, 0.7333,
        0.2205, 0.0000, 0.0000, 0.0000, 0.3583, 0.0000, 0.0000, 0.5063, 0.0778,
        0.0000, 0.0000, 0.0000, 0.0000, 0.0000, 0.0000, 0.0000, 0.0000, 0.0000,
        0.0000, 0.0000, 0.5348, 0.0000, 0.0000, 0.0000, 0.0000])
tensor([0.3333, 0.2556, 0.2573, 0.2156, 0.0955, 0.1587, 0.0000, 0.0733, 0.0356,
        0.3979, 0.0364, 0.0000, 0.0754, 0.7528, 0.4000, 0.5524, 0.0000, 0.6472,
        0.4026, 0.0000, 0.0000, 0.0000, 0.3250, 0.0000, 0.0000, 0.4750, 0.3222,
        0.0000, 0.0000, 0.0000, 0.0000, 0.0000, 0.0000, 0.0000, 0.0000, 0.0000,
        0.0000, 0.0000, 0.2971, 0.0000, 0.0000, 0.0000, 0.0000])
tensor([0.2000, 0.4347, 0.5267, 0.2089, 0.1076, 0.0349, 0.0000, 0.0000, 0.0333,
        0.3833, 0.0470, 0.0190, 0.2435, 0.8542, 0.6296, 0.5905, 0.0000, 0.7639,
        0.3231, 0.0000, 0.0000, 0.0000, 0.4333, 0.0000, 0.0000, 0.5583, 0.0722,
        0.0000, 0.0000, 0.0000, 0.0000, 0.0000, 0.0000, 0.0000, 0.0000, 0.0000,
        0.0000, 0.0000, 0.6377, 0.0000, 0.0000, 0.0000, 0.0000])
tensor([0.2000, 0.3333, 0.3720, 0.3133, 0.1530, 0.1460, 0.0000, 0.1556, 0.1778,
        0.5229, 0.1788, 0.0333, 0.2986, 0.8597, 0.5889, 0.6714, 0.0133, 0.8056,
        0.4308, 0.0000, 0.0000, 0.0000, 0.5667, 0.0000, 0.0000, 0.5542, 0.2500,
        0.0000, 0.0000, 0.0000, 0.0000, 0.0185, 0.0000, 0.0095, 0.0000, 0.0256,
        0.0000, 0.0000, 0.7058, 0.0000, 0.0000, 0.0000, 0.0000])
tensor([0.2167, 0.3722, 0.3400, 0.3956, 0.1273, 0.0683, 0.0000, 0.2244, 0.0689,
        0.6000, 0.1970, 0.0333, 0.3058, 0.8556, 0.6111, 0.6619, 0.0267, 0.8083,
        0.4154, 0.0000, 0.0000, 0.0000, 0.5667, 0.0000, 0.0000, 0.5542, 0.3444,
        0.0000, 0.0000, 0.0000, 0.0000, 0.0444, 0.0000, 0.0429, 0.0000, 0.1769,
        0.0000, 0.0000, 0.7087, 0.0556, 0.0000, 0.0000, 0.0000])
tensor([0.2333, 0.4000, 0.3360, 0.3289, 0.1561, 0.0762, 0.0000, 0.1333, 0.1800,
        0.6250, 0.1788, 0.0262, 0.3217, 0.8639, 0.5111, 0.6619, 0.0133, 0.8306,
        0.4385, 0.0000, 0.0000, 0.0000, 0.4833, 0.0000, 0.0000, 0.5604, 0.4111,
        0.0000, 0.0000, 0.0000, 0.0000, 0.0444, 0.0167, 0.0429, 0.0000, 0.3513,
        0.0000, 0.0000, 0.7507, 0.1667, 0.0000, 0.0000, 0.0000])
tensor([0.2000, 0.5111, 0.3920, 0.4378, 0.1439, 0.1032, 0.0000, 0.1578, 0.1311,
        0.6271, 0.2788, 0.0000, 0.4290, 0.8792, 0.5815, 0.6333, 0.0067, 0.8278,
        0.4179, 0.0000, 0.0000, 0.0000, 0.5583, 0.0000, 0.0000, 0.5646, 0.3444,
        0.0000, 0.0000, 0.0000, 0.0000, 0.0259, 0.0167, 0.0429, 0.0000, 0.4538,
        0.0000, 0.0000, 0.8101, 0.2222, 0.0000, 0.0000, 0.0000])
tensor([0.1167, 0.4736, 0.4413, 0.3911, 0.1712, 0.2095, 0.0000, 0.1822, 0.2133,
        0.5188, 0.5848, 0.0310, 0.4899, 0.9167, 0.6074, 0.5810, 0.0133, 0.8639,
        0.4846, 0.0000, 0.0000, 0.0000, 0.5333, 0.0000, 0.0000, 0.6625, 0.2944,
        0.0000, 0.0000, 0.0000, 0.0000, 0.0593, 0.0000, 0.0857, 0.2667, 0.5513,
        0.0000, 0.0000, 0.9029, 0.3889, 0.0889, 0.0000, 0.0000])
tensor([0.1000, 0.4236, 0.4813, 0.4400, 0.2197, 0.2143, 0.0000, 0.3133, 0.1533,
        0.4938, 0.7439, 0.0905, 0.5449, 0.9333, 0.7852, 0.5810, 0.0133, 0.8111,
        0.5333, 0.0000, 0.0000, 0.0000, 0.5750, 0.0400, 0.0000, 0.7417, 0.3833,
        0.0167, 0.0000, 0.0000, 0.0000, 0.1815, 0.0333, 0.1667, 0.4417, 0.6205,
        0.0000, 0.0000, 0.9406, 0.4778, 0.2111, 0.0000, 0.0000])
tensor([0.0833, 0.4569, 0.4400, 0.4222, 0.2682, 0.2810, 0.0000, 0.4156, 0.1667,
        0.4875, 0.7545, 0.3286, 0.6130, 0.9333, 0.8000, 0.6333, 0.0400, 0.7833,
        0.5462, 0.0000, 0.0000, 0.0000, 0.7000, 0.0400, 0.0000, 0.7917, 0.4889,
        0.0667, 0.0267, 0.0000, 0.0067, 0.3148, 0.0667, 0.2619, 0.4750, 0.6231,
        0.0167, 0.0000, 0.9435, 0.5000, 0.3444, 0.0000, 0.0000])
tensor([0.0833, 0.4319, 0.5680, 0.4467, 0.4273, 0.1921, 0.0000, 0.4067, 0.1956,
        0.6000, 0.7394, 0.4881, 0.6565, 0.9347, 0.8259, 0.6571, 0.2600, 0.7528,
        0.5974, 0.0000, 0.0000, 0.0000, 0.8250, 0.0400, 0.0000, 0.7708, 0.4889,
        0.1333, 0.0333, 0.0000, 0.0133, 0.4037, 0.1333, 0.3143, 0.5083, 0.5538,
        0.0250, 0.0000, 0.9377, 0.5556, 0.5000, 0.0000, 0.0000])
tensor([0.0833, 0.3875, 0.5440, 0.4689, 0.5833, 0.2365, 0.0000, 0.4356, 0.2756,
        0.8062, 0.7409, 0.5167, 0.6536, 0.9292, 0.8407, 0.7333, 0.3000, 0.7472,
        0.5590, 0.0000, 0.0000, 0.0000, 0.8417, 0.0733, 0.0000, 0.7563, 0.5889,
        0.0833, 0.0467, 0.0000, 0.0067, 0.4259, 0.1667, 0.3476, 0.4917, 0.5462,
        0.0250, 0.0167, 0.9420, 0.5667, 0.4889, 0.0000, 0.0000])
tensor([0.1833, 0.3778, 0.4867, 0.5089, 0.6288, 0.2095, 0.0000, 0.5356, 0.2889,
        0.8646, 0.6924, 0.5143, 0.6246, 0.9028, 0.8185, 0.7048, 0.3000, 0.8306,
        0.5846, 0.0000, 0.0000, 0.0000, 0.6917, 0.0800, 0.0000, 0.7104, 0.6167,
        0.1167, 0.0733, 0.0000, 0.0000, 0.4259, 0.2000, 0.3571, 0.2750, 0.6359,
        0.0083, 0.0167, 0.9261, 0.5333, 0.4667, 0.0000, 0.0000])
tensor([0.2167, 0.3875, 0.3987, 0.5000, 0.4697, 0.1810, 0.0000, 0.5156, 0.2911,
        0.8917, 0.5409, 0.5571, 0.6058, 0.8833, 0.7815, 0.7524, 0.2600, 0.8361,
        0.5436, 0.0000, 0.0000, 0.0000, 0.8750, 0.1267, 0.0000, 0.6667, 0.6333,
        0.1167, 0.2333, 0.0000, 0.0267, 0.4333, 0.1667, 0.3143, 0.6167, 0.6205,
        0.0167, 0.0333, 0.8725, 0.5667, 0.5222, 0.0000, 0.0000])
tensor([0.2000, 0.4500, 0.3493, 0.5178, 0.3485, 0.1556, 0.0000, 0.5000, 0.3578,
        0.8917, 0.4379, 0.5786, 0.5884, 0.8889, 0.7556, 0.7286, 0.2333, 0.8583,
        0.5026, 0.0000, 0.0000, 0.0000, 0.7917, 0.1067, 0.0000, 0.6479, 0.6889,
        0.1333, 0.2867, 0.0000, 0.0400, 0.3889, 0.1833, 0.2952, 0.3417, 0.5846,
        0.0333, 0.0333, 0.8145, 0.6333, 0.4778, 0.0000, 0.0000])
tensor([0.2000, 0.3917, 0.3680, 0.5578, 0.4030, 0.1921, 0.0000, 0.5511, 0.4578,
        0.9146, 0.5712, 0.5476, 0.6029, 0.9069, 0.7815, 0.7524, 0.2867, 0.8722,
        0.5308, 0.0000, 0.0000, 0.0000, 0.7750, 0.0933, 0.0111, 0.6646, 0.6833,
        0.1667, 0.3200, 0.0000, 0.1067, 0.4074, 0.2000, 0.3619, 0.5250, 0.5564,
        0.0333, 0.0167, 0.8072, 0.6333, 0.4000, 0.0000, 0.0000])
tensor([0.2000, 0.2972, 0.3507, 0.5822, 0.3712, 0.2825, 0.0000, 0.5533, 0.5133,
        0.9229, 0.6318, 0.5595, 0.5812, 0.9194, 0.7667, 0.7619, 0.2533, 0.8583,
        0.6154, 0.0000, 0.0000, 0.0000, 0.7167, 0.1267, 0.0000, 0.6604, 0.6000,
        0.1500, 0.2000, 0.0000, 0.0400, 0.3481, 0.2000, 0.4333, 0.2500, 0.5051,
        0.0417, 0.0167, 0.8087, 0.6111, 0.3333, 0.0000, 0.0000])
tensor([0.2000, 0.2208, 0.3680, 0.6422, 0.3591, 0.3365, 0.0000, 0.5267, 0.5467,
        0.9312, 0.6742, 0.5190, 0.5623, 0.9208, 0.8000, 0.7571, 0.3133, 0.8639,
        0.5538, 0.0000, 0.0000, 0.0111, 0.6833, 0.1133, 0.0000, 0.6625, 0.6889,
        0.1667, 0.2600, 0.0000, 0.1067, 0.4148, 0.2167, 0.4857, 0.2667, 0.4718,
        0.0250, 0.0167, 0.7855, 0.5667, 0.2333, 0.0000, 0.0000])
tensor([0.2000, 0.1667, 0.4080, 0.6378, 0.3894, 0.3794, 0.0000, 0.5689, 0.5333,
        0.9417, 0.7379, 0.5476, 0.6304, 0.9361, 0.8259, 0.7714, 0.3467, 0.8444,
        0.5949, 0.0000, 0.0111, 0.0000, 0.7417, 0.1600, 0.0000, 0.6500, 0.6222,
        0.1500, 0.2600, 0.0000, 0.1067, 0.4370, 0.2833, 0.6286, 0.3000, 0.4538,
        0.0167, 0.0000, 0.8319, 0.6111, 0.1889, 0.0000, 0.0000])
tensor([0.1500, 0.3208, 0.6387, 0.5600, 0.6470, 0.2841, 0.0000, 0.5756, 0.4733,
        0.9479, 0.7955, 0.6452, 0.7841, 0.9431, 0.8963, 0.7048, 0.4467, 0.8556,
        0.6359, 0.0000, 0.0111, 0.0556, 0.8667, 0.2200, 0.0444, 0.7229, 0.5444,
        0.2500, 0.3067, 0.0000, 0.1267, 0.5074, 0.3333, 0.6095, 0.6417, 0.6103,
        0.1750, 0.0833, 0.9261, 0.6556, 0.3778, 0.0167, 0.0111])
tensor([0.1167, 0.6069, 0.6427, 0.5356, 0.7924, 0.2159, 0.0000, 0.5778, 0.4111,
        0.9146, 0.8061, 0.5929, 0.8130, 0.9486, 0.9259, 0.5667, 0.4533, 0.8250,
        0.6974, 0.0000, 0.0111, 0.0889, 0.8333, 0.2333, 0.0556, 0.7937, 0.4667,
        0.1500, 0.3000, 0.0111, 0.0800, 0.5519, 0.2000, 0.4238, 0.6333, 0.7462,
        0.4333, 0.1500, 0.9696, 0.9333, 0.6556, 0.0000, 0.1333])
tensor([0.1000, 0.6944, 0.6133, 0.5178, 0.7939, 0.2667, 0.0067, 0.6578, 0.3289,
        0.8875, 0.8045, 0.5167, 0.8101, 0.9500, 0.9185, 0.6667, 0.4667, 0.8222,
        0.7154, 0.0000, 0.0111, 0.2000, 0.8583, 0.1067, 0.1000, 0.8042, 0.4278,
        0.3333, 0.2867, 0.0111, 0.0667, 0.5037, 0.2000, 0.5810, 0.6417, 0.6436,
        0.4500, 0.1833, 0.9739, 0.6889, 0.5667, 0.1667, 0.1333])
tensor([0.1000, 0.5736, 0.5440, 0.6111, 0.8091, 0.3444, 0.0000, 0.6111, 0.4933,
        0.9104, 0.8000, 0.6286, 0.8087, 0.9486, 0.9259, 0.7095, 0.4733, 0.8111,
        0.6538, 0.0000, 0.0111, 0.1556, 0.8583, 0.2000, 0.0667, 0.7875, 0.5778,
        0.2333, 0.3467, 0.0333, 0.0667, 0.5074, 0.2333, 0.7333, 0.6667, 0.5077,
        0.4333, 0.1833, 0.9710, 0.6667, 0.5778, 0.3000, 0.1000])
tensor([0.1167, 0.4972, 0.4533, 0.5956, 0.8424, 0.4794, 0.0000, 0.5778, 0.5933,
        0.9417, 0.8136, 0.6190, 0.8116, 0.9514, 0.9259, 0.7667, 0.4933, 0.7944,
        0.7744, 0.0000, 0.0111, 0.1111, 0.7750, 0.1333, 0.0889, 0.8042, 0.4944,
        0.3333, 0.2333, 0.0000, 0.1267, 0.4852, 0.2333, 0.6810, 0.5917, 0.5513,
        0.4750, 0.3167, 0.9696, 0.6667, 0.4778, 0.1833, 0.0222])
tensor([0.1167, 0.5764, 0.5347, 0.6156, 0.8470, 0.3016, 0.0133, 0.6156, 0.5911,
        0.9479, 0.7909, 0.6143, 0.8319, 0.9458, 0.9148, 0.7905, 0.5600, 0.8194,
        0.6821, 0.0000, 0.0000, 0.1222, 0.8500, 0.2200, 0.0778, 0.7479, 0.5833,
        0.2333, 0.3000, 0.0556, 0.1200, 0.5296, 0.2333, 0.7095, 0.6083, 0.5308,
        0.5250, 0.3667, 0.9725, 0.6667, 0.5333, 0.2833, 0.0222])
tensor([0.1333, 0.6528, 0.4907, 0.5178, 0.7288, 0.3492, 0.0067, 0.5889, 0.6733,
        0.9604, 0.7682, 0.6310, 0.8391, 0.9444, 0.8889, 0.7667, 0.5867, 0.8556,
        0.5667, 0.0000, 0.0111, 0.1556, 0.8750, 0.2533, 0.1333, 0.7292, 0.6556,
        0.2500, 0.4600, 0.0556, 0.1000, 0.6074, 0.2167, 0.6190, 0.6750, 0.7308,
        0.5500, 0.4333, 0.9739, 0.6556, 0.5111, 0.1667, 0.0111])
tensor([0.1833, 0.7056, 0.6627, 0.5800, 0.8015, 0.1524, 0.0133, 0.6133, 0.5933,
        0.9604, 0.6894, 0.6976, 0.8507, 0.9361, 0.9111, 0.8000, 0.6000, 0.8556,
        0.5974, 0.0000, 0.0000, 0.1000, 0.8833, 0.3000, 0.1444, 0.7250, 0.6333,
        0.3000, 0.6000, 0.2333, 0.1000, 0.6481, 0.2333, 0.6952, 0.7500, 0.7077,
        0.5333, 0.3667, 0.9478, 0.6556, 0.6000, 0.3000, 0.0556])
tensor([0.2000, 0.6681, 0.6107, 0.6422, 0.7621, 0.2444, 0.0067, 0.5400, 0.6244,
        0.9667, 0.6682, 0.7262, 0.8043, 0.8944, 0.8778, 0.8095, 0.5533, 0.8556,
        0.5872, 0.0000, 0.0000, 0.1667, 0.8833, 0.4133, 0.2000, 0.7146, 0.6444,
        0.3167, 0.6067, 0.1889, 0.0667, 0.6704, 0.2500, 0.6810, 0.7583, 0.7410,
        0.5417, 0.3500, 0.9101, 0.6667, 0.5556, 0.2333, 0.0444])
tensor([0.1833, 0.6625, 0.5960, 0.6733, 0.7288, 0.2857, 0.0133, 0.6022, 0.6311,
        0.9688, 0.6561, 0.7357, 0.8319, 0.9292, 0.8963, 0.8667, 0.5533, 0.8444,
        0.5949, 0.0000, 0.0111, 0.1000, 0.7917, 0.3333, 0.1778, 0.7354, 0.6444,
        0.3500, 0.6600, 0.1889, 0.0667, 0.6593, 0.2333, 0.7381, 0.6667, 0.5872,
        0.4833, 0.3833, 0.9043, 0.6667, 0.4222, 0.2833, 0.0333])
tensor([0.1833, 0.6194, 0.5800, 0.6756, 0.7530, 0.3603, 0.0000, 0.5756, 0.6711,
        0.9688, 0.7061, 0.6810, 0.8232, 0.9347, 0.9000, 0.8667, 0.6467, 0.8583,
        0.6154, 0.0667, 0.0111, 0.1444, 0.8750, 0.3333, 0.1333, 0.7437, 0.6667,
        0.3333, 0.6133, 0.1778, 0.1133, 0.6593, 0.2167, 0.6571, 0.7333, 0.5923,
        0.5000, 0.3333, 0.8797, 0.6667, 0.4889, 0.3000, 0.0111])
tensor([0.2167, 0.5514, 0.4640, 0.6556, 0.5879, 0.4460, 0.0000, 0.6178, 0.6822,
        0.9542, 0.6788, 0.6500, 0.8087, 0.9042, 0.8630, 0.8429, 0.5867, 0.8694,
        0.6231, 0.0167, 0.0556, 0.0222, 0.7250, 0.1133, 0.0556, 0.7125, 0.6944,
        0.2833, 0.6267, 0.2111, 0.0667, 0.5593, 0.3167, 0.7524, 0.6250, 0.4538,
        0.4833, 0.3000, 0.8435, 0.6667, 0.3778, 0.0833, 0.0111])
tensor([0.2333, 0.4958, 0.3880, 0.7222, 0.5470, 0.5032, 0.0000, 0.6178, 0.7089,
        0.9563, 0.6788, 0.6286, 0.8159, 0.8889, 0.8407, 0.8429, 0.6467, 0.8694,
        0.6077, 0.0500, 0.0778, 0.1111, 0.7417, 0.0867, 0.0556, 0.7104, 0.7000,
        0.3000, 0.5867, 0.1444, 0.1000, 0.5556, 0.3333, 0.6524, 0.6333, 0.4846,
        0.3083, 0.2000, 0.7797, 0.6333, 0.3556, 0.2667, 0.0889])
tensor([0.2500, 0.4000, 0.3867, 0.7111, 0.6394, 0.5746, 0.0267, 0.5956, 0.6689,
        0.9604, 0.7136, 0.6405, 0.8072, 0.8806, 0.9037, 0.8810, 0.5667, 0.8167,
        0.6923, 0.0000, 0.0333, 0.0000, 0.6667, 0.1200, 0.0556, 0.6771, 0.6722,
        0.3000, 0.6000, 0.2111, 0.1133, 0.5148, 0.3333, 0.8857, 0.5750, 0.3744,
        0.4417, 0.2000, 0.7696, 0.6444, 0.1889, 0.1167, 0.0667])
tensor([0.2000, 0.4319, 0.4747, 0.6467, 0.7652, 0.5524, 0.0333, 0.6133, 0.6978,
        0.9708, 0.8136, 0.7857, 0.8464, 0.9458, 0.9111, 0.8524, 0.6333, 0.8556,
        0.7051, 0.0000, 0.0222, 0.1222, 0.7667, 0.2067, 0.2000, 0.7521, 0.6556,
        0.3167, 0.6667, 0.3000, 0.1933, 0.5556, 0.3167, 0.8286, 0.6417, 0.5590,
        0.5750, 0.5333, 0.9072, 0.6778, 0.5444, 0.3000, 0.2889])
tensor([0.1500, 0.7028, 0.5373, 0.5711, 0.9106, 0.5222, 0.0933, 0.6044, 0.6867,
        0.9542, 0.8091, 0.6167, 0.8493, 0.9542, 0.9185, 0.8095, 0.6267, 0.8333,
        0.7667, 0.0000, 0.0556, 0.3000, 0.8417, 0.1933, 0.2222, 0.7833, 0.5500,
        0.2500, 0.6733, 0.3444, 0.3267, 0.5556, 0.2167, 0.5857, 0.6750, 0.6462,
        0.7000, 0.3333, 0.9594, 0.6889, 0.7444, 0.3333, 0.4000])
tensor([0.1333, 0.8069, 0.6013, 0.5911, 0.9061, 0.4397, 0.1067, 0.7578, 0.5733,
        0.9021, 0.8242, 0.4667, 0.8246, 0.9556, 0.9222, 0.8286, 0.6333, 0.7583,
        0.7718, 0.1333, 0.0111, 0.2667, 0.8667, 0.3800, 0.2778, 0.8083, 0.4111,
        0.3833, 0.5733, 0.4556, 0.1733, 0.6444, 0.2167, 0.7667, 0.6917, 0.6103,
        0.6917, 0.3667, 0.9696, 0.8333, 0.6667, 0.5167, 0.4444])
tensor([0.1833, 0.8181, 0.7160, 0.6356, 0.9000, 0.3111, 0.0800, 0.6133, 0.6022,
        0.9708, 0.8091, 0.4833, 0.8478, 0.9583, 0.9481, 0.8524, 0.5733, 0.7972,
        0.7769, 0.0667, 0.0556, 0.2333, 0.8583, 0.4733, 0.2444, 0.8062, 0.3778,
        0.3333, 0.6267, 0.4444, 0.2000, 0.7185, 0.2500, 0.7095, 0.7333, 0.6744,
        0.6917, 0.2833, 0.9667, 0.7667, 0.6667, 0.3667, 0.3333])
tensor([0.2167, 0.7931, 0.7213, 0.6178, 0.9152, 0.2524, 0.0333, 0.6422, 0.6467,
        0.9833, 0.7833, 0.5286, 0.8536, 0.9625, 0.9630, 0.8905, 0.6267, 0.8056,
        0.7641, 0.2167, 0.0333, 0.2444, 0.8750, 0.5733, 0.3000, 0.8208, 0.5278,
        0.4000, 0.7267, 0.3889, 0.1733, 0.7444, 0.3167, 0.7714, 0.7333, 0.6103,
        0.6833, 0.4000, 0.9536, 0.7000, 0.6556, 0.4833, 0.3333])
tensor([0.2167, 0.7833, 0.6920, 0.6400, 0.9273, 0.3333, 0.0667, 0.6089, 0.6400,
        0.9833, 0.7985, 0.6238, 0.8580, 0.9583, 0.9667, 0.9524, 0.6733, 0.7861,
        0.7179, 0.1667, 0.0667, 0.2667, 0.8417, 0.6733, 0.3444, 0.8208, 0.6722,
        0.4000, 0.7267, 0.3667, 0.2133, 0.7815, 0.4000, 0.7952, 0.7250, 0.6615,
        0.6750, 0.3833, 0.9551, 0.7222, 0.6556, 0.4667, 0.3889])
tensor([0.2167, 0.7778, 0.7133, 0.6622, 0.9364, 0.3365, 0.0533, 0.6889, 0.6111,
        0.9792, 0.7879, 0.6643, 0.8681, 0.9569, 0.9704, 0.9476, 0.7333, 0.8278,
        0.7205, 0.6667, 0.0222, 0.3333, 0.8667, 0.6733, 0.3889, 0.7750, 0.7278,
        0.4667, 0.7467, 0.4667, 0.2400, 0.8185, 0.4000, 0.7667, 0.6917, 0.7667,
        0.6667, 0.5500, 0.9493, 0.6778, 0.6111, 0.4667, 0.3000])
tensor([0.2667, 0.8208, 0.7573, 0.6244, 0.9197, 0.2302, 0.0733, 0.6867, 0.6156,
        0.9792, 0.7758, 0.6786, 0.8667, 0.9403, 0.9630, 0.9333, 0.7333, 0.8778,
        0.7077, 0.2500, 0.1222, 0.3778, 0.8333, 0.6467, 0.3444, 0.7833, 0.7111,
        0.4833, 0.7667, 0.6111, 0.1000, 0.8407, 0.3667, 0.7762, 0.7750, 0.7872,
        0.6917, 0.4667, 0.9188, 0.6667, 0.6111, 0.3833, 0.3444])
tensor([0.2833, 0.8333, 0.8120, 0.6200, 0.8758, 0.1778, 0.1267, 0.7267, 0.6089,
        0.9771, 0.7985, 0.6929, 0.8652, 0.9569, 0.9889, 0.9095, 0.7600, 0.8889,
        0.6949, 0.4167, 0.0889, 0.4000, 0.8833, 0.6933, 0.4000, 0.7896, 0.6778,
        0.4667, 0.7867, 0.6000, 0.1800, 0.8296, 0.4000, 0.8095, 0.7750, 0.7744,
        0.6417, 0.4667, 0.9203, 0.6667, 0.6000, 0.5167, 0.3333])
tensor([0.2333, 0.8181, 0.8427, 0.5800, 0.8894, 0.1746, 0.1533, 0.7622, 0.6622,
        0.9854, 0.8485, 0.7571, 0.8623, 0.9611, 0.9889, 0.9238, 0.7533, 0.8917,
        0.6872, 0.4500, 0.0889, 0.4333, 0.8833, 0.8400, 0.3667, 0.7958, 0.6833,
        0.4333, 0.7800, 0.5667, 0.1467, 0.8259, 0.4500, 0.7714, 0.8333, 0.7744,
        0.6667, 0.4000, 0.9435, 0.6889, 0.6778, 0.4500, 0.4778])
tensor([0.3000, 0.8042, 0.8560, 0.5778, 0.8848, 0.1825, 0.1667, 0.7400, 0.6422,
        0.9875, 0.8652, 0.7667, 0.8667, 0.9694, 0.9815, 0.9095, 0.6800, 0.8611,
        0.7205, 0.6500, 0.0333, 0.4000, 0.8167, 0.7400, 0.5111, 0.8062, 0.6278,
        0.4667, 0.7800, 0.4222, 0.3200, 0.8111, 0.5667, 0.8667, 0.7833, 0.7718,
        0.6583, 0.4000, 0.9507, 0.9000, 0.7000, 0.5833, 0.3667])
tensor([0.3667, 0.7986, 0.8160, 0.5578, 0.9045, 0.2492, 0.1533, 0.6911, 0.6578,
        0.9812, 0.8561, 0.6548, 0.8522, 0.9611, 0.9667, 0.9143, 0.6533, 0.8611,
        0.7590, 0.3667, 0.1222, 0.3333, 0.8333, 0.6067, 0.3222, 0.7875, 0.6167,
        0.4500, 0.7667, 0.5667, 0.2800, 0.7519, 0.6000, 0.8429, 0.8000, 0.7487,
        0.6750, 0.4167, 0.9522, 0.9444, 0.7444, 0.5667, 0.4889])
tensor([0.3833, 0.7986, 0.7613, 0.5956, 0.9091, 0.3270, 0.2400, 0.7311, 0.6911,
        0.9833, 0.8545, 0.5714, 0.8667, 0.9597, 0.9704, 0.9000, 0.6400, 0.8083,
        0.7667, 0.2333, 0.0444, 0.3333, 0.8333, 0.6067, 0.5000, 0.7979, 0.5833,
        0.3833, 0.7200, 0.3889, 0.3467, 0.7704, 0.5667, 0.8619, 0.8000, 0.7410,
        0.7000, 0.5167, 0.9522, 0.9111, 0.7000, 0.5833, 0.4222])
