tensor([1., 0., 0., 0., 0., 0., 0., 0., 0., 0., 0., 0., 0., 0., 0., 0., 0., 0.,
        0., 0., 0., 0., 0., 0., 0., 0., 0., 0., 0., 0., 0., 0., 0., 0., 0., 0.,
        0., 0., 0., 0., 0., 0., 0.])
tensor([0.0000, 0.0000, 0.0000, 0.0000, 0.0000, 0.0000, 0.0000, 0.0000, 0.0000,
        0.0000, 0.0045, 0.0000, 0.0000, 0.0000, 0.0000, 0.0000, 0.0000, 0.0000,
        0.0000, 0.0000, 0.0000, 0.0000, 0.0000, 0.0000, 0.0000, 0.0000, 0.0000,
        0.0000, 0.0000, 0.0000, 0.0000, 0.0000, 0.0000, 0.0000, 0.0000, 0.0000,
        0.0000, 0.0000, 1.0000, 0.0000, 0.0000, 0.0000, 0.0000])
tensor([0.0000, 0.2264, 0.3667, 0.0000, 0.0000, 0.0000, 0.0000, 0.0000, 0.0000,
        0.0000, 0.0000, 0.0000, 0.1145, 0.1153, 0.0000, 0.0000, 0.0000, 0.0000,
        0.0000, 0.0000, 0.0000, 0.0000, 0.0000, 0.0000, 0.0000, 0.0000, 0.0000,
        0.0000, 0.0000, 0.0000, 0.0000, 0.0000, 0.0000, 0.0000, 0.0000, 0.0000,
        0.0000, 0.0000, 0.6000, 0.0000, 0.0000, 0.0000, 0.0000])
tensor([0.0000, 0.4319, 0.2160, 0.0000, 0.0000, 0.0000, 0.0000, 0.0000, 0.0000,
        0.0000, 0.8939, 0.0000, 0.0754, 0.1778, 0.0000, 0.0000, 0.0000, 0.0000,
        0.0000, 0.0000, 0.0000, 0.0000, 0.0000, 0.0000, 0.0000, 0.0000, 0.0000,
        0.0000, 0.0000, 0.0000, 0.0000, 0.0000, 0.0000, 0.0000, 0.0000, 0.0000,
        0.0000, 0.0000, 0.1275, 0.0000, 0.0000, 0.0000, 0.0000])
tensor([0.0000, 0.4556, 0.1400, 0.0000, 0.0015, 0.0000, 0.0000, 0.0000, 0.0000,
        0.0000, 0.8970, 0.0000, 0.1130, 0.4236, 0.0000, 0.0000, 0.0000, 0.0000,
        0.0000, 0.0000, 0.0000, 0.0000, 0.0000, 0.0000, 0.0000, 0.0000, 0.0000,
        0.0000, 0.0000, 0.0000, 0.0000, 0.0000, 0.0000, 0.0000, 0.0000, 0.0000,
        0.0000, 0.0000, 0.1058, 0.0000, 0.0000, 0.0000, 0.0000])
tensor([0.0000, 0.4917, 0.1413, 0.0000, 0.0121, 0.0000, 0.0000, 0.0000, 0.0000,
        0.0000, 0.8682, 0.0000, 0.1246, 0.5083, 0.0000, 0.0000, 0.0000, 0.0000,
        0.0000, 0.0000, 0.0000, 0.0000, 0.0000, 0.0000, 0.0000, 0.0000, 0.0000,
        0.0000, 0.0000, 0.0000, 0.0000, 0.0000, 0.0000, 0.0000, 0.0000, 0.0000,
        0.0000, 0.0000, 0.1565, 0.0000, 0.0000, 0.0000, 0.0000])
tensor([0.0000, 0.5236, 0.1467, 0.0000, 0.0606, 0.0000, 0.0000, 0.0000, 0.0000,
        0.0000, 0.8424, 0.0000, 0.2116, 0.6181, 0.0000, 0.0000, 0.0000, 0.0000,
        0.0000, 0.0000, 0.0000, 0.0000, 0.0000, 0.0000, 0.0000, 0.0000, 0.0000,
        0.0000, 0.0000, 0.0000, 0.0000, 0.0000, 0.0000, 0.0000, 0.0000, 0.0000,
        0.0000, 0.0000, 0.2159, 0.0000, 0.0000, 0.0000, 0.0000])
tensor([0.0000, 0.4806, 0.2373, 0.0000, 0.0864, 0.0000, 0.0000, 0.0000, 0.0000,
        0.0000, 0.8515, 0.0000, 0.4899, 0.6917, 0.0000, 0.0000, 0.0000, 0.6472,
        0.0000, 0.0000, 0.0000, 0.0000, 0.0000, 0.0000, 0.0000, 0.0000, 0.0000,
        0.0000, 0.0000, 0.0000, 0.0000, 0.0000, 0.0000, 0.0000, 0.0000, 0.0000,
        0.0000, 0.0000, 0.6159, 0.0000, 0.0000, 0.0000, 0.0000])
tensor([0.0000, 0.4153, 0.3613, 0.1022, 0.0894, 0.0556, 0.0000, 0.0000, 0.0511,
        0.0000, 0.8152, 0.1452, 0.6203, 0.8403, 0.1185, 0.0000, 0.0000, 0.8389,
        0.0487, 0.0000, 0.0000, 0.0000, 0.0000, 0.0000, 0.0000, 0.1146, 0.0000,
        0.0000, 0.0000, 0.0000, 0.0000, 0.0000, 0.0000, 0.0000, 0.0000, 0.2256,
        0.0000, 0.0000, 0.8928, 0.0000, 0.0000, 0.0000, 0.0000])
tensor([0.0000, 0.4222, 0.3333, 0.1756, 0.0894, 0.2508, 0.0000, 0.0067, 0.0667,
        0.3229, 0.8258, 0.6286, 0.7812, 0.8889, 0.5259, 0.0000, 0.0000, 0.8750,
        0.4077, 0.0000, 0.0000, 0.0000, 0.0000, 0.0000, 0.0000, 0.5792, 0.0056,
        0.0000, 0.0067, 0.0000, 0.0000, 0.0000, 0.0000, 0.0619, 0.0000, 0.3436,
        0.0000, 0.0000, 0.8493, 0.0000, 0.0000, 0.0000, 0.0000])
tensor([0.0000, 0.5083, 0.3360, 0.2333, 0.2818, 0.1794, 0.0000, 0.2733, 0.2289,
        0.5833, 0.8606, 0.7333, 0.7986, 0.9042, 0.7926, 0.0381, 0.2933, 0.8694,
        0.5231, 0.0000, 0.0000, 0.0000, 0.1250, 0.0000, 0.0000, 0.8042, 0.2722,
        0.0000, 0.1000, 0.0000, 0.0000, 0.1519, 0.0000, 0.5381, 0.0000, 0.4821,
        0.0000, 0.0000, 0.9072, 0.4667, 0.0000, 0.0000, 0.0000])
tensor([0.0000, 0.5917, 0.3840, 0.3333, 0.3636, 0.2921, 0.3667, 0.3822, 0.3222,
        0.7229, 0.8803, 0.8095, 0.8101, 0.9250, 0.8630, 0.5810, 0.6267, 0.8611,
        0.5615, 0.0000, 0.0000, 0.0111, 0.4917, 0.0933, 0.0000, 0.8208, 0.3389,
        0.0000, 0.3867, 0.0000, 0.0000, 0.4370, 0.2167, 0.9143, 0.1500, 0.6923,
        0.2500, 0.1500, 0.9188, 0.6667, 0.3222, 0.0333, 0.0000])
tensor([0.0000, 0.5750, 0.4587, 0.6356, 0.6015, 0.4317, 0.3733, 0.4644, 0.5089,
        0.7771, 0.8939, 0.8476, 0.8391, 0.9431, 0.9111, 0.7905, 0.7333, 0.8889,
        0.5923, 0.0000, 0.0000, 0.0333, 0.6833, 0.2867, 0.0000, 0.8167, 0.5389,
        0.0000, 0.6200, 0.0000, 0.0200, 0.6148, 0.6500, 0.8905, 0.7417, 0.8231,
        0.4500, 0.6500, 0.9464, 0.6667, 0.3333, 0.2167, 0.0333])
tensor([0.0000, 0.5986, 0.6267, 0.7444, 0.5803, 0.5032, 0.4333, 0.4800, 0.6844,
        0.8188, 0.9136, 0.8333, 0.8522, 0.9556, 0.9296, 0.8857, 0.8267, 0.9056,
        0.5744, 0.0000, 0.0667, 0.0889, 0.7917, 0.4533, 0.0000, 0.8167, 0.6389,
        0.0667, 0.7133, 0.0444, 0.1133, 0.6741, 0.7333, 0.9143, 0.8250, 0.8821,
        0.7500, 0.7500, 0.9507, 0.6667, 0.3333, 0.4500, 0.3111])
tensor([0.0000, 0.6375, 0.7227, 0.7978, 0.6364, 0.5683, 0.5333, 0.5311, 0.7467,
        0.8646, 0.9288, 0.8548, 0.8754, 0.9694, 0.9481, 0.8905, 0.8733, 0.9444,
        0.5872, 0.0000, 0.2667, 0.1778, 0.8250, 0.5200, 0.0111, 0.8333, 0.6611,
        0.1833, 0.7400, 0.2333, 0.3333, 0.7074, 0.8333, 0.9238, 0.8583, 0.8974,
        0.9000, 0.7833, 0.9449, 0.6667, 0.4111, 0.5000, 0.5111])
tensor([0.0000, 0.6292, 0.7933, 0.8400, 0.6879, 0.5698, 0.6200, 0.5822, 0.7889,
        0.9208, 0.9348, 0.8690, 0.8812, 0.9681, 0.9704, 0.9238, 0.9200, 0.9528,
        0.6051, 0.0167, 0.3778, 0.2333, 0.8917, 0.5600, 0.0667, 0.8604, 0.6722,
        0.2833, 0.7667, 0.2667, 0.3867, 0.7741, 0.8833, 0.9286, 0.8750, 0.9590,
        0.9083, 0.7833, 0.9536, 0.6667, 0.6889, 0.5167, 0.6444])
tensor([0.0000, 0.7208, 0.7547, 0.8733, 0.7167, 0.6460, 0.6267, 0.6578, 0.8111,
        0.9292, 0.9379, 0.8738, 0.8899, 0.9736, 0.9778, 0.9476, 0.9267, 0.9583,
        0.5821, 0.0833, 0.4000, 0.3222, 0.9083, 0.5733, 0.1111, 0.8542, 0.7278,
        0.2667, 0.7400, 0.5111, 0.4600, 0.7815, 0.9167, 0.9333, 0.8750, 0.9615,
        0.9417, 0.7833, 0.9464, 0.6667, 0.8333, 0.5500, 0.7444])
tensor([0.0000, 0.7167, 0.8333, 0.8867, 0.7515, 0.6413, 0.6467, 0.7200, 0.8289,
        0.9458, 0.9561, 0.8952, 0.9145, 0.9750, 0.9815, 0.9429, 0.9400, 0.9611,
        0.6128, 0.2833, 0.4111, 0.3444, 0.9250, 0.6067, 0.1556, 0.8792, 0.7556,
        0.3167, 0.7600, 0.5333, 0.5067, 0.7963, 0.9833, 0.9476, 0.8833, 0.9744,
        0.9500, 0.7833, 0.9478, 0.6778, 0.8556, 0.5667, 0.8333])
tensor([0.0167, 0.7458, 0.8187, 0.8911, 0.7864, 0.7317, 0.6867, 0.7489, 0.8422,
        0.9458, 0.9621, 0.8810, 0.9319, 0.9778, 0.9852, 0.9619, 0.9400, 0.9694,
        0.6333, 0.3000, 0.4556, 0.3556, 0.9333, 0.6600, 0.2000, 0.8854, 0.7389,
        0.3500, 0.7933, 0.5667, 0.5267, 0.8037, 0.9833, 0.9190, 0.8833, 0.9744,
        0.9417, 0.8167, 0.9493, 0.6889, 0.9000, 0.6167, 0.8778])
tensor([0.0167, 0.7444, 0.8627, 0.9133, 0.8121, 0.7302, 0.6933, 0.7622, 0.8644,
        0.9563, 0.9667, 0.9024, 0.9406, 0.9778, 0.9889, 0.9762, 0.9400, 0.9778,
        0.6744, 0.3833, 0.5000, 0.3444, 0.9167, 0.6333, 0.2556, 0.8938, 0.7333,
        0.3833, 0.8200, 0.5667, 0.5600, 0.8185, 1.0000, 0.9476, 0.9250, 0.9744,
        0.9583, 0.8167, 0.9507, 0.7444, 0.9333, 0.6167, 0.8889])
tensor([0.0667, 0.7569, 0.8733, 0.9067, 0.8258, 0.7651, 0.7133, 0.7778, 0.8800,
        0.9583, 0.9652, 0.8881, 0.9464, 0.9764, 0.9889, 0.9762, 0.9400, 0.9694,
        0.6692, 0.4167, 0.5444, 0.3778, 0.9333, 0.6933, 0.3556, 0.8958, 0.7667,
        0.4000, 0.8333, 0.5889, 0.6000, 0.8333, 1.0000, 0.9476, 0.9250, 0.9821,
        0.9500, 0.8333, 0.9609, 0.9000, 0.9444, 0.6167, 0.9111])
tensor([0.0333, 0.8319, 0.8613, 0.9178, 0.8348, 0.7841, 0.7133, 0.7933, 0.8956,
        0.9771, 0.9697, 0.8929, 0.9507, 0.9806, 0.9889, 0.9810, 0.9400, 0.9806,
        0.6897, 0.4667, 0.5556, 0.3889, 0.9250, 0.7533, 0.3667, 0.8958, 0.7556,
        0.4000, 0.8667, 0.6333, 0.6200, 0.8519, 1.0000, 0.9571, 0.9333, 0.9795,
        0.9500, 0.8333, 0.9594, 0.7444, 0.9444, 0.6167, 0.9111])
tensor([0.1833, 0.8569, 0.8973, 0.9289, 0.8227, 0.8143, 0.7267, 0.8022, 0.9156,
        0.9729, 0.9697, 0.8857, 0.9478, 0.9819, 0.9889, 0.9810, 0.9400, 0.9750,
        0.6846, 0.4667, 0.6222, 0.4000, 0.9417, 0.7533, 0.4444, 0.9021, 0.7778,
        0.4167, 0.8733, 0.6667, 0.6467, 0.8630, 1.0000, 0.9524, 0.9417, 0.9821,
        0.9500, 0.8667, 0.9565, 0.7556, 0.9222, 0.6333, 0.9111])
tensor([0.2000, 0.8528, 0.9093, 0.9267, 0.8530, 0.8079, 0.7200, 0.8089, 0.9133,
        0.9812, 0.9712, 0.8833, 0.9594, 0.9819, 0.9889, 0.9810, 0.9467, 0.9778,
        0.7051, 0.4667, 0.6333, 0.4000, 0.9417, 0.8000, 0.4556, 0.9104, 0.7722,
        0.4167, 0.9000, 0.7111, 0.6867, 0.8741, 1.0000, 0.9619, 0.9583, 0.9821,
        0.9500, 0.8667, 0.9594, 0.7889, 0.9333, 0.6333, 0.9222])
tensor([0.2167, 0.8722, 0.9120, 0.9222, 0.8439, 0.8381, 0.7333, 0.8156, 0.9311,
        0.9812, 0.9742, 0.9119, 0.9551, 0.9819, 0.9889, 0.9810, 0.9467, 0.9778,
        0.7179, 0.4667, 0.7111, 0.3889, 0.9583, 0.8200, 0.4889, 0.9083, 0.7667,
        0.4167, 0.9000, 0.7667, 0.6733, 0.8741, 1.0000, 0.9619, 0.9583, 0.9821,
        0.9500, 0.8667, 0.9638, 0.8111, 0.9333, 0.6667, 0.9222])
tensor([0.2500, 0.8819, 0.9173, 0.9289, 0.8545, 0.8333, 0.7533, 0.8200, 0.9400,
        0.9833, 0.9742, 0.9119, 0.9522, 0.9847, 0.9926, 0.9857, 0.9467, 0.9778,
        0.7179, 0.4667, 0.7000, 0.4444, 0.9583, 0.8133, 0.5667, 0.9104, 0.8056,
        0.4333, 0.9067, 0.8000, 0.7133, 0.9074, 1.0000, 0.9619, 0.9833, 0.9821,
        0.9500, 0.8667, 0.9580, 0.7889, 0.9111, 0.6667, 0.9222])
tensor([0.2833, 0.8944, 0.9240, 0.9356, 0.8758, 0.8381, 0.7533, 0.8200, 0.9444,
        0.9917, 0.9742, 0.9048, 0.9522, 0.9847, 0.9926, 0.9857, 0.9467, 0.9778,
        0.7385, 0.4833, 0.7889, 0.4333, 0.9583, 0.8333, 0.5778, 0.9042, 0.7944,
        0.4333, 0.9067, 0.8000, 0.7133, 0.9185, 1.0000, 0.9571, 0.9833, 0.9821,
        0.9500, 0.8667, 0.9638, 0.8889, 0.9222, 0.7000, 0.9333])
tensor([0.2667, 0.8986, 0.9160, 0.9200, 0.8788, 0.8508, 0.7667, 0.8244, 0.9467,
        0.9875, 0.9742, 0.8976, 0.9435, 0.9847, 0.9926, 0.9905, 0.9467, 0.9778,
        0.7359, 0.4833, 0.8111, 0.5556, 0.9583, 0.8267, 0.5889, 0.9083, 0.8056,
        0.4500, 0.9000, 0.8222, 0.7333, 0.9259, 1.0000, 0.9619, 0.9833, 0.9821,
        0.9500, 0.8667, 0.9623, 0.8889, 0.9222, 0.7167, 0.9444])
tensor([0.3000, 0.9083, 0.9213, 0.9200, 0.8803, 0.8508, 0.7600, 0.8222, 0.9489,
        0.9896, 0.9773, 0.9095, 0.9580, 0.9847, 0.9926, 0.9952, 0.9467, 0.9750,
        0.7410, 0.4833, 0.8333, 0.5333, 0.9667, 0.8667, 0.6000, 0.9125, 0.8111,
        0.4500, 0.9067, 0.8556, 0.7133, 0.9407, 1.0000, 0.9619, 0.9833, 0.9821,
        0.9500, 0.8833, 0.9623, 0.8889, 0.8667, 0.7167, 0.9444])
tensor([0.3333, 0.9111, 0.9280, 0.9333, 0.8848, 0.8429, 0.7733, 0.8378, 0.9511,
        0.9875, 0.9788, 0.9095, 0.9565, 0.9847, 0.9926, 0.9952, 0.9667, 0.9806,
        0.7436, 0.5167, 0.8333, 0.4889, 0.9583, 0.8933, 0.6444, 0.9146, 0.8167,
        0.4333, 0.9133, 0.8667, 0.7400, 0.9481, 1.0000, 0.9619, 0.9833, 0.9821,
        0.9500, 0.8833, 0.9623, 0.8889, 0.8778, 0.7333, 0.9444])
tensor([0.3667, 0.9097, 0.9253, 0.9356, 0.8924, 0.8492, 0.7667, 0.8333, 0.9511,
        0.9875, 0.9818, 0.9190, 0.9522, 0.9847, 0.9963, 0.9952, 0.9667, 0.9778,
        0.7615, 0.5000, 0.8444, 0.5444, 0.9750, 0.9000, 0.6556, 0.9146, 0.8167,
        0.4667, 0.9133, 0.8667, 0.7467, 0.9519, 1.0000, 0.9667, 0.9917, 0.9821,
        0.9583, 0.8833, 0.9652, 0.8778, 0.8667, 0.7333, 0.9444])
tensor([0.4000, 0.9181, 0.9160, 0.9356, 0.8864, 0.8476, 0.7667, 0.8356, 0.9578,
        0.9875, 0.9818, 0.9190, 0.9638, 0.9861, 0.9889, 0.9952, 0.9667, 0.9750,
        0.7590, 0.5500, 0.8556, 0.5000, 0.9583, 0.8933, 0.6556, 0.9146, 0.8167,
        0.4667, 0.9133, 0.8889, 0.7400, 0.9556, 1.0000, 0.9667, 0.9917, 0.9846,
        0.9583, 0.9000, 0.9652, 0.8556, 0.8667, 0.7333, 0.9444])
tensor([0.4000, 0.9278, 0.9307, 0.9400, 0.8864, 0.8476, 0.7733, 0.8400, 0.9533,
        0.9875, 0.9818, 0.9238, 0.9696, 0.9861, 0.9963, 0.9952, 0.9733, 0.9750,
        0.7641, 0.5833, 0.8667, 0.5667, 0.9750, 0.9133, 0.6667, 0.9146, 0.8167,
        0.4667, 0.9133, 0.8889, 0.7667, 0.9556, 1.0000, 0.9762, 0.9917, 0.9846,
        0.9583, 0.9167, 0.9652, 0.9000, 0.8778, 0.7500, 0.9444])
tensor([0.4333, 0.9319, 0.9213, 0.9400, 0.8773, 0.8667, 0.7667, 0.8400, 0.9578,
        0.9896, 0.9818, 0.9190, 0.9609, 0.9861, 0.9963, 0.9952, 0.9733, 0.9778,
        0.7667, 0.6333, 0.8778, 0.5556, 0.9917, 0.9000, 0.6778, 0.9125, 0.8222,
        0.4667, 0.9133, 0.9111, 0.7667, 0.9593, 1.0000, 0.9762, 0.9917, 0.9846,
        0.9583, 0.9167, 0.9667, 0.9000, 0.8556, 0.7500, 0.9556])
tensor([0.4333, 0.9347, 0.9213, 0.9444, 0.8955, 0.8667, 0.7667, 0.8578, 0.9600,
        0.9917, 0.9818, 0.9262, 0.9768, 0.9875, 0.9926, 1.0000, 0.9733, 0.9722,
        0.7615, 0.6333, 0.8778, 0.6000, 0.9833, 0.9133, 0.6778, 0.9125, 0.8278,
        0.4667, 0.9200, 0.8889, 0.7600, 0.9556, 1.0000, 0.9762, 0.9917, 0.9846,
        0.9583, 0.9500, 0.9667, 0.8667, 0.8333, 0.7833, 0.9556])
tensor([0.4000, 0.9403, 0.9213, 0.9356, 0.8955, 0.8714, 0.7667, 0.8489, 0.9622,
        0.9875, 0.9833, 0.9262, 0.9725, 0.9861, 0.9926, 0.9952, 0.9733, 0.9750,
        0.7564, 0.6833, 0.9000, 0.5444, 0.9833, 0.9067, 0.6778, 0.9125, 0.8333,
        0.4667, 0.9133, 0.8889, 0.7533, 0.9630, 1.0000, 0.9762, 0.9917, 0.9846,
        0.9583, 0.9500, 0.9681, 0.9000, 0.8444, 0.7833, 0.9556])
tensor([0.5333, 0.9333, 0.9347, 0.9378, 0.9000, 0.8635, 0.7733, 0.8467, 0.9622,
        0.9917, 0.9833, 0.9286, 0.9696, 0.9861, 0.9889, 0.9952, 0.9733, 0.9750,
        0.7744, 0.6833, 0.9000, 0.6111, 0.9917, 0.9133, 0.7333, 0.9146, 0.8333,
        0.4667, 0.9267, 0.8889, 0.7667, 0.9593, 1.0000, 0.9762, 0.9917, 0.9846,
        0.9583, 0.9500, 0.9681, 0.9000, 0.8444, 0.7833, 0.9556])
tensor([0.5500, 0.9389, 0.9293, 0.9378, 0.8970, 0.8714, 0.7867, 0.8600, 0.9600,
        0.9917, 0.9833, 0.9381, 0.9783, 0.9903, 0.9889, 0.9952, 0.9733, 0.9694,
        0.7641, 0.7167, 0.9222, 0.5889, 0.9917, 0.9333, 0.7333, 0.9167, 0.8389,
        0.4667, 0.9267, 0.8889, 0.7600, 0.9593, 1.0000, 0.9762, 0.9917, 0.9872,
        0.9583, 0.9667, 0.9739, 0.9000, 0.8444, 0.7833, 0.9667])
tensor([0.5000, 0.9417, 0.9293, 0.9467, 0.8970, 0.8667, 0.7733, 0.8578, 0.9600,
        0.9917, 0.9833, 0.9357, 0.9768, 0.9931, 0.9889, 1.0000, 0.9733, 0.9722,
        0.7821, 0.8000, 0.9000, 0.6444, 0.9917, 0.9133, 0.7333, 0.9104, 0.8444,
        0.4667, 0.9333, 0.8778, 0.7600, 0.9593, 1.0000, 0.9762, 0.9917, 0.9872,
        0.9583, 0.9667, 0.9681, 0.9000, 0.8333, 0.8000, 0.9667])
tensor([0.5500, 0.9444, 0.9333, 0.9467, 0.9061, 0.8603, 0.7733, 0.8644, 0.9578,
        0.9917, 0.9848, 0.9357, 0.9768, 0.9931, 0.9889, 0.9952, 0.9733, 0.9722,
        0.7718, 0.7833, 0.9444, 0.6444, 0.9833, 0.9333, 0.8000, 0.9146, 0.8444,
        0.4667, 0.9333, 0.8889, 0.7667, 0.9593, 1.0000, 0.9762, 0.9917, 0.9872,
        0.9667, 0.9667, 0.9725, 0.9000, 0.8444, 0.8000, 0.9667])
tensor([0.5333, 0.9514, 0.9293, 0.9444, 0.9061, 0.8683, 0.8000, 0.8511, 0.9578,
        0.9917, 0.9864, 0.9429, 0.9768, 0.9931, 0.9889, 1.0000, 0.9733, 0.9694,
        0.7795, 0.8000, 0.9778, 0.6444, 0.9833, 0.9467, 0.7889, 0.9125, 0.8500,
        0.4667, 0.9267, 0.8889, 0.7600, 0.9593, 1.0000, 0.9762, 0.9917, 0.9872,
        0.9750, 0.9667, 0.9710, 0.9111, 0.8333, 0.8000, 0.9667])
tensor([0.5333, 0.9431, 0.9360, 0.9489, 0.9106, 0.8683, 0.8000, 0.8644, 0.9533,
        0.9917, 0.9864, 0.9405, 0.9783, 0.9944, 0.9889, 1.0000, 0.9733, 0.9694,
        0.7846, 0.8000, 0.9444, 0.6556, 0.9917, 0.9467, 0.7889, 0.9104, 0.8500,
        0.4833, 0.9400, 0.8889, 0.7600, 0.9593, 1.0000, 0.9810, 0.9917, 0.9872,
        0.9750, 0.9667, 0.9710, 0.9111, 0.8333, 0.8000, 0.9667])
tensor([0.5667, 0.9486, 0.9427, 0.9444, 0.9045, 0.8698, 0.8000, 0.8756, 0.9578,
        0.9917, 0.9864, 0.9405, 0.9783, 0.9944, 0.9889, 0.9952, 0.9667, 0.9639,
        0.7821, 0.8000, 0.9778, 0.6444, 0.9917, 0.9533, 0.8000, 0.9062, 0.8500,
        0.4833, 0.9400, 0.8889, 0.7533, 0.9593, 1.0000, 0.9762, 0.9917, 0.9872,
        0.9750, 0.9667, 0.9725, 0.9333, 0.8333, 0.8000, 0.9667])
tensor([0.5667, 0.9500, 0.9480, 0.9511, 0.9076, 0.8619, 0.8000, 0.8689, 0.9533,
        0.9937, 0.9864, 0.9381, 0.9783, 0.9944, 0.9889, 1.0000, 0.9667, 0.9639,
        0.8000, 0.8000, 0.9778, 0.6778, 0.9917, 0.9400, 0.7889, 0.8896, 0.8500,
        0.4833, 0.9400, 0.8889, 0.7600, 0.9630, 1.0000, 0.9810, 0.9917, 0.9872,
        0.9750, 0.9667, 0.9696, 0.9444, 0.8333, 0.8000, 0.9667])
tensor([0.5667, 0.9486, 0.9427, 0.9444, 0.9091, 0.8746, 0.8067, 0.8756, 0.9578,
        0.9917, 0.9879, 0.9500, 0.9768, 0.9944, 0.9889, 0.9952, 0.9733, 0.9639,
        0.7974, 0.8167, 0.9667, 0.6889, 0.9917, 0.9400, 0.8000, 0.9000, 0.8500,
        0.4833, 0.9400, 0.9222, 0.7400, 0.9593, 1.0000, 0.9810, 0.9917, 0.9872,
        0.9833, 0.9667, 0.9696, 0.9333, 0.8333, 0.8000, 0.9667])
tensor([0.5833, 0.9611, 0.9427, 0.9378, 0.9121, 0.8714, 0.8067, 0.8778, 0.9511,
        0.9917, 0.9879, 0.9452, 0.9783, 0.9944, 0.9889, 1.0000, 0.9733, 0.9556,
        0.7974, 0.8167, 0.9889, 0.6889, 0.9917, 0.9467, 0.8111, 0.8938, 0.8500,
        0.4833, 0.9400, 0.9222, 0.7667, 0.9593, 1.0000, 0.9762, 0.9917, 0.9872,
        0.9833, 0.9667, 0.9710, 0.9333, 0.8444, 0.8167, 0.9667])
tensor([0.6000, 0.9569, 0.9440, 0.9400, 0.9091, 0.8698, 0.8067, 0.8844, 0.9556,
        0.9937, 0.9894, 0.9452, 0.9783, 0.9944, 0.9889, 0.9952, 0.9733, 0.9639,
        0.8000, 0.8167, 0.9889, 0.7000, 0.9917, 0.9400, 0.8222, 0.8938, 0.8500,
        0.4833, 0.9400, 0.9111, 0.7667, 0.9593, 1.0000, 0.9762, 0.9917, 0.9872,
        0.9750, 0.9667, 0.9725, 0.9444, 0.8444, 0.8167, 0.9667])
tensor([0.5833, 0.9625, 0.9427, 0.9356, 0.9121, 0.8810, 0.8333, 0.8644, 0.9622,
        0.9917, 0.9879, 0.9548, 0.9783, 0.9944, 0.9889, 0.9952, 0.9800, 0.9639,
        0.8026, 0.8167, 0.9889, 0.6889, 0.9917, 0.9400, 0.8222, 0.8896, 0.8500,
        0.5333, 0.9400, 0.9333, 0.7600, 0.9593, 1.0000, 0.9762, 0.9917, 0.9872,
        0.9750, 0.9667, 0.9710, 0.9444, 0.8444, 0.8167, 0.9778])
tensor([0.6000, 0.9556, 0.9547, 0.9400, 0.9076, 0.8667, 0.8267, 0.8889, 0.9511,
        0.9937, 0.9879, 0.9619, 0.9783, 0.9944, 0.9926, 0.9905, 0.9733, 0.9556,
        0.8077, 0.8167, 0.9889, 0.7111, 0.9917, 0.9467, 0.8222, 0.8958, 0.8444,
        0.5500, 0.9467, 0.9333, 0.7467, 0.9593, 1.0000, 0.9762, 0.9917, 0.9872,
        0.9750, 0.9667, 0.9696, 0.9444, 0.8333, 0.8167, 0.9889])
tensor([0.6500, 0.9639, 0.9480, 0.9400, 0.9106, 0.8714, 0.8333, 0.8800, 0.9511,
        0.9917, 0.9909, 0.9595, 0.9754, 0.9944, 0.9889, 0.9952, 0.9733, 0.9556,
        0.8077, 0.8333, 0.9889, 0.7000, 0.9917, 0.9467, 0.8222, 0.8958, 0.8444,
        0.6167, 0.9467, 0.9333, 0.7600, 0.9593, 1.0000, 0.9762, 0.9917, 0.9872,
        0.9750, 0.9833, 0.9725, 0.9444, 0.8333, 0.8167, 0.9889])
tensor([0.6833, 0.9653, 0.9493, 0.9400, 0.9091, 0.8794, 0.8333, 0.8822, 0.9556,
        0.9937, 0.9924, 0.9714, 0.9783, 0.9944, 0.9889, 1.0000, 0.9733, 0.9500,
        0.8077, 0.8167, 0.9889, 0.7000, 0.9917, 0.9467, 0.8222, 0.8917, 0.8444,
        0.5500, 0.9467, 0.9333, 0.7533, 0.9630, 1.0000, 0.9762, 0.9833, 0.9872,
        0.9750, 0.9833, 0.9710, 0.9444, 0.8222, 0.8167, 0.9889])
tensor([0.6667, 0.9611, 0.9520, 0.9400, 0.9091, 0.8825, 0.8333, 0.8822, 0.9556,
        0.9958, 0.9909, 0.9690, 0.9783, 0.9944, 0.9889, 1.0000, 0.9733, 0.9528,
        0.8077, 0.8167, 0.9889, 0.7000, 0.9917, 0.9400, 0.8333, 0.8938, 0.8444,
        0.6333, 0.9533, 0.9444, 0.7467, 0.9667, 1.0000, 0.9762, 0.9917, 0.9897,
        0.9750, 0.9833, 0.9710, 0.9444, 0.8333, 0.8167, 0.9889])
tensor([0.7500, 0.9667, 0.9427, 0.9489, 0.9182, 0.8778, 0.8400, 0.8800, 0.9578,
        0.9896, 0.9909, 0.9548, 0.9783, 0.9944, 0.9889, 1.0000, 0.9933, 0.9528,
        0.8128, 0.9167, 0.9889, 0.7444, 0.9917, 0.9467, 0.8333, 0.8875, 0.8556,
        0.6333, 0.9600, 0.9333, 0.7600, 0.9667, 1.0000, 0.9762, 0.9917, 0.9897,
        0.9667, 0.9833, 0.9710, 0.9444, 0.8222, 0.8167, 0.9667])
tensor([0.7333, 0.9681, 0.9480, 0.9467, 0.9136, 0.8778, 0.8467, 0.8933, 0.9578,
        0.9937, 0.9924, 0.9714, 0.9783, 0.9944, 0.9963, 1.0000, 0.9733, 0.9556,
        0.8128, 0.9000, 0.9889, 0.7333, 0.9917, 0.9467, 0.8222, 0.8917, 0.8444,
        0.6333, 0.9600, 0.9444, 0.7733, 0.9593, 1.0000, 0.9762, 0.9917, 0.9897,
        0.9667, 0.9833, 0.9710, 0.9444, 0.8222, 0.8167, 0.9667])
tensor([0.7500, 0.9681, 0.9480, 0.9467, 0.9121, 0.8778, 0.8467, 0.8889, 0.9556,
        0.9917, 0.9924, 0.9714, 0.9812, 0.9944, 0.9926, 1.0000, 0.9733, 0.9500,
        0.8077, 0.9500, 0.9889, 0.7556, 0.9917, 0.9467, 0.8444, 0.8896, 0.8500,
        0.6667, 0.9600, 0.9444, 0.7733, 0.9630, 1.0000, 0.9762, 0.9917, 0.9923,
        0.9667, 0.9833, 0.9710, 0.9444, 0.8222, 0.8167, 0.9667])
tensor([0.7500, 0.9681, 0.9493, 0.9444, 0.9121, 0.8825, 0.8333, 0.8867, 0.9556,
        0.9917, 0.9924, 0.9714, 0.9783, 0.9944, 0.9963, 1.0000, 0.9733, 0.9611,
        0.8077, 0.9500, 0.9889, 0.7667, 0.9917, 0.9533, 0.8444, 0.8917, 0.8500,
        0.7000, 0.9733, 0.9444, 0.7733, 0.9630, 1.0000, 0.9762, 0.9917, 0.9897,
        0.9667, 0.9833, 0.9710, 0.9444, 0.8222, 0.8167, 0.9778])
tensor([0.7667, 0.9681, 0.9480, 0.9311, 0.9167, 0.8889, 0.8467, 0.9022, 0.9444,
        0.9917, 0.9924, 0.9738, 0.9797, 0.9944, 0.9963, 1.0000, 0.9733, 0.9500,
        0.8128, 0.8833, 0.9889, 0.7222, 0.9917, 0.9533, 0.8333, 0.8958, 0.8500,
        0.7000, 0.9667, 0.9444, 0.7667, 0.9630, 1.0000, 0.9810, 0.9917, 0.9923,
        0.9667, 0.9833, 0.9710, 0.9333, 0.8222, 0.8167, 0.9667])
tensor([0.7500, 0.9667, 0.9573, 0.9467, 0.9197, 0.8794, 0.8467, 0.8978, 0.9644,
        0.9958, 0.9924, 0.9643, 0.9797, 0.9944, 0.9926, 1.0000, 0.9733, 0.9611,
        0.8077, 0.8667, 0.9889, 0.7444, 0.9917, 0.9400, 0.8444, 0.8896, 0.8556,
        0.7000, 0.9600, 0.9444, 0.8133, 0.9667, 1.0000, 0.9857, 0.9917, 0.9949,
        0.9667, 0.9833, 0.9696, 0.9444, 0.8222, 0.8167, 0.9556])
tensor([0.7333, 0.9694, 0.9467, 0.9467, 0.9167, 0.8810, 0.8467, 0.9022, 0.9644,
        0.9958, 0.9924, 0.9690, 0.9812, 0.9944, 0.9963, 1.0000, 0.9733, 0.9667,
        0.8103, 0.9500, 0.9889, 0.7667, 0.9917, 0.9467, 0.8444, 0.8917, 0.8556,
        0.7333, 0.9733, 0.9444, 0.8067, 0.9630, 1.0000, 0.9857, 0.9917, 0.9923,
        0.9667, 0.9833, 0.9696, 0.9444, 0.8222, 0.8167, 0.9333])
tensor([0.7333, 0.9653, 0.9520, 0.9422, 0.9242, 0.8810, 0.8467, 0.8822, 0.9622,
        0.9937, 0.9924, 0.9714, 0.9812, 0.9944, 0.9963, 1.0000, 0.9800, 0.9639,
        0.8205, 0.8500, 0.9889, 0.7333, 0.9917, 0.9467, 0.8444, 0.8938, 0.8500,
        0.6667, 0.9600, 0.9444, 0.7733, 0.9667, 1.0000, 0.9810, 0.9917, 0.9949,
        0.9667, 0.9833, 0.9710, 0.9444, 0.8222, 0.8167, 0.9000])
tensor([0.7000, 0.9653, 0.9493, 0.9467, 0.9227, 0.8873, 0.8467, 0.9067, 0.9556,
        0.9917, 0.9924, 0.9738, 0.9797, 0.9944, 1.0000, 1.0000, 0.9800, 0.9639,
        0.8154, 0.9000, 0.9889, 0.7556, 0.9917, 0.9533, 0.8444, 0.8938, 0.8500,
        0.6500, 0.9667, 0.9444, 0.7733, 0.9667, 1.0000, 0.9857, 0.9917, 0.9923,
        0.9667, 0.9833, 0.9696, 0.9444, 0.8222, 0.8167, 0.9111])
tensor([0.6833, 0.9694, 0.9467, 0.9511, 0.9212, 0.8841, 0.8467, 0.8956, 0.9578,
        0.9958, 0.9924, 0.9738, 0.9783, 0.9944, 1.0000, 1.0000, 0.9800, 0.9722,
        0.8205, 0.8500, 0.9889, 0.7889, 0.9917, 0.9400, 0.8333, 0.8896, 0.8556,
        0.6833, 0.9733, 0.9556, 0.7733, 0.9630, 1.0000, 0.9857, 0.9917, 0.9923,
        0.9667, 0.9833, 0.9739, 0.9444, 0.8222, 0.8500, 0.9000])
tensor([0.7333, 0.9653, 0.9587, 0.9400, 0.9258, 0.8873, 0.8467, 0.8978, 0.9600,
        0.9958, 0.9924, 0.9786, 0.9783, 0.9944, 1.0000, 1.0000, 0.9800, 0.9667,
        0.8256, 0.9167, 0.9889, 0.7778, 0.9917, 0.9400, 0.8444, 0.8896, 0.8556,
        0.6833, 0.9733, 0.9444, 0.7800, 0.9667, 1.0000, 0.9857, 0.9917, 0.9949,
        0.9667, 0.9833, 0.9725, 0.9444, 0.8222, 0.8333, 0.9000])
tensor([0.7500, 0.9681, 0.9547, 0.9422, 0.9197, 0.8825, 0.8467, 0.9000, 0.9644,
        0.9937, 0.9924, 0.9786, 0.9783, 0.9944, 1.0000, 1.0000, 0.9867, 0.9667,
        0.8179, 0.9833, 0.9889, 0.7778, 0.9917, 0.9467, 0.8444, 0.8896, 0.8556,
        0.7167, 0.9800, 0.9444, 0.7867, 0.9630, 1.0000, 0.9857, 0.9917, 0.9923,
        0.9667, 0.9833, 0.9710, 0.9444, 0.8222, 0.8333, 0.8889])
tensor([0.7167, 0.9681, 0.9493, 0.9467, 0.9242, 0.8873, 0.8467, 0.8978, 0.9667,
        0.9937, 0.9924, 0.9643, 0.9783, 0.9944, 1.0000, 1.0000, 0.9867, 0.9722,
        0.8256, 0.9833, 0.9889, 0.7778, 0.9917, 0.9467, 0.8556, 0.8958, 0.8611,
        0.6833, 0.9800, 0.9444, 0.8000, 0.9667, 1.0000, 0.9857, 0.9917, 0.9923,
        0.9667, 0.9833, 0.9710, 0.9444, 0.8222, 0.8500, 0.8889])
tensor([0.6667, 0.9694, 0.9547, 0.9444, 0.9242, 0.8825, 0.8467, 0.8978, 0.9600,
        0.9937, 0.9924, 0.9833, 0.9783, 0.9944, 1.0000, 1.0000, 0.9800, 0.9694,
        0.8256, 0.9833, 0.9889, 0.8000, 0.9917, 0.9533, 0.8333, 0.8875, 0.8667,
        0.7333, 0.9800, 0.9556, 0.7733, 0.9630, 1.0000, 0.9857, 0.9917, 0.9949,
        0.9667, 0.9833, 0.9652, 0.9444, 0.8222, 0.8500, 0.8889])
tensor([0.7000, 0.9736, 0.9520, 0.9533, 0.9288, 0.8825, 0.8467, 0.9022, 0.9644,
        0.9958, 0.9909, 0.9738, 0.9768, 0.9944, 1.0000, 1.0000, 0.9800, 0.9722,
        0.8282, 0.9833, 0.9889, 0.8000, 0.9917, 0.9533, 0.8556, 0.8958, 0.8556,
        0.7500, 0.9733, 0.9556, 0.7933, 0.9630, 1.0000, 0.9857, 0.9917, 0.9923,
        0.9667, 0.9833, 0.9710, 0.9444, 0.8222, 0.8500, 0.8889])
tensor([0.7333, 0.9708, 0.9547, 0.9489, 0.9242, 0.8810, 0.8467, 0.9067, 0.9644,
        0.9958, 0.9909, 0.9690, 0.9768, 0.9944, 1.0000, 1.0000, 0.9800, 0.9722,
        0.8256, 0.9833, 0.9889, 0.8000, 0.9917, 0.9467, 0.8556, 0.8958, 0.8611,
        0.7667, 0.9733, 0.9667, 0.7933, 0.9667, 1.0000, 0.9857, 0.9917, 0.9923,
        0.9667, 0.9833, 0.9725, 0.9444, 0.8222, 0.8500, 0.8889])
tensor([0.7000, 0.9681, 0.9573, 0.9511, 0.9227, 0.8841, 0.8467, 0.9156, 0.9622,
        0.9958, 0.9909, 0.9690, 0.9768, 0.9944, 1.0000, 1.0000, 0.9800, 0.9722,
        0.8282, 0.9833, 0.9889, 0.8000, 0.9917, 0.9533, 0.8556, 0.8958, 0.8556,
        0.7667, 0.9733, 0.9667, 0.8067, 0.9667, 1.0000, 0.9857, 0.9917, 0.9923,
        0.9667, 0.9833, 0.9710, 0.9444, 0.8222, 0.8500, 0.8778])
tensor([0.7000, 0.9708, 0.9587, 0.9467, 0.9227, 0.8952, 0.8467, 0.9222, 0.9578,
        0.9958, 0.9909, 0.9786, 0.9783, 0.9944, 1.0000, 1.0000, 0.9800, 0.9722,
        0.8308, 0.9833, 0.9889, 0.8000, 0.9917, 0.9467, 0.8556, 0.8938, 0.8556,
        0.6833, 0.9800, 0.9667, 0.7800, 0.9593, 1.0000, 0.9905, 0.9917, 0.9923,
        0.9667, 0.9833, 0.9696, 0.9444, 0.8111, 0.8500, 0.8778])
tensor([0.6833, 0.9736, 0.9560, 0.9511, 0.9348, 0.8841, 0.8533, 0.9156, 0.9667,
        0.9958, 0.9909, 0.9833, 0.9768, 0.9944, 1.0000, 1.0000, 0.9800, 0.9722,
        0.8282, 0.9833, 0.9889, 0.8000, 0.9917, 0.9600, 0.8444, 0.8938, 0.8556,
        0.7333, 0.9800, 0.9667, 0.7667, 0.9630, 1.0000, 0.9905, 0.9917, 0.9897,
        0.9667, 0.9833, 0.9710, 0.9444, 0.8111, 0.8500, 0.8889])
tensor([0.7333, 0.9736, 0.9587, 0.9489, 0.9273, 0.8889, 0.8533, 0.9044, 0.9667,
        0.9958, 0.9909, 0.9738, 0.9768, 0.9944, 1.0000, 1.0000, 0.9800, 0.9722,
        0.8282, 0.9833, 0.9889, 0.8000, 0.9917, 0.9467, 0.8444, 0.8958, 0.8611,
        0.7333, 0.9733, 0.9667, 0.7933, 0.9667, 1.0000, 0.9857, 0.9917, 0.9923,
        0.9667, 0.9833, 0.9710, 0.9444, 0.8111, 0.8500, 0.8778])
tensor([0.7500, 0.9764, 0.9520, 0.9511, 0.9288, 0.8841, 0.8533, 0.9156, 0.9578,
        0.9958, 0.9909, 0.9810, 0.9783, 0.9944, 1.0000, 1.0000, 0.9800, 0.9694,
        0.8359, 0.9833, 0.9889, 0.8000, 0.9917, 0.9600, 0.8556, 0.8958, 0.8500,
        0.7667, 0.9733, 0.9556, 0.8000, 0.9667, 1.0000, 0.9905, 0.9917, 0.9923,
        0.9667, 0.9833, 0.9696, 0.9444, 0.8222, 0.8500, 0.8778])
tensor([0.7000, 0.9778, 0.9520, 0.9467, 0.9288, 0.8889, 0.8533, 0.9222, 0.9711,
        0.9958, 0.9909, 0.9833, 0.9812, 0.9944, 1.0000, 1.0000, 0.9800, 0.9722,
        0.8282, 0.9833, 0.9889, 0.8111, 0.9917, 0.9600, 0.8556, 0.8958, 0.8556,
        0.7333, 0.9733, 0.9556, 0.7933, 0.9630, 1.0000, 0.9857, 0.9917, 0.9897,
        0.9667, 0.9833, 0.9710, 0.9444, 0.8222, 0.8500, 0.8778])
tensor([0.7333, 0.9722, 0.9573, 0.9511, 0.9288, 0.8889, 0.8533, 0.9156, 0.9667,
        0.9958, 0.9924, 0.9786, 0.9768, 0.9944, 1.0000, 1.0000, 0.9800, 0.9722,
        0.8359, 1.0000, 0.9889, 0.8000, 0.9917, 0.9600, 0.8556, 0.8958, 0.8556,
        0.7167, 0.9667, 0.9667, 0.8133, 0.9667, 1.0000, 0.9905, 0.9917, 0.9897,
        0.9667, 0.9833, 0.9710, 0.9444, 0.8222, 0.8500, 0.8778])
tensor([0.7500, 0.9750, 0.9600, 0.9489, 0.9333, 0.9016, 0.8533, 0.9178, 0.9711,
        0.9958, 0.9924, 0.9833, 0.9783, 0.9944, 1.0000, 1.0000, 0.9800, 0.9778,
        0.8282, 1.0000, 0.9889, 0.8000, 0.9917, 0.9667, 0.8556, 0.8958, 0.8556,
        0.6833, 0.9600, 0.9667, 0.7867, 0.9667, 1.0000, 0.9857, 0.9917, 0.9897,
        0.9667, 0.9833, 0.9710, 0.9444, 0.8111, 0.8500, 0.8778])
tensor([0.7333, 0.9764, 0.9507, 0.9533, 0.9333, 0.8952, 0.8600, 0.9111, 0.9733,
        0.9937, 0.9894, 0.9714, 0.9783, 0.9944, 1.0000, 1.0000, 0.9867, 0.9722,
        0.8333, 0.9833, 0.9889, 0.8000, 0.9917, 0.9467, 0.8444, 0.8938, 0.8500,
        0.7000, 0.9600, 0.9667, 0.8133, 0.9667, 1.0000, 0.9905, 0.9917, 0.9897,
        0.9667, 0.9833, 0.9710, 0.9444, 0.8222, 0.8667, 0.8889])
tensor([0.7500, 0.9750, 0.9587, 0.9489, 0.9333, 0.8984, 0.8600, 0.9156, 0.9689,
        0.9958, 0.9894, 0.9762, 0.9797, 0.9944, 1.0000, 1.0000, 0.9867, 0.9722,
        0.8282, 0.9833, 0.9889, 0.8000, 0.9917, 0.9600, 0.8556, 0.8938, 0.8556,
        0.7667, 0.9600, 0.9667, 0.7867, 0.9667, 1.0000, 0.9857, 0.9917, 0.9897,
        0.9667, 1.0000, 0.9710, 0.9444, 0.8111, 0.8667, 0.8889])
tensor([0.7333, 0.9764, 0.9547, 0.9533, 0.9288, 0.9016, 0.8533, 0.9178, 0.9733,
        0.9958, 0.9924, 0.9738, 0.9783, 0.9944, 1.0000, 1.0000, 0.9867, 0.9806,
        0.8410, 1.0000, 0.9889, 0.8000, 0.9917, 0.9600, 0.8667, 0.8938, 0.8611,
        0.7167, 0.9600, 0.9556, 0.7933, 0.9667, 1.0000, 0.9952, 0.9917, 0.9897,
        0.9667, 1.0000, 0.9710, 0.9444, 0.8111, 0.8500, 0.8889])
tensor([0.7333, 0.9736, 0.9627, 0.9556, 0.9318, 0.9016, 0.8533, 0.9222, 0.9733,
        0.9958, 0.9894, 0.9619, 0.9768, 0.9944, 1.0000, 1.0000, 0.9867, 0.9806,
        0.8410, 0.9833, 0.9889, 0.8111, 0.9917, 0.9533, 0.8556, 0.8938, 0.8611,
        0.6333, 0.9600, 0.9667, 0.8133, 0.9667, 1.0000, 0.9857, 0.9917, 0.9897,
        0.9667, 1.0000, 0.9710, 0.9444, 0.8111, 0.8500, 0.8889])
tensor([0.7333, 0.9778, 0.9600, 0.9556, 0.9379, 0.8921, 0.8667, 0.9067, 0.9733,
        0.9958, 0.9909, 0.9667, 0.9797, 0.9944, 1.0000, 1.0000, 0.9800, 0.9806,
        0.8256, 1.0000, 0.9889, 0.8111, 0.9917, 0.9533, 0.8556, 0.8938, 0.8556,
        0.6500, 0.9733, 0.9667, 0.8333, 0.9630, 1.0000, 0.9857, 0.9917, 0.9923,
        0.9667, 0.9833, 0.9696, 0.9444, 0.8111, 0.8667, 0.8889])
tensor([0.7667, 0.9764, 0.9600, 0.9556, 0.9227, 0.9048, 0.8533, 0.9244, 0.9733,
        0.9958, 0.9924, 0.9857, 0.9783, 0.9944, 1.0000, 1.0000, 0.9800, 0.9806,
        0.8231, 1.0000, 0.9889, 0.8111, 0.9917, 0.9667, 0.8556, 0.8938, 0.8611,
        0.7000, 0.9600, 0.9889, 0.7733, 0.9630, 1.0000, 0.9857, 0.9917, 0.9897,
        0.9667, 0.9833, 0.9696, 0.9444, 0.8111, 0.8667, 0.8667])
tensor([0.7500, 0.9722, 0.9640, 0.9489, 0.9333, 0.9063, 0.8533, 0.9111, 0.9778,
        0.9958, 0.9939, 0.9762, 0.9783, 0.9944, 1.0000, 1.0000, 0.9800, 0.9806,
        0.8359, 1.0000, 0.9889, 0.8000, 0.9917, 0.9733, 0.8556, 0.8938, 0.8556,
        0.6667, 0.9667, 0.9889, 0.8133, 0.9667, 1.0000, 0.9905, 0.9917, 0.9897,
        0.9667, 1.0000, 0.9710, 0.9444, 0.8111, 0.8667, 0.8667])
tensor([0.7333, 0.9764, 0.9573, 0.9556, 0.9333, 0.9000, 0.8533, 0.9244, 0.9711,
        0.9958, 0.9924, 0.9810, 0.9797, 0.9944, 1.0000, 1.0000, 0.9800, 0.9806,
        0.8359, 1.0000, 0.9889, 0.8000, 0.9917, 0.9667, 0.8444, 0.8938, 0.8556,
        0.7167, 0.9667, 0.9667, 0.8067, 0.9667, 1.0000, 0.9905, 0.9917, 0.9897,
        0.9667, 1.0000, 0.9696, 0.9444, 0.8111, 0.8667, 0.8889])
tensor([0.7333, 0.9819, 0.9520, 0.9556, 0.9258, 0.9032, 0.8667, 0.9178, 0.9711,
        0.9958, 0.9909, 0.9762, 0.9812, 0.9944, 1.0000, 1.0000, 0.9800, 0.9806,
        0.8282, 0.9833, 0.9889, 0.8111, 0.9917, 0.9533, 0.8556, 0.8938, 0.8556,
        0.6500, 0.9667, 0.9889, 0.8000, 0.9667, 1.0000, 0.9857, 0.9917, 0.9897,
        0.9667, 1.0000, 0.9696, 0.9444, 0.8111, 0.8667, 0.8889])
tensor([0.7333, 0.9778, 0.9640, 0.9556, 0.9273, 0.9048, 0.8667, 0.9178, 0.9756,
        0.9958, 0.9909, 0.9786, 0.9797, 0.9944, 1.0000, 1.0000, 0.9867, 0.9833,
        0.8359, 1.0000, 0.9889, 0.8111, 0.9917, 0.9533, 0.8444, 0.8938, 0.8500,
        0.7167, 0.9600, 0.9889, 0.8200, 0.9630, 1.0000, 0.9857, 0.9917, 0.9897,
        0.9667, 1.0000, 0.9696, 0.9444, 0.8111, 0.8667, 0.8889])
tensor([0.7333, 0.9764, 0.9587, 0.9556, 0.9333, 0.9063, 0.8533, 0.9222, 0.9711,
        0.9958, 0.9924, 0.9762, 0.9812, 0.9944, 1.0000, 1.0000, 0.9800, 0.9778,
        0.8410, 0.9833, 0.9889, 0.8111, 0.9917, 0.9667, 0.8444, 0.8938, 0.8500,
        0.7167, 0.9667, 0.9889, 0.8067, 0.9667, 1.0000, 0.9857, 0.9917, 0.9897,
        0.9667, 1.0000, 0.9696, 0.9444, 0.8111, 0.8667, 0.8778])
tensor([0.7500, 0.9764, 0.9587, 0.9600, 0.9348, 0.8968, 0.8733, 0.9311, 0.9778,
        0.9958, 0.9894, 0.9762, 0.9783, 0.9944, 1.0000, 1.0000, 0.9800, 0.9833,
        0.8256, 1.0000, 0.9889, 0.8111, 0.9917, 0.9600, 0.8556, 0.8958, 0.8500,
        0.7167, 0.9667, 0.9889, 0.8133, 0.9667, 1.0000, 0.9905, 0.9917, 0.9897,
        0.9667, 1.0000, 0.9696, 0.9444, 0.8111, 0.8667, 0.8778])
tensor([0.7333, 0.9792, 0.9587, 0.9600, 0.9242, 0.9063, 0.8533, 0.9289, 0.9756,
        0.9958, 0.9894, 0.9738, 0.9812, 0.9944, 1.0000, 1.0000, 0.9800, 0.9806,
        0.8359, 1.0000, 0.9889, 0.8111, 0.9917, 0.9733, 0.8667, 0.8958, 0.8500,
        0.7167, 0.9733, 0.9778, 0.8133, 0.9667, 1.0000, 0.9857, 0.9917, 0.9897,
        0.9667, 0.9833, 0.9696, 0.9444, 0.8111, 0.8667, 0.8889])
tensor([0.7500, 0.9778, 0.9600, 0.9578, 0.9258, 0.9016, 0.8733, 0.9311, 0.9733,
        0.9958, 0.9909, 0.9714, 0.9797, 0.9944, 1.0000, 1.0000, 0.9867, 0.9806,
        0.8333, 1.0000, 0.9889, 0.8111, 0.9917, 0.9667, 0.8556, 0.8958, 0.8500,
        0.7333, 0.9667, 0.9778, 0.8067, 0.9667, 1.0000, 0.9857, 0.9917, 0.9897,
        0.9750, 1.0000, 0.9696, 0.9444, 0.8111, 0.8667, 0.8778])
tensor([0.7333, 0.9792, 0.9613, 0.9556, 0.9348, 0.9000, 0.8600, 0.9267, 0.9733,
        0.9958, 0.9909, 0.9786, 0.9797, 0.9944, 1.0000, 1.0000, 0.9800, 0.9806,
        0.8333, 1.0000, 0.9889, 0.8222, 0.9917, 0.9667, 0.8444, 0.8958, 0.8444,
        0.7333, 0.9733, 0.9778, 0.8067, 0.9667, 1.0000, 0.9905, 0.9917, 0.9897,
        0.9667, 1.0000, 0.9696, 0.9444, 0.8111, 0.8667, 0.8778])
tensor([0.7333, 0.9792, 0.9613, 0.9578, 0.9348, 0.9111, 0.8533, 0.9311, 0.9756,
        0.9958, 0.9924, 0.9738, 0.9783, 0.9944, 1.0000, 1.0000, 0.9800, 0.9806,
        0.8436, 1.0000, 0.9889, 0.8000, 0.9917, 0.9667, 0.8444, 0.8979, 0.8500,
        0.6833, 0.9667, 0.9778, 0.8000, 0.9667, 1.0000, 0.9905, 0.9917, 0.9897,
        0.9667, 1.0000, 0.9696, 0.9444, 0.8111, 0.8667, 0.8778])
tensor([0.7500, 0.9778, 0.9600, 0.9533, 0.9303, 0.9048, 0.8733, 0.9044, 0.9778,
        0.9958, 0.9909, 0.9786, 0.9797, 0.9944, 1.0000, 1.0000, 0.9867, 0.9833,
        0.8385, 1.0000, 0.9889, 0.8000, 0.9917, 0.9667, 0.8556, 0.8938, 0.8556,
        0.7000, 0.9733, 0.9667, 0.8200, 0.9630, 1.0000, 0.9905, 0.9917, 0.9897,
        0.9667, 1.0000, 0.9696, 0.9444, 0.8111, 0.8667, 0.8667])
tensor([0.7833, 0.9806, 0.9613, 0.9578, 0.9288, 0.9143, 0.8667, 0.9267, 0.9778,
        0.9958, 0.9894, 0.9714, 0.9797, 0.9944, 1.0000, 1.0000, 0.9867, 0.9861,
        0.8359, 1.0000, 0.9889, 0.8222, 0.9917, 0.9467, 0.8444, 0.8958, 0.8500,
        0.6667, 0.9733, 0.9556, 0.8133, 0.9667, 1.0000, 0.9905, 0.9917, 0.9897,
        0.9667, 1.0000, 0.9696, 0.9444, 0.8111, 0.9000, 0.8778])
tensor([0.7500, 0.9819, 0.9587, 0.9600, 0.9288, 0.9079, 0.8533, 0.9444, 0.9689,
        0.9958, 0.9894, 0.9881, 0.9812, 0.9944, 1.0000, 1.0000, 0.9800, 0.9861,
        0.8436, 1.0000, 0.9889, 0.8111, 0.9917, 0.9733, 0.8444, 0.8958, 0.8389,
        0.7500, 0.9667, 0.9778, 0.7933, 0.9630, 1.0000, 0.9905, 0.9917, 0.9897,
        0.9667, 1.0000, 0.9696, 0.9444, 0.8111, 0.8833, 0.8778])
tensor([0.7667, 0.9833, 0.9560, 0.9533, 0.9273, 0.9127, 0.8733, 0.9178, 0.9733,
        0.9958, 0.9909, 0.9762, 0.9812, 0.9944, 1.0000, 1.0000, 0.9800, 0.9861,
        0.8436, 1.0000, 0.9889, 0.8111, 0.9917, 0.9667, 0.8889, 0.9021, 0.8333,
        0.7000, 0.9667, 0.9778, 0.7867, 0.9667, 1.0000, 0.9905, 0.9917, 0.9897,
        0.9667, 1.0000, 0.9696, 0.9444, 0.8111, 0.8833, 0.8778])
tensor([0.7667, 0.9806, 0.9640, 0.9533, 0.9303, 0.9000, 0.8600, 0.9311, 0.9733,
        0.9958, 0.9939, 0.9810, 0.9812, 0.9944, 1.0000, 1.0000, 0.9800, 0.9861,
        0.8359, 1.0000, 0.9889, 0.8222, 0.9917, 0.9667, 0.9000, 0.8979, 0.8333,
        0.7000, 0.9800, 0.9444, 0.8133, 0.9667, 1.0000, 0.9810, 0.9917, 0.9897,
        0.9667, 1.0000, 0.9696, 0.9444, 0.8111, 0.8667, 0.8778])
tensor([0.7333, 0.9819, 0.9640, 0.9578, 0.9273, 0.9016, 0.8733, 0.9267, 0.9778,
        0.9958, 0.9879, 0.9714, 0.9812, 0.9944, 1.0000, 1.0000, 0.9867, 0.9861,
        0.8359, 1.0000, 0.9889, 0.8333, 0.9833, 0.9667, 0.8889, 0.9021, 0.8500,
        0.6500, 0.9867, 0.9333, 0.8133, 0.9667, 1.0000, 0.9810, 0.9917, 0.9897,
        0.9667, 1.0000, 0.9725, 0.9444, 0.8111, 0.9000, 0.8778])
tensor([0.8167, 0.9819, 0.9613, 0.9533, 0.9288, 0.9079, 0.8733, 0.9267, 0.9733,
        0.9958, 0.9909, 0.9786, 0.9812, 0.9958, 1.0000, 1.0000, 0.9867, 0.9861,
        0.8410, 1.0000, 0.9889, 0.8333, 0.9917, 0.9600, 0.8667, 0.9021, 0.8389,
        0.6500, 0.9800, 0.9667, 0.8000, 0.9667, 1.0000, 0.9905, 0.9917, 0.9897,
        0.9667, 1.0000, 0.9696, 0.9444, 0.8111, 0.9000, 0.8778])
tensor([0.8167, 0.9806, 0.9573, 0.9533, 0.9227, 0.9159, 0.8600, 0.9022, 0.9733,
        0.9958, 0.9909, 0.9786, 0.9783, 0.9958, 1.0000, 1.0000, 0.9867, 0.9861,
        0.8513, 1.0000, 0.9889, 0.8000, 0.9917, 0.9733, 0.8667, 0.8979, 0.8333,
        0.6833, 0.9733, 0.9778, 0.8067, 0.9667, 1.0000, 0.9905, 0.9917, 0.9897,
        0.9667, 1.0000, 0.9710, 0.9444, 0.8111, 0.8667, 0.8667])
