tensor([0., 0., 0., 0., 0., 0., 0., 0., 0., 0., 0., 0., 0., 0., 0., 0., 0., 0.,
        0., 0., 0., 0., 0., 0., 0., 0., 0., 0., 0., 0., 0., 0., 0., 0., 0., 0.,
        0., 0., 0., 0., 0., 0., 1.])
tensor([0., 0., 0., 0., 0., 0., 0., 0., 0., 0., 0., 0., 0., 0., 0., 0., 0., 0.,
        0., 0., 0., 0., 0., 0., 0., 0., 0., 0., 0., 0., 0., 0., 0., 0., 0., 0.,
        0., 0., 1., 0., 0., 0., 0.])
tensor([0., 0., 0., 0., 0., 0., 0., 0., 0., 0., 0., 0., 1., 0., 0., 0., 0., 0.,
        0., 0., 0., 0., 0., 0., 0., 0., 0., 0., 0., 0., 0., 0., 0., 0., 0., 0.,
        0., 0., 0., 0., 0., 0., 0.])
tensor([0., 0., 0., 0., 0., 0., 0., 0., 0., 0., 0., 0., 1., 0., 0., 0., 0., 0.,
        0., 0., 0., 0., 0., 0., 0., 0., 0., 0., 0., 0., 0., 0., 0., 0., 0., 0.,
        0., 0., 0., 0., 0., 0., 0.])
tensor([0., 0., 0., 0., 0., 0., 0., 0., 0., 0., 0., 0., 1., 0., 0., 0., 0., 0.,
        0., 0., 0., 0., 0., 0., 0., 0., 0., 0., 0., 0., 0., 0., 0., 0., 0., 0.,
        0., 0., 0., 0., 0., 0., 0.])
tensor([0., 0., 1., 0., 0., 0., 0., 0., 0., 0., 0., 0., 0., 0., 0., 0., 0., 0.,
        0., 0., 0., 0., 0., 0., 0., 0., 0., 0., 0., 0., 0., 0., 0., 0., 0., 0.,
        0., 0., 0., 0., 0., 0., 0.])
tensor([0., 0., 1., 0., 0., 0., 0., 0., 0., 0., 0., 0., 0., 0., 0., 0., 0., 0.,
        0., 0., 0., 0., 0., 0., 0., 0., 0., 0., 0., 0., 0., 0., 0., 0., 0., 0.,
        0., 0., 0., 0., 0., 0., 0.])
tensor([0., 0., 1., 0., 0., 0., 0., 0., 0., 0., 0., 0., 0., 0., 0., 0., 0., 0.,
        0., 0., 0., 0., 0., 0., 0., 0., 0., 0., 0., 0., 0., 0., 0., 0., 0., 0.,
        0., 0., 0., 0., 0., 0., 0.])
tensor([0., 0., 1., 0., 0., 0., 0., 0., 0., 0., 0., 0., 0., 0., 0., 0., 0., 0.,
        0., 0., 0., 0., 0., 0., 0., 0., 0., 0., 0., 0., 0., 0., 0., 0., 0., 0.,
        0., 0., 0., 0., 0., 0., 0.])
tensor([0., 0., 0., 0., 0., 0., 0., 0., 0., 0., 1., 0., 0., 0., 0., 0., 0., 0.,
        0., 0., 0., 0., 0., 0., 0., 0., 0., 0., 0., 0., 0., 0., 0., 0., 0., 0.,
        0., 0., 0., 0., 0., 0., 0.])
tensor([0., 0., 0., 0., 0., 0., 0., 0., 0., 0., 1., 0., 0., 0., 0., 0., 0., 0.,
        0., 0., 0., 0., 0., 0., 0., 0., 0., 0., 0., 0., 0., 0., 0., 0., 0., 0.,
        0., 0., 0., 0., 0., 0., 0.])
tensor([0.0000, 0.0000, 0.0000, 0.0000, 0.0030, 0.0000, 0.0000, 0.0000, 0.0000,
        0.0000, 1.0000, 0.0000, 0.0000, 0.0000, 0.0000, 0.0000, 0.0000, 0.0000,
        0.0000, 0.0000, 0.0000, 0.0000, 0.0000, 0.0000, 0.0000, 0.0000, 0.0000,
        0.0000, 0.0000, 0.0000, 0.0000, 0.0000, 0.0000, 0.0000, 0.0000, 0.0000,
        0.0000, 0.0000, 0.0000, 0.0000, 0.0000, 0.0000, 0.0000])
tensor([0., 0., 0., 0., 0., 0., 0., 0., 0., 0., 1., 0., 0., 0., 0., 0., 0., 0.,
        0., 0., 0., 0., 0., 0., 0., 0., 0., 0., 0., 0., 0., 0., 0., 0., 0., 0.,
        0., 0., 0., 0., 0., 0., 0.])
tensor([0., 0., 0., 0., 0., 0., 0., 0., 0., 0., 0., 0., 0., 0., 0., 0., 0., 0.,
        0., 0., 0., 0., 0., 0., 0., 0., 0., 0., 0., 0., 0., 0., 0., 0., 0., 0.,
        0., 0., 1., 0., 0., 0., 0.])
tensor([0., 0., 1., 0., 0., 0., 0., 0., 0., 0., 0., 0., 0., 0., 0., 0., 0., 0.,
        0., 0., 0., 0., 0., 0., 0., 0., 0., 0., 0., 0., 0., 0., 0., 0., 0., 0.,
        0., 0., 0., 0., 0., 0., 0.])
tensor([0., 0., 1., 0., 0., 0., 0., 0., 0., 0., 0., 0., 0., 0., 0., 0., 0., 0.,
        0., 0., 0., 0., 0., 0., 0., 0., 0., 0., 0., 0., 0., 0., 0., 0., 0., 0.,
        0., 0., 0., 0., 0., 0., 0.])
tensor([0., 0., 0., 0., 0., 0., 0., 0., 0., 0., 1., 0., 0., 0., 0., 0., 0., 0.,
        0., 0., 0., 0., 0., 0., 0., 0., 0., 0., 0., 0., 0., 0., 0., 0., 0., 0.,
        0., 0., 0., 0., 0., 0., 0.])
tensor([0., 0., 0., 0., 0., 0., 0., 0., 0., 0., 1., 0., 0., 0., 0., 0., 0., 0.,
        0., 0., 0., 0., 0., 0., 0., 0., 0., 0., 0., 0., 0., 0., 0., 0., 0., 0.,
        0., 0., 0., 0., 0., 0., 0.])
tensor([0.0000, 0.0000, 0.0000, 0.0000, 0.0000, 0.0000, 0.0000, 0.0000, 0.0000,
        0.0000, 1.0000, 0.0000, 0.0000, 0.0000, 0.0000, 0.0000, 0.0000, 0.0000,
        0.0000, 0.0000, 0.0000, 0.0000, 0.0000, 0.0000, 0.0000, 0.0000, 0.0000,
        0.0000, 0.0000, 0.0000, 0.0000, 0.0000, 0.0000, 0.0000, 0.0000, 0.0000,
        0.0000, 0.0000, 0.0101, 0.0000, 0.0000, 0.0000, 0.0000])
tensor([0., 0., 1., 0., 0., 0., 0., 0., 0., 0., 0., 0., 0., 0., 0., 0., 0., 0.,
        0., 0., 0., 0., 0., 0., 0., 0., 0., 0., 0., 0., 0., 0., 0., 0., 0., 0.,
        0., 0., 0., 0., 0., 0., 0.])
tensor([0., 0., 1., 0., 0., 0., 0., 0., 0., 0., 0., 0., 0., 0., 0., 0., 0., 0.,
        0., 0., 0., 0., 0., 0., 0., 0., 0., 0., 0., 0., 0., 0., 0., 0., 0., 0.,
        0., 0., 0., 0., 0., 0., 0.])
tensor([0.0000, 0.0000, 0.0133, 0.0000, 0.0000, 0.0000, 0.0000, 0.0000, 0.0000,
        0.0000, 1.0000, 0.0000, 0.0000, 0.0000, 0.0000, 0.0000, 0.0000, 0.0000,
        0.0000, 0.0000, 0.0000, 0.0000, 0.0000, 0.0000, 0.0000, 0.0000, 0.0000,
        0.0000, 0.0000, 0.0000, 0.0000, 0.0000, 0.0000, 0.0000, 0.0000, 0.0000,
        0.0000, 0.0000, 0.0000, 0.0000, 0.0000, 0.0000, 0.0000])
tensor([0., 0., 0., 0., 0., 0., 0., 0., 0., 0., 1., 0., 0., 0., 0., 0., 0., 0.,
        0., 0., 0., 0., 0., 0., 0., 0., 0., 0., 0., 0., 0., 0., 0., 0., 0., 0.,
        0., 0., 0., 0., 0., 0., 0.])
tensor([0., 0., 0., 0., 0., 0., 0., 0., 0., 0., 1., 0., 0., 0., 0., 0., 0., 0.,
        0., 0., 0., 0., 0., 0., 0., 0., 0., 0., 0., 0., 0., 0., 0., 0., 0., 0.,
        0., 0., 0., 0., 0., 0., 0.])
tensor([0., 0., 0., 0., 0., 0., 0., 0., 0., 0., 1., 0., 0., 0., 0., 0., 0., 0.,
        0., 0., 0., 0., 0., 0., 0., 0., 0., 0., 0., 0., 0., 0., 0., 0., 0., 0.,
        0., 0., 0., 0., 0., 0., 0.])
tensor([0., 0., 0., 0., 0., 0., 0., 0., 0., 0., 1., 0., 0., 0., 0., 0., 0., 0.,
        0., 0., 0., 0., 0., 0., 0., 0., 0., 0., 0., 0., 0., 0., 0., 0., 0., 0.,
        0., 0., 0., 0., 0., 0., 0.])
tensor([0., 0., 0., 0., 0., 0., 0., 0., 0., 0., 1., 0., 0., 0., 0., 0., 0., 0.,
        0., 0., 0., 0., 0., 0., 0., 0., 0., 0., 0., 0., 0., 0., 0., 0., 0., 0.,
        0., 0., 0., 0., 0., 0., 0.])
tensor([0., 0., 0., 0., 0., 0., 0., 0., 0., 0., 1., 0., 0., 0., 0., 0., 0., 0.,
        0., 0., 0., 0., 0., 0., 0., 0., 0., 0., 0., 0., 0., 0., 0., 0., 0., 0.,
        0., 0., 0., 0., 0., 0., 0.])
tensor([0., 0., 0., 0., 0., 0., 0., 0., 0., 0., 1., 0., 0., 0., 0., 0., 0., 0.,
        0., 0., 0., 0., 0., 0., 0., 0., 0., 0., 0., 0., 0., 0., 0., 0., 0., 0.,
        0., 0., 0., 0., 0., 0., 0.])
tensor([0., 0., 0., 0., 0., 0., 0., 0., 0., 0., 1., 0., 0., 0., 0., 0., 0., 0.,
        0., 0., 0., 0., 0., 0., 0., 0., 0., 0., 0., 0., 0., 0., 0., 0., 0., 0.,
        0., 0., 0., 0., 0., 0., 0.])
tensor([0., 0., 0., 0., 0., 0., 0., 0., 0., 0., 1., 0., 0., 0., 0., 0., 0., 0.,
        0., 0., 0., 0., 0., 0., 0., 0., 0., 0., 0., 0., 0., 0., 0., 0., 0., 0.,
        0., 0., 0., 0., 0., 0., 0.])
tensor([0., 0., 0., 0., 0., 0., 0., 0., 0., 0., 1., 0., 0., 0., 0., 0., 0., 0.,
        0., 0., 0., 0., 0., 0., 0., 0., 0., 0., 0., 0., 0., 0., 0., 0., 0., 0.,
        0., 0., 0., 0., 0., 0., 0.])
tensor([0., 0., 0., 0., 0., 0., 0., 0., 0., 0., 1., 0., 0., 0., 0., 0., 0., 0.,
        0., 0., 0., 0., 0., 0., 0., 0., 0., 0., 0., 0., 0., 0., 0., 0., 0., 0.,
        0., 0., 0., 0., 0., 0., 0.])
tensor([0., 0., 0., 0., 0., 0., 0., 0., 0., 0., 1., 0., 0., 0., 0., 0., 0., 0.,
        0., 0., 0., 0., 0., 0., 0., 0., 0., 0., 0., 0., 0., 0., 0., 0., 0., 0.,
        0., 0., 0., 0., 0., 0., 0.])
tensor([0., 0., 0., 0., 0., 0., 0., 0., 0., 0., 1., 0., 0., 0., 0., 0., 0., 0.,
        0., 0., 0., 0., 0., 0., 0., 0., 0., 0., 0., 0., 0., 0., 0., 0., 0., 0.,
        0., 0., 0., 0., 0., 0., 0.])
tensor([0., 0., 0., 0., 0., 0., 0., 0., 0., 0., 1., 0., 0., 0., 0., 0., 0., 0.,
        0., 0., 0., 0., 0., 0., 0., 0., 0., 0., 0., 0., 0., 0., 0., 0., 0., 0.,
        0., 0., 0., 0., 0., 0., 0.])
tensor([0., 0., 0., 0., 0., 0., 0., 0., 0., 0., 1., 0., 0., 0., 0., 0., 0., 0.,
        0., 0., 0., 0., 0., 0., 0., 0., 0., 0., 0., 0., 0., 0., 0., 0., 0., 0.,
        0., 0., 0., 0., 0., 0., 0.])
tensor([0., 0., 0., 0., 0., 0., 0., 0., 0., 0., 1., 0., 0., 0., 0., 0., 0., 0.,
        0., 0., 0., 0., 0., 0., 0., 0., 0., 0., 0., 0., 0., 0., 0., 0., 0., 0.,
        0., 0., 0., 0., 0., 0., 0.])
tensor([0., 0., 0., 0., 0., 0., 0., 0., 0., 0., 1., 0., 0., 0., 0., 0., 0., 0.,
        0., 0., 0., 0., 0., 0., 0., 0., 0., 0., 0., 0., 0., 0., 0., 0., 0., 0.,
        0., 0., 0., 0., 0., 0., 0.])
tensor([0., 0., 0., 0., 0., 0., 0., 0., 0., 0., 1., 0., 0., 0., 0., 0., 0., 0.,
        0., 0., 0., 0., 0., 0., 0., 0., 0., 0., 0., 0., 0., 0., 0., 0., 0., 0.,
        0., 0., 0., 0., 0., 0., 0.])
tensor([0., 0., 0., 0., 0., 0., 0., 0., 0., 0., 1., 0., 0., 0., 0., 0., 0., 0.,
        0., 0., 0., 0., 0., 0., 0., 0., 0., 0., 0., 0., 0., 0., 0., 0., 0., 0.,
        0., 0., 0., 0., 0., 0., 0.])
tensor([0., 0., 0., 0., 0., 0., 0., 0., 0., 0., 1., 0., 0., 0., 0., 0., 0., 0.,
        0., 0., 0., 0., 0., 0., 0., 0., 0., 0., 0., 0., 0., 0., 0., 0., 0., 0.,
        0., 0., 0., 0., 0., 0., 0.])
tensor([0., 0., 0., 0., 0., 0., 0., 0., 0., 0., 1., 0., 0., 0., 0., 0., 0., 0.,
        0., 0., 0., 0., 0., 0., 0., 0., 0., 0., 0., 0., 0., 0., 0., 0., 0., 0.,
        0., 0., 0., 0., 0., 0., 0.])
tensor([0., 0., 0., 0., 0., 0., 0., 0., 0., 0., 1., 0., 0., 0., 0., 0., 0., 0.,
        0., 0., 0., 0., 0., 0., 0., 0., 0., 0., 0., 0., 0., 0., 0., 0., 0., 0.,
        0., 0., 0., 0., 0., 0., 0.])
tensor([0., 0., 0., 0., 0., 0., 0., 0., 0., 0., 1., 0., 0., 0., 0., 0., 0., 0.,
        0., 0., 0., 0., 0., 0., 0., 0., 0., 0., 0., 0., 0., 0., 0., 0., 0., 0.,
        0., 0., 0., 0., 0., 0., 0.])
tensor([0., 0., 0., 0., 0., 0., 0., 0., 0., 0., 1., 0., 0., 0., 0., 0., 0., 0.,
        0., 0., 0., 0., 0., 0., 0., 0., 0., 0., 0., 0., 0., 0., 0., 0., 0., 0.,
        0., 0., 0., 0., 0., 0., 0.])
tensor([0., 0., 0., 0., 0., 0., 0., 0., 0., 0., 1., 0., 0., 0., 0., 0., 0., 0.,
        0., 0., 0., 0., 0., 0., 0., 0., 0., 0., 0., 0., 0., 0., 0., 0., 0., 0.,
        0., 0., 0., 0., 0., 0., 0.])
tensor([0., 0., 0., 0., 0., 0., 0., 0., 0., 0., 1., 0., 0., 0., 0., 0., 0., 0.,
        0., 0., 0., 0., 0., 0., 0., 0., 0., 0., 0., 0., 0., 0., 0., 0., 0., 0.,
        0., 0., 0., 0., 0., 0., 0.])
tensor([0., 0., 0., 0., 0., 0., 0., 0., 0., 0., 1., 0., 0., 0., 0., 0., 0., 0.,
        0., 0., 0., 0., 0., 0., 0., 0., 0., 0., 0., 0., 0., 0., 0., 0., 0., 0.,
        0., 0., 0., 0., 0., 0., 0.])
tensor([0., 0., 0., 0., 0., 0., 0., 0., 0., 0., 1., 0., 0., 0., 0., 0., 0., 0.,
        0., 0., 0., 0., 0., 0., 0., 0., 0., 0., 0., 0., 0., 0., 0., 0., 0., 0.,
        0., 0., 0., 0., 0., 0., 0.])
tensor([0., 0., 0., 0., 0., 0., 0., 0., 0., 0., 1., 0., 0., 0., 0., 0., 0., 0.,
        0., 0., 0., 0., 0., 0., 0., 0., 0., 0., 0., 0., 0., 0., 0., 0., 0., 0.,
        0., 0., 0., 0., 0., 0., 0.])
tensor([0.0000, 0.0000, 0.0320, 0.0000, 0.0000, 0.0000, 0.0000, 0.0000, 0.0000,
        0.0000, 1.0000, 0.0000, 0.0000, 0.0000, 0.0000, 0.0000, 0.0000, 0.0000,
        0.0000, 0.0000, 0.0000, 0.0000, 0.0000, 0.0000, 0.0000, 0.0000, 0.0000,
        0.0000, 0.0000, 0.0000, 0.0000, 0.0000, 0.0000, 0.0000, 0.0000, 0.0000,
        0.0000, 0.0000, 0.0000, 0.0000, 0.0000, 0.0000, 0.0000])
tensor([0.0000, 0.0000, 0.0933, 0.0000, 0.0000, 0.0000, 0.0000, 0.0000, 0.0000,
        0.0000, 1.0000, 0.0000, 0.0000, 0.0000, 0.0000, 0.0000, 0.0000, 0.0000,
        0.0000, 0.0000, 0.0000, 0.0000, 0.0000, 0.0000, 0.0000, 0.0000, 0.0000,
        0.0000, 0.0000, 0.0000, 0.0000, 0.0000, 0.0000, 0.0000, 0.0000, 0.0000,
        0.0000, 0.0000, 0.0000, 0.0000, 0.0000, 0.0000, 0.0000])
tensor([0.0000, 0.0000, 0.1200, 0.0000, 0.0000, 0.0000, 0.0000, 0.0000, 0.0000,
        0.0000, 1.0000, 0.0000, 0.0000, 0.0000, 0.0000, 0.0000, 0.0000, 0.0000,
        0.0000, 0.0000, 0.0000, 0.0000, 0.0000, 0.0000, 0.0000, 0.0000, 0.0000,
        0.0000, 0.0000, 0.0000, 0.0000, 0.0000, 0.0000, 0.0000, 0.0000, 0.0000,
        0.0000, 0.0000, 0.0000, 0.0000, 0.0000, 0.0000, 0.0000])
tensor([0.0000, 0.0000, 0.2400, 0.0000, 0.0000, 0.0000, 0.0000, 0.0000, 0.0000,
        0.0000, 0.9955, 0.0000, 0.0000, 0.0000, 0.0000, 0.0000, 0.0000, 0.0000,
        0.0000, 0.0000, 0.0000, 0.0000, 0.0000, 0.0000, 0.0000, 0.0000, 0.0000,
        0.0000, 0.0000, 0.0000, 0.0000, 0.0000, 0.0000, 0.0000, 0.0000, 0.0000,
        0.0000, 0.0000, 0.0000, 0.0000, 0.0000, 0.0000, 0.0000])
tensor([0.0000, 0.0000, 0.3387, 0.0000, 0.0000, 0.0000, 0.0000, 0.0000, 0.0000,
        0.0000, 0.9879, 0.0000, 0.0000, 0.0000, 0.0000, 0.0000, 0.0000, 0.0000,
        0.0000, 0.0000, 0.0000, 0.0000, 0.0000, 0.0000, 0.0000, 0.0000, 0.0000,
        0.0000, 0.0000, 0.0000, 0.0000, 0.0000, 0.0000, 0.0000, 0.0000, 0.0000,
        0.0000, 0.0000, 0.0000, 0.0000, 0.0000, 0.0000, 0.0000])
tensor([0.0000, 0.0000, 0.3733, 0.0000, 0.0000, 0.0000, 0.0000, 0.0000, 0.0000,
        0.0000, 0.9818, 0.0000, 0.0000, 0.0000, 0.0000, 0.0000, 0.0000, 0.0000,
        0.0000, 0.0000, 0.0000, 0.0000, 0.0000, 0.0000, 0.0000, 0.0000, 0.0000,
        0.0000, 0.0000, 0.0000, 0.0000, 0.0000, 0.0000, 0.0000, 0.0000, 0.0000,
        0.0000, 0.0000, 0.0000, 0.0000, 0.0000, 0.0000, 0.0000])
tensor([0.0000, 0.0000, 0.5147, 0.0000, 0.0000, 0.0000, 0.0000, 0.0000, 0.0000,
        0.0000, 0.9424, 0.0000, 0.0130, 0.0000, 0.0000, 0.0000, 0.0000, 0.0000,
        0.0000, 0.0000, 0.0000, 0.0000, 0.0000, 0.0000, 0.0000, 0.0000, 0.0000,
        0.0000, 0.0000, 0.0000, 0.0000, 0.0000, 0.0000, 0.0000, 0.0000, 0.0000,
        0.0000, 0.0000, 0.0000, 0.0000, 0.0000, 0.0000, 0.0000])
tensor([0.0000, 0.0000, 0.6760, 0.0000, 0.0000, 0.0000, 0.0000, 0.0000, 0.0000,
        0.0000, 0.9182, 0.0000, 0.0841, 0.0000, 0.0000, 0.0000, 0.0000, 0.0000,
        0.0000, 0.0000, 0.0000, 0.0000, 0.0000, 0.0000, 0.0000, 0.0000, 0.0000,
        0.0000, 0.0000, 0.0000, 0.0000, 0.0000, 0.0000, 0.0000, 0.0000, 0.0000,
        0.0000, 0.0000, 0.0000, 0.0000, 0.0000, 0.0000, 0.0000])
tensor([0.0000, 0.0000, 0.6640, 0.0000, 0.0000, 0.0000, 0.0000, 0.0000, 0.0000,
        0.0000, 0.9273, 0.0000, 0.3058, 0.0000, 0.0000, 0.0000, 0.0000, 0.0000,
        0.0000, 0.0000, 0.0000, 0.0000, 0.0000, 0.0000, 0.0000, 0.0000, 0.0000,
        0.0000, 0.0000, 0.0000, 0.0000, 0.0000, 0.0000, 0.0000, 0.0000, 0.0000,
        0.0000, 0.0000, 0.0000, 0.0000, 0.0000, 0.0000, 0.0000])
tensor([0.0000, 0.0000, 0.7573, 0.0000, 0.0000, 0.0000, 0.0000, 0.0000, 0.0000,
        0.0000, 0.8545, 0.0000, 0.5072, 0.0000, 0.0000, 0.0000, 0.0000, 0.0000,
        0.0000, 0.0000, 0.0000, 0.0000, 0.0000, 0.0000, 0.0000, 0.0000, 0.0000,
        0.0000, 0.0000, 0.0000, 0.0000, 0.0000, 0.0000, 0.0000, 0.0000, 0.0000,
        0.0000, 0.0000, 0.0000, 0.0000, 0.0000, 0.0000, 0.0000])
tensor([0.0000, 0.0000, 0.7907, 0.0000, 0.0000, 0.0000, 0.0000, 0.0000, 0.0000,
        0.0000, 0.7455, 0.0000, 0.6768, 0.0000, 0.0000, 0.0000, 0.0000, 0.0000,
        0.0000, 0.0000, 0.0000, 0.0000, 0.0000, 0.0000, 0.0000, 0.0000, 0.0000,
        0.0000, 0.0000, 0.0000, 0.0000, 0.0000, 0.0000, 0.0000, 0.0000, 0.0000,
        0.0000, 0.0000, 0.0000, 0.0000, 0.0000, 0.0000, 0.0000])
tensor([0.0000, 0.0000, 0.8293, 0.0000, 0.0000, 0.0000, 0.0000, 0.0000, 0.0000,
        0.0000, 0.5545, 0.0000, 0.7986, 0.0000, 0.0000, 0.0000, 0.0000, 0.0000,
        0.0000, 0.0000, 0.0000, 0.0000, 0.0000, 0.0000, 0.0000, 0.0000, 0.0000,
        0.0000, 0.0000, 0.0000, 0.0000, 0.0000, 0.0000, 0.0000, 0.0000, 0.0000,
        0.0000, 0.0000, 0.0000, 0.0000, 0.0000, 0.0000, 0.0000])
tensor([0.0000, 0.0000, 0.7840, 0.0000, 0.0000, 0.0000, 0.0000, 0.0000, 0.0000,
        0.0000, 0.5424, 0.0000, 0.8072, 0.0000, 0.0000, 0.0000, 0.0000, 0.0000,
        0.0000, 0.0000, 0.0000, 0.0000, 0.0000, 0.0000, 0.0000, 0.0000, 0.0000,
        0.0000, 0.0000, 0.0000, 0.0000, 0.0000, 0.0000, 0.0000, 0.0000, 0.0000,
        0.0000, 0.0000, 0.0000, 0.0000, 0.0000, 0.0000, 0.0000])
tensor([0.0000, 0.0000, 0.7773, 0.0000, 0.0000, 0.0000, 0.0000, 0.0000, 0.0000,
        0.0000, 0.5485, 0.0000, 0.8101, 0.0000, 0.0000, 0.0000, 0.0000, 0.0000,
        0.0000, 0.0000, 0.0000, 0.0000, 0.0000, 0.0000, 0.0000, 0.0000, 0.0000,
        0.0000, 0.0000, 0.0000, 0.0000, 0.0000, 0.0000, 0.0000, 0.0000, 0.0000,
        0.0000, 0.0000, 0.0000, 0.0000, 0.0000, 0.0000, 0.0000])
tensor([0.0000, 0.0000, 0.6960, 0.0000, 0.0424, 0.0000, 0.0000, 0.0000, 0.0000,
        0.0000, 0.6530, 0.0000, 0.8043, 0.0000, 0.0000, 0.0000, 0.0000, 0.0000,
        0.0000, 0.0000, 0.0000, 0.0000, 0.0000, 0.0000, 0.0000, 0.0000, 0.0000,
        0.0000, 0.0000, 0.0000, 0.0000, 0.0000, 0.0000, 0.0000, 0.0000, 0.0000,
        0.0000, 0.0000, 0.0000, 0.0000, 0.0000, 0.0000, 0.0000])
tensor([0.0000, 0.0000, 0.5440, 0.0000, 0.1318, 0.0000, 0.0000, 0.0000, 0.0000,
        0.0000, 0.7394, 0.0000, 0.7797, 0.0000, 0.0000, 0.0000, 0.0000, 0.0000,
        0.0000, 0.0000, 0.0000, 0.0000, 0.0000, 0.0000, 0.0000, 0.0000, 0.0000,
        0.0000, 0.0000, 0.0000, 0.0000, 0.0000, 0.0000, 0.0000, 0.0000, 0.0000,
        0.0000, 0.0000, 0.0000, 0.0000, 0.0000, 0.0000, 0.0000])
tensor([0.0000, 0.0000, 0.5053, 0.0000, 0.1773, 0.0000, 0.0000, 0.0000, 0.0000,
        0.0000, 0.7803, 0.0000, 0.7754, 0.0000, 0.0296, 0.0000, 0.0000, 0.0000,
        0.0000, 0.0000, 0.0000, 0.0000, 0.0000, 0.0000, 0.0000, 0.0000, 0.0000,
        0.0000, 0.0000, 0.0000, 0.0000, 0.0000, 0.0000, 0.0000, 0.0000, 0.0000,
        0.0000, 0.0000, 0.0000, 0.0000, 0.0000, 0.0000, 0.0000])
tensor([0.0000, 0.0000, 0.5400, 0.0000, 0.1848, 0.0000, 0.0000, 0.0000, 0.0133,
        0.0000, 0.8106, 0.0000, 0.7826, 0.0000, 0.2630, 0.0000, 0.0000, 0.0000,
        0.0000, 0.0000, 0.0000, 0.0000, 0.0000, 0.0000, 0.0000, 0.0000, 0.0000,
        0.0000, 0.0000, 0.0000, 0.0000, 0.0000, 0.0000, 0.0000, 0.0000, 0.0000,
        0.0000, 0.0000, 0.0000, 0.0000, 0.0000, 0.0000, 0.0000])
tensor([0.0000, 0.0000, 0.6267, 0.0000, 0.2000, 0.0000, 0.0000, 0.0000, 0.0156,
        0.0000, 0.8348, 0.0000, 0.7841, 0.0000, 0.5037, 0.0000, 0.0000, 0.0000,
        0.0026, 0.0000, 0.0000, 0.0000, 0.0000, 0.0000, 0.0000, 0.0000, 0.0000,
        0.0000, 0.0000, 0.0000, 0.0000, 0.0000, 0.0000, 0.0000, 0.0000, 0.0000,
        0.0000, 0.0000, 0.0000, 0.0000, 0.0000, 0.0000, 0.0000])
tensor([0.0000, 0.0000, 0.5640, 0.0000, 0.2379, 0.0000, 0.0000, 0.0000, 0.0467,
        0.0000, 0.8515, 0.0000, 0.7826, 0.0000, 0.6741, 0.0000, 0.0000, 0.0000,
        0.0128, 0.0000, 0.0000, 0.0000, 0.0000, 0.0000, 0.0000, 0.0000, 0.0000,
        0.0000, 0.0000, 0.0000, 0.0000, 0.0000, 0.0000, 0.0000, 0.0000, 0.0000,
        0.0000, 0.0000, 0.0000, 0.0000, 0.0000, 0.0000, 0.0000])
tensor([0.0000, 0.0000, 0.6133, 0.0000, 0.2682, 0.0000, 0.0000, 0.0000, 0.0333,
        0.0000, 0.8742, 0.0000, 0.7942, 0.0000, 0.7815, 0.0000, 0.0000, 0.0000,
        0.0564, 0.0000, 0.0000, 0.0000, 0.0000, 0.0000, 0.0000, 0.0000, 0.0000,
        0.0000, 0.0000, 0.0000, 0.0000, 0.0000, 0.0000, 0.0000, 0.0000, 0.0000,
        0.0000, 0.0000, 0.0000, 0.0000, 0.0000, 0.0000, 0.0000])
tensor([0.0000, 0.0000, 0.6387, 0.0000, 0.3136, 0.0000, 0.0000, 0.0000, 0.0333,
        0.0000, 0.8515, 0.0000, 0.8087, 0.0000, 0.8444, 0.0000, 0.0000, 0.0000,
        0.2410, 0.0000, 0.0000, 0.0000, 0.0000, 0.0000, 0.0000, 0.0000, 0.0000,
        0.0000, 0.0000, 0.0000, 0.0000, 0.0000, 0.0000, 0.0000, 0.0000, 0.0000,
        0.0000, 0.0000, 0.0145, 0.0000, 0.0000, 0.0000, 0.0000])
tensor([0.0000, 0.0000, 0.6053, 0.0000, 0.4333, 0.0000, 0.0000, 0.0000, 0.0156,
        0.0000, 0.8379, 0.0000, 0.8145, 0.0000, 0.8444, 0.0000, 0.0000, 0.0000,
        0.3590, 0.0000, 0.0000, 0.0000, 0.0000, 0.0000, 0.0000, 0.0000, 0.0000,
        0.0000, 0.0000, 0.0000, 0.0000, 0.0000, 0.0000, 0.0000, 0.0000, 0.0000,
        0.0000, 0.0000, 0.0638, 0.0000, 0.0000, 0.0000, 0.0000])
tensor([0.0000, 0.0000, 0.7560, 0.0000, 0.2515, 0.0000, 0.0000, 0.0000, 0.0489,
        0.0000, 0.8273, 0.0000, 0.8217, 0.0000, 0.8444, 0.0000, 0.0000, 0.0000,
        0.5051, 0.0000, 0.0000, 0.0000, 0.0000, 0.0000, 0.0000, 0.0000, 0.0000,
        0.0000, 0.0000, 0.0000, 0.0000, 0.0000, 0.0000, 0.0000, 0.0000, 0.0000,
        0.0000, 0.0000, 0.1261, 0.0000, 0.0000, 0.0000, 0.0000])
tensor([0.0000, 0.0000, 0.7507, 0.0000, 0.2697, 0.0000, 0.0000, 0.0000, 0.0289,
        0.0000, 0.8136, 0.0000, 0.8261, 0.0000, 0.9000, 0.0000, 0.0000, 0.0000,
        0.5333, 0.0000, 0.0000, 0.0000, 0.0000, 0.0000, 0.0000, 0.0000, 0.0000,
        0.0000, 0.0133, 0.0000, 0.0000, 0.0000, 0.0000, 0.0000, 0.0000, 0.0000,
        0.0000, 0.0000, 0.2043, 0.0000, 0.0000, 0.0000, 0.0000])
tensor([0.0000, 0.0000, 0.5080, 0.0000, 0.4364, 0.0000, 0.0000, 0.0000, 0.1044,
        0.0000, 0.8242, 0.0000, 0.8261, 0.0000, 0.9111, 0.0000, 0.0000, 0.0000,
        0.5590, 0.0000, 0.0000, 0.0000, 0.0000, 0.0000, 0.0000, 0.0000, 0.0056,
        0.0000, 0.0667, 0.0000, 0.0000, 0.0000, 0.0000, 0.0000, 0.0000, 0.0000,
        0.0000, 0.0000, 0.2159, 0.0000, 0.0000, 0.0000, 0.0000])
tensor([0.0000, 0.0000, 0.6347, 0.0000, 0.3409, 0.0000, 0.0000, 0.0000, 0.0911,
        0.0000, 0.8121, 0.0000, 0.8290, 0.0000, 0.9407, 0.0000, 0.0000, 0.0000,
        0.4949, 0.0000, 0.0000, 0.0000, 0.0000, 0.0000, 0.0000, 0.0000, 0.1444,
        0.0000, 0.1333, 0.0000, 0.0000, 0.0000, 0.0000, 0.0000, 0.0000, 0.0000,
        0.0000, 0.0000, 0.3087, 0.0000, 0.0000, 0.0000, 0.0000])
tensor([0.0000, 0.0000, 0.7453, 0.0000, 0.2000, 0.0000, 0.0000, 0.0000, 0.1467,
        0.0000, 0.8015, 0.0000, 0.8290, 0.0000, 0.9593, 0.0000, 0.0000, 0.0000,
        0.4718, 0.0000, 0.0000, 0.0000, 0.0000, 0.0000, 0.0000, 0.0000, 0.1722,
        0.0000, 0.1800, 0.0000, 0.0000, 0.0000, 0.0000, 0.0000, 0.0000, 0.0000,
        0.0000, 0.0000, 0.4043, 0.0000, 0.0000, 0.0000, 0.0000])
tensor([0.0000, 0.0000, 0.5840, 0.0000, 0.3712, 0.0000, 0.0000, 0.0000, 0.1622,
        0.0000, 0.8015, 0.0000, 0.8246, 0.0000, 0.9481, 0.0000, 0.0000, 0.0000,
        0.4487, 0.0000, 0.0000, 0.0000, 0.0000, 0.0000, 0.0000, 0.0000, 0.2444,
        0.0000, 0.2200, 0.0000, 0.0000, 0.0000, 0.0000, 0.0000, 0.0000, 0.0000,
        0.0000, 0.0000, 0.4464, 0.0000, 0.0000, 0.0000, 0.0000])
tensor([0.0000, 0.0000, 0.5547, 0.0000, 0.4121, 0.0000, 0.0000, 0.0000, 0.1467,
        0.0000, 0.7970, 0.0000, 0.8246, 0.0000, 0.9519, 0.0000, 0.0000, 0.0000,
        0.4128, 0.0000, 0.0000, 0.0000, 0.0000, 0.0000, 0.0000, 0.0000, 0.4333,
        0.0000, 0.3000, 0.0000, 0.0000, 0.0000, 0.0000, 0.0000, 0.0000, 0.0000,
        0.0000, 0.0000, 0.5449, 0.0000, 0.0000, 0.0000, 0.0000])
tensor([0.0000, 0.0000, 0.6013, 0.0000, 0.3470, 0.0000, 0.0000, 0.0000, 0.2200,
        0.0000, 0.7833, 0.0000, 0.8174, 0.0000, 0.9778, 0.0000, 0.0000, 0.0000,
        0.4359, 0.0000, 0.0111, 0.0000, 0.0000, 0.0000, 0.0000, 0.0000, 0.4389,
        0.0000, 0.3133, 0.0000, 0.0000, 0.0000, 0.0000, 0.0000, 0.0000, 0.0000,
        0.0000, 0.0000, 0.6696, 0.0000, 0.0000, 0.0000, 0.0000])
tensor([0.0000, 0.0000, 0.5933, 0.0000, 0.3227, 0.0000, 0.0000, 0.0000, 0.2800,
        0.0000, 0.7758, 0.0000, 0.8145, 0.0000, 0.9741, 0.0000, 0.0000, 0.0000,
        0.4667, 0.0000, 0.0111, 0.0000, 0.0083, 0.0000, 0.0000, 0.0000, 0.4333,
        0.0000, 0.3467, 0.0000, 0.0000, 0.0000, 0.0000, 0.0000, 0.0000, 0.0000,
        0.0000, 0.0000, 0.8333, 0.0000, 0.0000, 0.0000, 0.0000])
tensor([0.0000, 0.0000, 0.5533, 0.0000, 0.3909, 0.0000, 0.0000, 0.0000, 0.2911,
        0.0000, 0.8242, 0.0000, 0.8130, 0.0000, 0.9815, 0.0000, 0.0133, 0.0000,
        0.4974, 0.0000, 0.0222, 0.0000, 0.0083, 0.0000, 0.0000, 0.0000, 0.5389,
        0.0000, 0.3533, 0.0000, 0.0067, 0.0000, 0.0000, 0.0000, 0.0000, 0.0000,
        0.0000, 0.0000, 0.9362, 0.0000, 0.0000, 0.0000, 0.0000])
tensor([0.0000, 0.0000, 0.5573, 0.0000, 0.3773, 0.0000, 0.0000, 0.0000, 0.3356,
        0.0000, 0.8303, 0.0000, 0.8188, 0.0000, 0.9815, 0.0000, 0.0267, 0.0000,
        0.5385, 0.0000, 0.0333, 0.0000, 0.0083, 0.0000, 0.0000, 0.0000, 0.5111,
        0.0000, 0.3467, 0.0000, 0.0067, 0.0000, 0.0000, 0.0000, 0.0000, 0.0000,
        0.0000, 0.0000, 0.9739, 0.0000, 0.0000, 0.0000, 0.0000])
tensor([0.0000, 0.0000, 0.6053, 0.0000, 0.3758, 0.0000, 0.0000, 0.0000, 0.3489,
        0.0000, 0.8621, 0.0000, 0.8174, 0.0000, 0.9852, 0.0000, 0.0400, 0.0000,
        0.5538, 0.0000, 0.0556, 0.0000, 0.0000, 0.0000, 0.0000, 0.0000, 0.5167,
        0.0000, 0.3400, 0.0000, 0.0067, 0.0000, 0.0000, 0.0000, 0.0000, 0.0000,
        0.0000, 0.0000, 0.9710, 0.0000, 0.0000, 0.0000, 0.0000])
tensor([0.0000, 0.0000, 0.6080, 0.0000, 0.3530, 0.0000, 0.0000, 0.0000, 0.3800,
        0.0000, 0.8773, 0.0000, 0.8217, 0.0000, 0.9852, 0.0000, 0.0400, 0.0000,
        0.5282, 0.0000, 0.0556, 0.0000, 0.0000, 0.0000, 0.0000, 0.0000, 0.5833,
        0.0000, 0.3400, 0.0000, 0.0267, 0.0000, 0.0000, 0.0000, 0.0000, 0.0000,
        0.0000, 0.0000, 0.9623, 0.0000, 0.0000, 0.0000, 0.0000])
tensor([0.0000, 0.0000, 0.5120, 0.0000, 0.4818, 0.0000, 0.0000, 0.0000, 0.3267,
        0.0000, 0.8697, 0.0000, 0.8232, 0.0000, 0.9852, 0.0000, 0.0800, 0.0000,
        0.5795, 0.0000, 0.0556, 0.0000, 0.0000, 0.0000, 0.0000, 0.0000, 0.4778,
        0.0000, 0.3000, 0.0000, 0.0400, 0.0000, 0.0000, 0.0000, 0.0000, 0.0000,
        0.0000, 0.0000, 0.9551, 0.0000, 0.0000, 0.0000, 0.0000])
tensor([0.0000, 0.0000, 0.6307, 0.0000, 0.3136, 0.0000, 0.0200, 0.0000, 0.3822,
        0.0000, 0.8652, 0.0000, 0.8232, 0.0000, 0.9889, 0.0000, 0.1067, 0.0000,
        0.5436, 0.0000, 0.0556, 0.0000, 0.0000, 0.0000, 0.0000, 0.0000, 0.6000,
        0.0000, 0.3200, 0.0000, 0.0800, 0.0000, 0.0500, 0.0000, 0.0000, 0.0000,
        0.0000, 0.0000, 0.9406, 0.0000, 0.0000, 0.0000, 0.0000])
tensor([0.0000, 0.0000, 0.5827, 0.0000, 0.4167, 0.0000, 0.0800, 0.0000, 0.3622,
        0.0000, 0.8727, 0.0000, 0.8217, 0.0000, 0.9889, 0.0000, 0.1133, 0.0000,
        0.5564, 0.0000, 0.0556, 0.0000, 0.0000, 0.0000, 0.0000, 0.0000, 0.5222,
        0.0000, 0.2933, 0.0000, 0.1200, 0.0000, 0.1167, 0.0000, 0.0000, 0.0000,
        0.0000, 0.0000, 0.9275, 0.0000, 0.0000, 0.0000, 0.0111])
tensor([0.0000, 0.0000, 0.5587, 0.0000, 0.3348, 0.0000, 0.0933, 0.0000, 0.4022,
        0.0000, 0.8682, 0.0000, 0.8261, 0.0000, 0.9889, 0.0000, 0.1667, 0.0000,
        0.5103, 0.0000, 0.0556, 0.0000, 0.0000, 0.0000, 0.0000, 0.0000, 0.6111,
        0.0000, 0.3267, 0.0000, 0.2067, 0.0000, 0.1333, 0.0000, 0.0000, 0.0000,
        0.0000, 0.0000, 0.9290, 0.0000, 0.0000, 0.0000, 0.0889])
tensor([0.0000, 0.0000, 0.6293, 0.0000, 0.3045, 0.0000, 0.0800, 0.0000, 0.4022,
        0.0000, 0.8621, 0.0000, 0.8246, 0.0000, 0.9889, 0.0000, 0.1733, 0.0000,
        0.5846, 0.0000, 0.0556, 0.0000, 0.0000, 0.0000, 0.0000, 0.0000, 0.5000,
        0.0000, 0.2867, 0.0000, 0.1600, 0.0000, 0.1333, 0.0000, 0.0000, 0.0000,
        0.0000, 0.0000, 0.9348, 0.0000, 0.0000, 0.0000, 0.1444])
tensor([0.0000, 0.0000, 0.5800, 0.0000, 0.2591, 0.0000, 0.0133, 0.0000, 0.4378,
        0.0000, 0.8515, 0.0000, 0.8246, 0.0000, 0.9926, 0.0000, 0.1800, 0.0000,
        0.5282, 0.0000, 0.0667, 0.0000, 0.0000, 0.0000, 0.0000, 0.0000, 0.5778,
        0.0000, 0.3467, 0.0000, 0.1733, 0.0000, 0.1667, 0.0000, 0.0000, 0.0000,
        0.0000, 0.0000, 0.9362, 0.0000, 0.0000, 0.0000, 0.1333])
tensor([0.0000, 0.0000, 0.5747, 0.0000, 0.3318, 0.0000, 0.0333, 0.0000, 0.4111,
        0.0000, 0.8500, 0.0000, 0.8246, 0.0000, 0.9926, 0.0000, 0.2333, 0.0000,
        0.5923, 0.0000, 0.0667, 0.0000, 0.0000, 0.0000, 0.0000, 0.0000, 0.5222,
        0.0000, 0.2933, 0.0000, 0.1533, 0.0000, 0.1833, 0.0000, 0.0000, 0.0000,
        0.0000, 0.0000, 0.9290, 0.0000, 0.0000, 0.0000, 0.2000])
tensor([0.0000, 0.0000, 0.6067, 0.0000, 0.2303, 0.0000, 0.0133, 0.0000, 0.4444,
        0.0000, 0.8530, 0.0000, 0.8261, 0.0000, 0.9926, 0.0000, 0.2267, 0.0000,
        0.5615, 0.0000, 0.0667, 0.0000, 0.0167, 0.0000, 0.0000, 0.0000, 0.5667,
        0.0000, 0.3733, 0.0000, 0.1933, 0.0000, 0.2000, 0.0000, 0.0000, 0.0000,
        0.0000, 0.0000, 0.9304, 0.0000, 0.0000, 0.0000, 0.1444])
tensor([0.0000, 0.0000, 0.6200, 0.0000, 0.2818, 0.0000, 0.0267, 0.0000, 0.4156,
        0.0000, 0.8530, 0.0000, 0.8261, 0.0000, 0.9926, 0.0000, 0.2867, 0.0000,
        0.6154, 0.0000, 0.0667, 0.0000, 0.0083, 0.0000, 0.0000, 0.0000, 0.5222,
        0.0000, 0.3267, 0.0000, 0.1667, 0.0000, 0.1833, 0.0000, 0.0000, 0.0000,
        0.0000, 0.0000, 0.9232, 0.0000, 0.0000, 0.0000, 0.1556])
tensor([0.0000, 0.0000, 0.5747, 0.0000, 0.3076, 0.0000, 0.0400, 0.0000, 0.4133,
        0.0000, 0.8530, 0.0000, 0.8290, 0.0000, 0.9926, 0.0000, 0.3467, 0.0000,
        0.5769, 0.0000, 0.0667, 0.0000, 0.0250, 0.0000, 0.0000, 0.0000, 0.5778,
        0.0000, 0.3333, 0.0000, 0.2333, 0.0000, 0.1833, 0.0000, 0.0000, 0.0000,
        0.0000, 0.0000, 0.9217, 0.0000, 0.0778, 0.0000, 0.2111])
tensor([0.0000, 0.0000, 0.6120, 0.0000, 0.2848, 0.0000, 0.1467, 0.0000, 0.4156,
        0.0000, 0.8591, 0.0000, 0.8319, 0.0000, 0.9926, 0.0000, 0.3533, 0.0000,
        0.5795, 0.0000, 0.0667, 0.0000, 0.0500, 0.0000, 0.0000, 0.0000, 0.5889,
        0.0000, 0.3800, 0.0000, 0.2133, 0.0000, 0.2500, 0.0000, 0.0000, 0.0000,
        0.0000, 0.0000, 0.9072, 0.0000, 0.1889, 0.0000, 0.2556])
tensor([0.0000, 0.0000, 0.6000, 0.0000, 0.3212, 0.0000, 0.1667, 0.0000, 0.4111,
        0.0000, 0.8667, 0.0000, 0.8319, 0.0000, 0.9963, 0.0000, 0.3667, 0.0000,
        0.6051, 0.0000, 0.0667, 0.0000, 0.0500, 0.0000, 0.0000, 0.0000, 0.5778,
        0.0000, 0.3267, 0.0000, 0.2533, 0.0000, 0.2500, 0.0000, 0.0000, 0.0000,
        0.0000, 0.0000, 0.9000, 0.0000, 0.3889, 0.0000, 0.2667])
tensor([0.0000, 0.0000, 0.6387, 0.0000, 0.2530, 0.0000, 0.2000, 0.0000, 0.4222,
        0.0000, 0.8712, 0.0000, 0.8304, 0.0000, 0.9963, 0.0000, 0.3867, 0.0000,
        0.5923, 0.0000, 0.0667, 0.0000, 0.0417, 0.0000, 0.0000, 0.0000, 0.5889,
        0.0000, 0.3733, 0.0000, 0.2200, 0.0000, 0.2667, 0.0000, 0.0000, 0.0000,
        0.0000, 0.0000, 0.8971, 0.0000, 0.4778, 0.0000, 0.2778])
