tensor([0., 0., 0., 0., 0., 0., 0., 0., 0., 0., 0., 0., 0., 0., 0., 0., 0., 1.,
        0., 0., 0., 0., 0., 0., 0., 0., 0., 0., 0., 0., 0., 0., 0., 0., 0., 0.,
        0., 0., 0., 0., 0., 0., 0.])
tensor([0., 0., 0., 0., 0., 0., 0., 0., 0., 0., 0., 0., 0., 1., 0., 0., 0., 0.,
        0., 0., 0., 0., 0., 0., 0., 0., 0., 0., 0., 0., 0., 0., 0., 0., 0., 0.,
        0., 0., 0., 0., 0., 0., 0.])
tensor([0., 0., 1., 0., 0., 0., 0., 0., 0., 0., 0., 0., 0., 0., 0., 0., 0., 0.,
        0., 0., 0., 0., 0., 0., 0., 0., 0., 0., 0., 0., 0., 0., 0., 0., 0., 0.,
        0., 0., 0., 0., 0., 0., 0.])
tensor([0., 0., 1., 0., 0., 0., 0., 0., 0., 0., 0., 0., 0., 0., 0., 0., 0., 0.,
        0., 0., 0., 0., 0., 0., 0., 0., 0., 0., 0., 0., 0., 0., 0., 0., 0., 0.,
        0., 0., 0., 0., 0., 0., 0.])
tensor([0., 0., 0., 0., 0., 0., 0., 0., 0., 0., 1., 0., 0., 0., 0., 0., 0., 0.,
        0., 0., 0., 0., 0., 0., 0., 0., 0., 0., 0., 0., 0., 0., 0., 0., 0., 0.,
        0., 0., 0., 0., 0., 0., 0.])
tensor([0., 0., 0., 0., 1., 0., 0., 0., 0., 0., 0., 0., 0., 0., 0., 0., 0., 0.,
        0., 0., 0., 0., 0., 0., 0., 0., 0., 0., 0., 0., 0., 0., 0., 0., 0., 0.,
        0., 0., 0., 0., 0., 0., 0.])
tensor([0., 0., 0., 0., 0., 0., 0., 0., 0., 0., 0., 0., 0., 1., 0., 0., 0., 0.,
        0., 0., 0., 0., 0., 0., 0., 0., 0., 0., 0., 0., 0., 0., 0., 0., 0., 0.,
        0., 0., 0., 0., 0., 0., 0.])
tensor([0., 0., 1., 0., 0., 0., 0., 0., 0., 0., 0., 0., 0., 0., 0., 0., 0., 0.,
        0., 0., 0., 0., 0., 0., 0., 0., 0., 0., 0., 0., 0., 0., 0., 0., 0., 0.,
        0., 0., 0., 0., 0., 0., 0.])
tensor([0., 0., 1., 0., 0., 0., 0., 0., 0., 0., 0., 0., 0., 0., 0., 0., 0., 0.,
        0., 0., 0., 0., 0., 0., 0., 0., 0., 0., 0., 0., 0., 0., 0., 0., 0., 0.,
        0., 0., 0., 0., 0., 0., 0.])
tensor([0., 0., 1., 0., 0., 0., 0., 0., 0., 0., 0., 0., 0., 0., 0., 0., 0., 0.,
        0., 0., 0., 0., 0., 0., 0., 0., 0., 0., 0., 0., 0., 0., 0., 0., 0., 0.,
        0., 0., 0., 0., 0., 0., 0.])
tensor([0., 0., 1., 0., 0., 0., 0., 0., 0., 0., 0., 0., 0., 0., 0., 0., 0., 0.,
        0., 0., 0., 0., 0., 0., 0., 0., 0., 0., 0., 0., 0., 0., 0., 0., 0., 0.,
        0., 0., 0., 0., 0., 0., 0.])
tensor([0., 0., 1., 0., 0., 0., 0., 0., 0., 0., 0., 0., 0., 0., 0., 0., 0., 0.,
        0., 0., 0., 0., 0., 0., 0., 0., 0., 0., 0., 0., 0., 0., 0., 0., 0., 0.,
        0., 0., 0., 0., 0., 0., 0.])
tensor([0., 0., 1., 0., 0., 0., 0., 0., 0., 0., 0., 0., 0., 0., 0., 0., 0., 0.,
        0., 0., 0., 0., 0., 0., 0., 0., 0., 0., 0., 0., 0., 0., 0., 0., 0., 0.,
        0., 0., 0., 0., 0., 0., 0.])
tensor([0., 0., 1., 0., 0., 0., 0., 0., 0., 0., 0., 0., 0., 0., 0., 0., 0., 0.,
        0., 0., 0., 0., 0., 0., 0., 0., 0., 0., 0., 0., 0., 0., 0., 0., 0., 0.,
        0., 0., 0., 0., 0., 0., 0.])
tensor([0., 0., 1., 0., 0., 0., 0., 0., 0., 0., 0., 0., 0., 0., 0., 0., 0., 0.,
        0., 0., 0., 0., 0., 0., 0., 0., 0., 0., 0., 0., 0., 0., 0., 0., 0., 0.,
        0., 0., 0., 0., 0., 0., 0.])
tensor([0., 0., 1., 0., 0., 0., 0., 0., 0., 0., 0., 0., 0., 0., 0., 0., 0., 0.,
        0., 0., 0., 0., 0., 0., 0., 0., 0., 0., 0., 0., 0., 0., 0., 0., 0., 0.,
        0., 0., 0., 0., 0., 0., 0.])
tensor([0.0000, 0.0000, 1.0000, 0.0000, 0.0000, 0.0000, 0.0000, 0.0000, 0.0000,
        0.0000, 0.0000, 0.0000, 0.0029, 0.0000, 0.0000, 0.0000, 0.0000, 0.0000,
        0.0000, 0.0000, 0.0000, 0.0000, 0.0000, 0.0000, 0.0000, 0.0000, 0.0000,
        0.0000, 0.0000, 0.0000, 0.0000, 0.0000, 0.0000, 0.0000, 0.0000, 0.0821,
        0.0000, 0.0000, 0.2232, 0.0000, 0.0000, 0.0000, 0.0000])
tensor([0.0000, 0.0000, 0.0880, 0.0000, 0.0000, 0.0000, 0.0000, 0.0000, 0.0000,
        0.0000, 0.0000, 0.0000, 0.0159, 0.0069, 0.0000, 0.0000, 0.0000, 0.9306,
        0.0000, 0.0000, 0.0000, 0.0000, 0.0000, 0.0000, 0.0000, 0.0000, 0.0000,
        0.0000, 0.0000, 0.0000, 0.0000, 0.0000, 0.0000, 0.0000, 0.0000, 0.0231,
        0.0000, 0.8333, 0.0116, 0.0000, 0.0000, 0.0000, 0.0000])
tensor([0.0000, 0.0264, 0.0107, 0.0000, 0.0000, 0.0000, 0.0000, 0.0000, 0.0000,
        0.0000, 0.0000, 0.0000, 0.0159, 0.0389, 0.0000, 0.0000, 0.0000, 0.9389,
        0.0000, 0.0000, 0.0000, 0.0000, 0.0000, 0.0000, 0.0000, 0.0000, 0.0000,
        0.0000, 0.0000, 0.0000, 0.0000, 0.0000, 0.0000, 0.0000, 0.0000, 0.0051,
        0.0000, 0.9833, 0.0014, 0.0000, 0.0000, 0.0000, 0.0000])
tensor([0.0000, 0.0278, 0.0320, 0.0000, 0.0000, 0.0000, 0.0000, 0.0000, 0.0000,
        0.0000, 0.0000, 0.0000, 0.0319, 0.0250, 0.0000, 0.0000, 0.0000, 0.9389,
        0.0000, 0.0000, 0.0000, 0.0000, 0.0000, 0.0000, 0.0000, 0.0000, 0.0000,
        0.0000, 0.0000, 0.0000, 0.0000, 0.0000, 0.0000, 0.0000, 0.0000, 0.9487,
        0.0000, 0.0000, 0.0029, 0.0000, 0.0000, 0.0000, 0.0000])
tensor([0.0000, 0.0819, 0.6667, 0.0000, 0.0000, 0.0000, 0.0000, 0.0000, 0.0000,
        0.0000, 0.0000, 0.0000, 0.4449, 0.5931, 0.0000, 0.0000, 0.0000, 0.9167,
        0.0000, 0.0000, 0.0000, 0.0000, 0.0000, 0.0000, 0.0000, 0.0000, 0.0000,
        0.0000, 0.0000, 0.0000, 0.0000, 0.0000, 0.0000, 0.0000, 0.0000, 0.7359,
        0.0000, 0.0000, 0.1420, 0.0000, 0.0000, 0.0000, 0.0000])
tensor([0.0000, 0.1889, 0.7507, 0.0000, 0.0000, 0.0000, 0.0000, 0.0000, 0.0000,
        0.0000, 0.0000, 0.0048, 0.7203, 0.5278, 0.0000, 0.0000, 0.0000, 0.9028,
        0.0000, 0.0000, 0.0000, 0.0000, 0.0000, 0.0000, 0.0000, 0.0000, 0.0000,
        0.0000, 0.0000, 0.0000, 0.0000, 0.0000, 0.0000, 0.0000, 0.0000, 0.0000,
        0.0000, 0.0000, 0.8841, 0.0000, 0.0000, 0.0000, 0.0000])
tensor([0.0000, 0.3819, 0.6107, 0.0000, 0.0000, 0.0302, 0.0000, 0.0000, 0.0000,
        0.0000, 0.0273, 0.0476, 0.7884, 0.6625, 0.0000, 0.0000, 0.0000, 0.9000,
        0.0282, 0.0000, 0.0000, 0.0000, 0.0000, 0.0000, 0.0000, 0.0000, 0.0000,
        0.0000, 0.0000, 0.0000, 0.0000, 0.0000, 0.0000, 0.0000, 0.0000, 0.0000,
        0.0000, 0.0000, 0.8957, 0.0000, 0.0000, 0.0000, 0.0000])
tensor([0.0000, 0.3417, 0.5253, 0.0000, 0.0227, 0.1476, 0.0000, 0.0000, 0.0000,
        0.0000, 0.4318, 0.1548, 0.7710, 0.6556, 0.0000, 0.0000, 0.0000, 0.9083,
        0.4308, 0.0000, 0.0000, 0.0000, 0.0000, 0.0000, 0.0000, 0.0333, 0.0000,
        0.0000, 0.0000, 0.0000, 0.0000, 0.0000, 0.0000, 0.0000, 0.0000, 0.0000,
        0.0000, 0.0000, 0.9014, 0.0000, 0.0000, 0.0000, 0.0000])
tensor([0.0000, 0.3014, 0.4507, 0.0178, 0.0348, 0.1444, 0.0000, 0.0000, 0.0000,
        0.1167, 0.6742, 0.2619, 0.7841, 0.7014, 0.0000, 0.0000, 0.0000, 0.9278,
        0.3744, 0.0000, 0.0000, 0.0000, 0.0000, 0.0000, 0.0000, 0.2167, 0.0000,
        0.0000, 0.0000, 0.0000, 0.0000, 0.0000, 0.0000, 0.0000, 0.0000, 0.0000,
        0.0000, 0.0000, 0.8928, 0.0000, 0.0000, 0.0000, 0.0000])
tensor([0.0000, 0.2278, 0.4893, 0.0111, 0.0424, 0.1238, 0.0000, 0.0089, 0.0000,
        0.2375, 0.7758, 0.4500, 0.7768, 0.7653, 0.0000, 0.0000, 0.0000, 0.9222,
        0.4538, 0.0000, 0.0000, 0.0000, 0.0000, 0.0000, 0.0000, 0.3167, 0.0000,
        0.0000, 0.0000, 0.0000, 0.0000, 0.0000, 0.0000, 0.0000, 0.0000, 0.0077,
        0.0000, 0.0000, 0.8986, 0.0000, 0.0000, 0.0000, 0.0000])
tensor([0.0000, 0.2639, 0.4560, 0.0067, 0.0576, 0.1286, 0.0000, 0.0644, 0.0000,
        0.3063, 0.8167, 0.5476, 0.7841, 0.7958, 0.0000, 0.0000, 0.0000, 0.9222,
        0.4897, 0.0000, 0.0000, 0.0000, 0.0083, 0.0000, 0.0000, 0.3354, 0.0000,
        0.0000, 0.0000, 0.0000, 0.0000, 0.0000, 0.0000, 0.0000, 0.0000, 0.0000,
        0.0000, 0.0000, 0.8957, 0.0000, 0.0000, 0.0000, 0.0000])
tensor([0.0000, 0.2653, 0.4520, 0.0000, 0.0636, 0.1397, 0.0000, 0.0956, 0.0000,
        0.3917, 0.8333, 0.6214, 0.7942, 0.8292, 0.1704, 0.0905, 0.0000, 0.8889,
        0.4538, 0.0000, 0.0000, 0.0000, 0.0500, 0.0000, 0.0000, 0.3958, 0.0000,
        0.0000, 0.0000, 0.0000, 0.0000, 0.0000, 0.0000, 0.0000, 0.0000, 0.0000,
        0.0000, 0.0000, 0.8913, 0.0000, 0.0000, 0.0000, 0.0000])
tensor([0.0000, 0.3375, 0.4293, 0.0000, 0.0561, 0.1524, 0.0200, 0.0867, 0.0000,
        0.4917, 0.8652, 0.6548, 0.8014, 0.8681, 0.3000, 0.2190, 0.0000, 0.8611,
        0.4231, 0.0000, 0.0000, 0.0000, 0.1083, 0.0000, 0.0000, 0.5000, 0.0000,
        0.0000, 0.0000, 0.0000, 0.0000, 0.0000, 0.0000, 0.0000, 0.0000, 0.0026,
        0.0000, 0.0000, 0.8870, 0.0000, 0.0000, 0.0000, 0.0000])
tensor([0.0000, 0.4750, 0.2920, 0.0000, 0.0894, 0.1873, 0.1400, 0.0733, 0.0000,
        0.5479, 0.8788, 0.6738, 0.8087, 0.9097, 0.2741, 0.2952, 0.0000, 0.8528,
        0.4487, 0.0000, 0.0000, 0.0000, 0.1750, 0.0000, 0.0000, 0.5375, 0.0000,
        0.0000, 0.0000, 0.0000, 0.0000, 0.0000, 0.0000, 0.0000, 0.0000, 0.0026,
        0.0000, 0.0000, 0.8870, 0.0000, 0.0000, 0.0000, 0.0000])
tensor([0.0000, 0.5194, 0.2667, 0.0000, 0.1227, 0.1778, 0.1667, 0.0778, 0.0000,
        0.5708, 0.8924, 0.6738, 0.8087, 0.9236, 0.2037, 0.3571, 0.0333, 0.8694,
        0.4513, 0.0000, 0.0000, 0.0000, 0.2667, 0.0000, 0.0000, 0.5896, 0.0000,
        0.0000, 0.0000, 0.0000, 0.0000, 0.0000, 0.0000, 0.0000, 0.0000, 0.0026,
        0.0000, 0.0000, 0.8942, 0.0000, 0.0000, 0.0000, 0.0000])
tensor([0.0000, 0.4764, 0.3160, 0.0067, 0.1470, 0.1857, 0.1400, 0.0867, 0.0000,
        0.6104, 0.8939, 0.6738, 0.7942, 0.9292, 0.3148, 0.3810, 0.1000, 0.8694,
        0.4718, 0.0000, 0.0000, 0.0000, 0.3417, 0.0000, 0.0000, 0.5875, 0.0000,
        0.0000, 0.0000, 0.0000, 0.0000, 0.0000, 0.0000, 0.0000, 0.0000, 0.1974,
        0.0000, 0.0000, 0.8899, 0.0000, 0.0000, 0.0000, 0.0000])
tensor([0.0000, 0.4847, 0.3200, 0.0289, 0.1727, 0.1778, 0.1867, 0.1156, 0.0000,
        0.6292, 0.9015, 0.6857, 0.7826, 0.9347, 0.4926, 0.4238, 0.2933, 0.8694,
        0.5359, 0.0000, 0.0000, 0.0000, 0.4417, 0.0000, 0.0000, 0.5708, 0.0000,
        0.0000, 0.0067, 0.0000, 0.0000, 0.0000, 0.0000, 0.0000, 0.0000, 0.2256,
        0.0000, 0.0000, 0.9000, 0.0000, 0.0000, 0.0000, 0.0000])
tensor([0.0000, 0.4486, 0.3733, 0.0578, 0.1773, 0.1778, 0.2200, 0.1378, 0.0022,
        0.6500, 0.8939, 0.7381, 0.7739, 0.9375, 0.5222, 0.4952, 0.4467, 0.8944,
        0.5513, 0.0000, 0.0000, 0.0000, 0.5750, 0.0000, 0.0000, 0.5771, 0.0000,
        0.0000, 0.0200, 0.0000, 0.0000, 0.0000, 0.0000, 0.0000, 0.0000, 0.2462,
        0.0000, 0.0000, 0.8971, 0.0000, 0.0000, 0.0000, 0.0000])
tensor([0.0000, 0.4694, 0.3507, 0.1067, 0.2212, 0.1540, 0.2667, 0.1600, 0.0400,
        0.6750, 0.8909, 0.7476, 0.7667, 0.9417, 0.5963, 0.5619, 0.5733, 0.9028,
        0.5615, 0.0000, 0.0000, 0.0111, 0.6083, 0.0000, 0.0000, 0.5750, 0.0000,
        0.0000, 0.0267, 0.0000, 0.0000, 0.0259, 0.0000, 0.0000, 0.0000, 0.3590,
        0.0000, 0.0000, 0.8652, 0.0000, 0.0000, 0.0500, 0.0000])
tensor([0.0000, 0.4833, 0.3253, 0.1156, 0.3015, 0.1476, 0.2867, 0.1956, 0.0644,
        0.6792, 0.8606, 0.7524, 0.7609, 0.9444, 0.7259, 0.6286, 0.6067, 0.9222,
        0.5718, 0.0000, 0.0000, 0.1000, 0.6417, 0.0067, 0.0000, 0.5500, 0.0000,
        0.0000, 0.0333, 0.0000, 0.0000, 0.1333, 0.0000, 0.0238, 0.0000, 0.4359,
        0.0000, 0.0000, 0.8391, 0.0000, 0.0000, 0.1667, 0.0000])
tensor([0.0000, 0.5028, 0.2853, 0.1533, 0.3152, 0.1571, 0.3600, 0.2200, 0.0689,
        0.7021, 0.8576, 0.7476, 0.7507, 0.9458, 0.7815, 0.7333, 0.6067, 0.9194,
        0.5538, 0.0000, 0.0000, 0.1667, 0.6333, 0.0133, 0.0000, 0.5708, 0.0111,
        0.0000, 0.0533, 0.0000, 0.0000, 0.1667, 0.1167, 0.0619, 0.0000, 0.4667,
        0.0000, 0.0000, 0.8246, 0.0000, 0.0000, 0.3667, 0.0000])
tensor([0.0000, 0.4972, 0.3107, 0.1644, 0.3197, 0.1238, 0.3533, 0.2489, 0.0844,
        0.6938, 0.8470, 0.7571, 0.7464, 0.9486, 0.8444, 0.7714, 0.6133, 0.9111,
        0.5667, 0.0000, 0.0000, 0.2333, 0.6333, 0.0333, 0.0000, 0.5562, 0.0722,
        0.0000, 0.1067, 0.0222, 0.0000, 0.3000, 0.2333, 0.1714, 0.0000, 0.4949,
        0.0000, 0.0000, 0.8203, 0.0000, 0.0000, 0.4833, 0.0111])
tensor([0.0000, 0.4722, 0.3440, 0.1933, 0.3727, 0.1238, 0.3400, 0.2644, 0.1044,
        0.7063, 0.8500, 0.7619, 0.7435, 0.9472, 0.8593, 0.8619, 0.6133, 0.9250,
        0.5590, 0.0000, 0.0000, 0.2444, 0.6500, 0.0333, 0.0000, 0.5354, 0.1444,
        0.0000, 0.1200, 0.0667, 0.0067, 0.5296, 0.3000, 0.2143, 0.0000, 0.6000,
        0.0000, 0.0000, 0.8174, 0.0222, 0.0000, 0.5500, 0.0111])
tensor([0.0000, 0.4792, 0.3560, 0.1911, 0.3576, 0.1571, 0.4133, 0.2800, 0.1044,
        0.7229, 0.8500, 0.7714, 0.7435, 0.9569, 0.8778, 0.8429, 0.6267, 0.9194,
        0.5667, 0.0000, 0.0000, 0.2778, 0.6583, 0.0333, 0.0000, 0.5375, 0.1556,
        0.0000, 0.1667, 0.1000, 0.0267, 0.5556, 0.3333, 0.3381, 0.0000, 0.6513,
        0.0000, 0.0000, 0.8319, 0.3222, 0.0111, 0.5333, 0.0222])
tensor([0.0000, 0.4583, 0.3853, 0.2156, 0.4061, 0.1746, 0.4867, 0.3111, 0.1022,
        0.7417, 0.8576, 0.7857, 0.7304, 0.9583, 0.9111, 0.8476, 0.6267, 0.9056,
        0.5667, 0.0000, 0.0000, 0.2667, 0.6583, 0.0333, 0.0000, 0.5437, 0.2278,
        0.0000, 0.2333, 0.1556, 0.0467, 0.5741, 0.3000, 0.5952, 0.0083, 0.6564,
        0.0000, 0.0000, 0.8420, 0.4444, 0.0889, 0.5500, 0.0333])
tensor([0.0000, 0.4556, 0.3933, 0.2711, 0.4348, 0.1762, 0.5067, 0.3400, 0.1111,
        0.7292, 0.8606, 0.7857, 0.7290, 0.9597, 0.9074, 0.8857, 0.6533, 0.9056,
        0.5974, 0.0000, 0.0000, 0.3444, 0.6750, 0.0333, 0.0000, 0.5479, 0.2500,
        0.0000, 0.3133, 0.2222, 0.0600, 0.5519, 0.3500, 0.6762, 0.1083, 0.7231,
        0.0250, 0.0000, 0.8478, 0.6000, 0.2000, 0.5500, 0.0333])
tensor([0.0000, 0.4431, 0.3987, 0.2667, 0.5258, 0.1937, 0.5533, 0.3267, 0.1089,
        0.7604, 0.8545, 0.7952, 0.7319, 0.9611, 0.9185, 0.8952, 0.6667, 0.8972,
        0.6026, 0.0000, 0.0000, 0.3444, 0.7083, 0.0400, 0.0000, 0.5333, 0.3222,
        0.0000, 0.3400, 0.2222, 0.0800, 0.5889, 0.4167, 0.7333, 0.3667, 0.7462,
        0.0500, 0.0167, 0.8594, 0.6444, 0.3000, 0.5333, 0.0667])
tensor([0.0000, 0.4167, 0.4293, 0.3156, 0.5348, 0.2190, 0.5467, 0.3533, 0.1111,
        0.7708, 0.8545, 0.7833, 0.7275, 0.9611, 0.9148, 0.8762, 0.6733, 0.9167,
        0.6077, 0.0000, 0.0000, 0.3667, 0.7250, 0.0733, 0.0000, 0.5792, 0.3389,
        0.0000, 0.4133, 0.2556, 0.0733, 0.5556, 0.5167, 0.7714, 0.6583, 0.7590,
        0.1417, 0.0833, 0.8580, 0.6556, 0.4222, 0.5667, 0.0667])
tensor([0.0000, 0.4278, 0.4533, 0.3533, 0.5848, 0.1984, 0.5600, 0.3800, 0.1489,
        0.7854, 0.8227, 0.7952, 0.7304, 0.9569, 0.9111, 0.8524, 0.7333, 0.9222,
        0.6231, 0.0000, 0.0000, 0.3333, 0.7833, 0.0800, 0.0000, 0.5688, 0.3444,
        0.0000, 0.4400, 0.2667, 0.0867, 0.5963, 0.5667, 0.7619, 0.7167, 0.7974,
        0.2667, 0.1500, 0.8841, 0.6667, 0.4444, 0.5500, 0.0667])
tensor([0.0000, 0.4556, 0.4253, 0.4044, 0.5636, 0.2254, 0.5600, 0.3711, 0.2400,
        0.7937, 0.8182, 0.7714, 0.7203, 0.9569, 0.9148, 0.9143, 0.7533, 0.9306,
        0.6385, 0.0000, 0.0000, 0.3000, 0.8167, 0.0800, 0.0000, 0.5771, 0.3889,
        0.0000, 0.5267, 0.2778, 0.0867, 0.5889, 0.6333, 0.7857, 0.7417, 0.8282,
        0.4250, 0.2167, 0.8797, 0.6667, 0.4889, 0.5833, 0.0889])
tensor([0.0000, 0.4625, 0.4360, 0.4311, 0.6106, 0.2651, 0.5600, 0.4044, 0.2289,
        0.8000, 0.8182, 0.7619, 0.7406, 0.9569, 0.9259, 0.9190, 0.7333, 0.9306,
        0.6410, 0.0000, 0.0000, 0.3111, 0.8333, 0.1067, 0.0000, 0.6125, 0.4056,
        0.0000, 0.5133, 0.2667, 0.1067, 0.5926, 0.6833, 0.8095, 0.8000, 0.8333,
        0.4333, 0.2333, 0.8884, 0.6778, 0.5000, 0.6167, 0.0889])
tensor([0.0000, 0.4792, 0.4320, 0.4822, 0.6318, 0.2952, 0.5800, 0.4022, 0.2422,
        0.8000, 0.8273, 0.7476, 0.7478, 0.9583, 0.9259, 0.9143, 0.7467, 0.9389,
        0.6231, 0.0000, 0.0000, 0.2889, 0.8750, 0.1733, 0.0000, 0.6438, 0.4278,
        0.0000, 0.5267, 0.3444, 0.1133, 0.5852, 0.7500, 0.8048, 0.8000, 0.8846,
        0.5083, 0.2333, 0.8957, 0.6889, 0.4778, 0.6167, 0.1000])
tensor([0.0000, 0.4833, 0.4720, 0.5200, 0.6409, 0.3333, 0.5867, 0.4133, 0.2644,
        0.8042, 0.8121, 0.7571, 0.7493, 0.9583, 0.9222, 0.9048, 0.7467, 0.9389,
        0.6231, 0.0000, 0.0000, 0.2889, 0.8833, 0.1733, 0.0000, 0.6562, 0.4333,
        0.0167, 0.5467, 0.3444, 0.1133, 0.6074, 0.8000, 0.8381, 0.8417, 0.8949,
        0.5583, 0.3833, 0.8971, 0.7111, 0.4889, 0.5500, 0.1111])
tensor([0.0000, 0.4639, 0.5253, 0.5556, 0.6500, 0.3429, 0.6067, 0.4200, 0.2822,
        0.8104, 0.8152, 0.7619, 0.7551, 0.9583, 0.9444, 0.8667, 0.7600, 0.9417,
        0.6256, 0.0000, 0.0000, 0.2889, 0.9000, 0.2600, 0.0000, 0.6812, 0.4389,
        0.0167, 0.5333, 0.2889, 0.1133, 0.6222, 0.7667, 0.8381, 0.8500, 0.9077,
        0.6000, 0.3667, 0.8971, 0.8000, 0.4556, 0.5667, 0.1333])
tensor([0.0000, 0.4750, 0.5587, 0.6356, 0.6667, 0.3016, 0.6200, 0.4444, 0.3000,
        0.8146, 0.8091, 0.7619, 0.7536, 0.9556, 0.9444, 0.8429, 0.8067, 0.9417,
        0.6103, 0.0000, 0.0000, 0.2889, 0.9083, 0.2267, 0.0000, 0.7563, 0.4722,
        0.0167, 0.5667, 0.2889, 0.1067, 0.6037, 0.8500, 0.8381, 0.8500, 0.9205,
        0.6083, 0.5167, 0.9072, 0.8444, 0.4778, 0.5833, 0.1556])
tensor([0.0000, 0.5125, 0.5667, 0.6356, 0.6394, 0.3492, 0.6200, 0.4178, 0.3311,
        0.8354, 0.7955, 0.7571, 0.7507, 0.9556, 0.9407, 0.8667, 0.8200, 0.9500,
        0.6231, 0.0000, 0.0000, 0.2889, 0.9250, 0.3533, 0.0000, 0.7396, 0.4222,
        0.0167, 0.6000, 0.3333, 0.1067, 0.6333, 0.8167, 0.8429, 0.8750, 0.9205,
        0.6167, 0.6167, 0.9087, 0.8667, 0.5556, 0.5833, 0.2222])
tensor([0.0000, 0.4958, 0.5760, 0.6667, 0.6697, 0.3778, 0.6333, 0.4578, 0.3333,
        0.8292, 0.8091, 0.7548, 0.7522, 0.9556, 0.9556, 0.8714, 0.8133, 0.9361,
        0.6051, 0.0000, 0.0000, 0.2889, 0.9250, 0.4000, 0.0000, 0.7646, 0.4667,
        0.0667, 0.6200, 0.3111, 0.1133, 0.6370, 0.8667, 0.8429, 0.8917, 0.9282,
        0.6583, 0.6167, 0.9087, 0.8889, 0.5556, 0.6000, 0.2222])
tensor([0.0000, 0.5069, 0.5840, 0.7022, 0.6439, 0.4048, 0.6200, 0.4578, 0.3600,
        0.8375, 0.8121, 0.7429, 0.7652, 0.9569, 0.9741, 0.8905, 0.8267, 0.9444,
        0.6026, 0.0000, 0.0000, 0.2778, 0.9167, 0.4667, 0.0000, 0.7771, 0.4889,
        0.0667, 0.6333, 0.3000, 0.1067, 0.6704, 0.8167, 0.8619, 0.9083, 0.9282,
        0.6417, 0.6500, 0.9145, 0.8667, 0.5667, 0.6000, 0.2667])
tensor([0.0000, 0.5014, 0.6427, 0.7222, 0.6424, 0.4079, 0.6400, 0.4378, 0.3378,
        0.8375, 0.8197, 0.7643, 0.7696, 0.9569, 0.9704, 0.8952, 0.8267, 0.9444,
        0.6103, 0.0000, 0.0000, 0.3556, 0.9167, 0.4733, 0.0000, 0.7979, 0.4778,
        0.0333, 0.6400, 0.3222, 0.1067, 0.6667, 0.8500, 0.8619, 0.9333, 0.9282,
        0.6667, 0.6500, 0.9130, 0.8778, 0.5889, 0.6000, 0.2333])
tensor([0.0000, 0.5222, 0.6387, 0.7311, 0.6636, 0.4286, 0.6200, 0.4267, 0.3444,
        0.8438, 0.8121, 0.7500, 0.7681, 0.9556, 0.9778, 0.8857, 0.8200, 0.9417,
        0.6000, 0.0000, 0.0000, 0.2778, 0.9250, 0.5667, 0.0222, 0.8021, 0.4556,
        0.0667, 0.6667, 0.3000, 0.0933, 0.6852, 0.8500, 0.8714, 0.9000, 0.9282,
        0.6667, 0.7333, 0.9188, 0.8556, 0.5778, 0.6167, 0.2889])
tensor([0.0000, 0.5236, 0.6333, 0.7244, 0.6758, 0.4429, 0.6267, 0.4311, 0.4111,
        0.8542, 0.8152, 0.7548, 0.7754, 0.9569, 0.9704, 0.8667, 0.8200, 0.9528,
        0.5949, 0.0000, 0.0222, 0.3667, 0.9250, 0.5600, 0.0111, 0.8208, 0.5222,
        0.0667, 0.6467, 0.3778, 0.1067, 0.6963, 0.8500, 0.8762, 0.9083, 0.9410,
        0.6667, 0.7667, 0.9188, 0.8444, 0.5889, 0.6000, 0.2556])
tensor([0.0000, 0.5153, 0.6627, 0.7467, 0.6788, 0.4286, 0.6267, 0.4578, 0.4000,
        0.8583, 0.8182, 0.7595, 0.7754, 0.9569, 0.9778, 0.9143, 0.8200, 0.9556,
        0.6103, 0.0000, 0.0222, 0.2778, 0.9250, 0.5733, 0.0444, 0.8167, 0.4833,
        0.0500, 0.6667, 0.3333, 0.1000, 0.7074, 0.8833, 0.8714, 0.9083, 0.9462,
        0.6667, 0.8000, 0.9246, 0.8778, 0.5889, 0.6167, 0.3222])
tensor([0.0167, 0.5306, 0.6600, 0.7444, 0.6894, 0.4302, 0.6267, 0.4511, 0.4200,
        0.8917, 0.8061, 0.7714, 0.7739, 0.9556, 0.9778, 0.9143, 0.8267, 0.9556,
        0.6333, 0.0000, 0.0444, 0.3556, 0.9333, 0.5467, 0.1111, 0.8208, 0.3500,
        0.1167, 0.6867, 0.3333, 0.0800, 0.7222, 0.8667, 0.8810, 0.9583, 0.9436,
        0.6833, 0.8167, 0.9217, 0.8667, 0.6111, 0.6167, 0.3333])
tensor([0.0000, 0.5653, 0.6493, 0.7800, 0.6833, 0.4571, 0.6400, 0.4400, 0.4067,
        0.8813, 0.8258, 0.7643, 0.7739, 0.9542, 0.9778, 0.9143, 0.8267, 0.9528,
        0.6154, 0.0000, 0.0444, 0.3889, 0.9333, 0.5600, 0.1556, 0.8188, 0.4278,
        0.1000, 0.7000, 0.3889, 0.0933, 0.7222, 0.8833, 0.8905, 0.9667, 0.9410,
        0.6667, 0.8333, 0.9275, 0.8333, 0.6000, 0.6000, 0.3667])
tensor([0.0167, 0.5639, 0.6627, 0.7689, 0.6939, 0.4810, 0.6200, 0.4489, 0.4156,
        0.8958, 0.8197, 0.7619, 0.7768, 0.9556, 0.9815, 0.9381, 0.8333, 0.9528,
        0.6051, 0.0167, 0.0444, 0.3222, 0.9333, 0.5667, 0.0667, 0.8333, 0.5000,
        0.0500, 0.7467, 0.3000, 0.0867, 0.7444, 0.8167, 0.8762, 0.9500, 0.9487,
        0.6667, 0.8833, 0.9275, 0.8222, 0.5889, 0.6000, 0.4111])
tensor([0.0167, 0.5597, 0.6813, 0.8089, 0.6955, 0.4746, 0.6467, 0.4578, 0.3978,
        0.8813, 0.8348, 0.7667, 0.7870, 0.9569, 0.9815, 0.9190, 0.8333, 0.9556,
        0.6026, 0.0167, 0.0778, 0.3889, 0.9500, 0.5933, 0.1778, 0.8375, 0.4611,
        0.1167, 0.6933, 0.4556, 0.1133, 0.7667, 0.8667, 0.8857, 0.9750, 0.9359,
        0.6833, 0.8833, 0.9188, 0.7889, 0.5778, 0.6000, 0.6222])
tensor([0.0167, 0.5681, 0.6973, 0.7867, 0.6909, 0.4984, 0.6400, 0.4556, 0.4178,
        0.8896, 0.8485, 0.7500, 0.7884, 0.9569, 0.9815, 0.9333, 0.8333, 0.9583,
        0.6051, 0.0167, 0.0778, 0.3889, 0.9417, 0.5733, 0.1444, 0.8479, 0.4500,
        0.0667, 0.6933, 0.3889, 0.1067, 0.7778, 0.9667, 0.8762, 0.9750, 0.9513,
        0.6583, 0.8833, 0.9275, 0.7778, 0.5889, 0.6000, 0.6111])
tensor([0.0167, 0.5583, 0.7053, 0.8089, 0.7015, 0.4952, 0.6467, 0.4600, 0.4378,
        0.9167, 0.8364, 0.7786, 0.7812, 0.9569, 0.9815, 0.9667, 0.8333, 0.9583,
        0.6026, 0.0333, 0.0667, 0.4000, 0.9500, 0.5600, 0.1778, 0.8500, 0.4444,
        0.1333, 0.7467, 0.4222, 0.1000, 0.7704, 0.9000, 0.8952, 0.9750, 0.9487,
        0.7000, 0.9500, 0.9232, 0.7556, 0.5667, 0.5833, 0.6667])
tensor([0.0167, 0.5667, 0.7107, 0.8044, 0.7121, 0.4746, 0.6133, 0.4733, 0.4600,
        0.9292, 0.8303, 0.7810, 0.7928, 0.9569, 0.9815, 0.9714, 0.8467, 0.9639,
        0.6077, 0.0667, 0.0889, 0.4222, 0.9417, 0.5400, 0.2222, 0.8583, 0.4556,
        0.0833, 0.7400, 0.3556, 0.0933, 0.7593, 0.9000, 0.8905, 0.9750, 0.9487,
        0.6750, 0.9333, 0.9333, 0.7667, 0.5889, 0.5667, 0.6667])
tensor([0.0167, 0.5806, 0.7053, 0.8089, 0.7045, 0.4984, 0.6400, 0.4711, 0.4978,
        0.9229, 0.8394, 0.7571, 0.7971, 0.9625, 0.9815, 0.9762, 0.8467, 0.9750,
        0.6077, 0.0333, 0.0778, 0.4444, 0.9500, 0.6267, 0.1556, 0.8625, 0.4167,
        0.1667, 0.7733, 0.4333, 0.0867, 0.7704, 0.8833, 0.9000, 0.9750, 0.9538,
        0.7083, 0.9667, 0.9232, 0.6556, 0.5889, 0.6167, 0.6778])
tensor([0.0167, 0.5792, 0.7200, 0.8200, 0.7182, 0.5286, 0.6267, 0.4800, 0.4667,
        0.9292, 0.8409, 0.7619, 0.8072, 0.9611, 0.9815, 0.9714, 0.8467, 0.9750,
        0.6103, 0.0000, 0.1111, 0.4556, 0.9500, 0.5733, 0.2444, 0.8771, 0.4611,
        0.0833, 0.7067, 0.4444, 0.1067, 0.7667, 0.8667, 0.8857, 0.9750, 0.9538,
        0.6833, 0.9500, 0.9290, 0.7000, 0.5778, 0.5667, 0.7333])
tensor([0.0000, 0.5986, 0.7373, 0.8244, 0.7030, 0.5349, 0.6533, 0.4933, 0.4644,
        0.9250, 0.8545, 0.7786, 0.8072, 0.9611, 0.9815, 0.9524, 0.8467, 0.9750,
        0.6103, 0.0833, 0.1000, 0.4222, 0.9500, 0.6200, 0.1889, 0.8708, 0.4000,
        0.1667, 0.7400, 0.4222, 0.1067, 0.7667, 0.8500, 0.9000, 0.9833, 0.9513,
        0.6750, 0.9667, 0.9333, 0.6333, 0.5889, 0.6167, 0.7556])
tensor([0.0167, 0.6014, 0.7440, 0.8289, 0.7152, 0.5206, 0.6333, 0.4978, 0.5067,
        0.9417, 0.8561, 0.7738, 0.8072, 0.9625, 0.9815, 0.9667, 0.8467, 0.9750,
        0.6128, 0.0500, 0.1000, 0.4556, 0.9500, 0.6400, 0.2667, 0.8917, 0.4222,
        0.1333, 0.7400, 0.4444, 0.0933, 0.7667, 0.9000, 0.8905, 0.9833, 0.9513,
        0.6917, 0.9667, 0.9319, 0.6889, 0.5778, 0.5833, 0.8000])
tensor([0.0167, 0.6097, 0.7373, 0.8511, 0.7318, 0.5302, 0.6200, 0.4822, 0.5067,
        0.9583, 0.8455, 0.7786, 0.8000, 0.9625, 0.9815, 0.9667, 0.8667, 0.9778,
        0.6256, 0.0500, 0.1111, 0.4667, 0.9583, 0.5933, 0.2444, 0.8750, 0.4167,
        0.1500, 0.7467, 0.4000, 0.0933, 0.7704, 0.9167, 0.9000, 0.9833, 0.9513,
        0.7000, 0.9833, 0.9275, 0.6333, 0.5778, 0.6167, 0.8000])
tensor([0.0167, 0.6167, 0.7467, 0.8533, 0.7152, 0.5381, 0.6200, 0.4978, 0.5622,
        0.9667, 0.8485, 0.7595, 0.8101, 0.9667, 0.9852, 0.9714, 0.8467, 0.9806,
        0.6128, 0.0833, 0.1000, 0.4667, 0.9583, 0.6133, 0.2667, 0.8875, 0.4444,
        0.2000, 0.7400, 0.4444, 0.0933, 0.7667, 0.9000, 0.8952, 0.9917, 0.9462,
        0.6917, 0.9833, 0.9304, 0.6222, 0.5778, 0.6000, 0.8444])
tensor([0.0167, 0.6292, 0.7573, 0.8689, 0.7303, 0.5508, 0.6000, 0.5089, 0.5489,
        0.9646, 0.8652, 0.7738, 0.8130, 0.9653, 0.9815, 0.9619, 0.8733, 0.9833,
        0.6154, 0.0667, 0.1111, 0.4556, 0.9583, 0.6400, 0.2778, 0.8875, 0.4556,
        0.1667, 0.7400, 0.3556, 0.1067, 0.7741, 0.9333, 0.9000, 0.9917, 0.9513,
        0.7000, 0.9833, 0.9290, 0.6333, 0.5778, 0.5833, 0.8556])
tensor([0.0500, 0.6472, 0.7427, 0.8600, 0.7348, 0.5460, 0.6200, 0.5200, 0.5622,
        0.9708, 0.8591, 0.7905, 0.8188, 0.9681, 0.9815, 0.9714, 0.8667, 0.9833,
        0.6308, 0.1000, 0.1333, 0.5000, 0.9583, 0.6467, 0.2667, 0.8958, 0.4056,
        0.1833, 0.7467, 0.4111, 0.0867, 0.7741, 0.9333, 0.9095, 0.9917, 0.9487,
        0.7417, 0.9833, 0.9261, 0.6222, 0.5556, 0.6000, 0.8222])
tensor([0.0667, 0.6528, 0.7507, 0.8600, 0.7439, 0.5571, 0.5933, 0.5156, 0.5867,
        0.9750, 0.8621, 0.7857, 0.8116, 0.9681, 0.9815, 0.9619, 0.8667, 0.9833,
        0.6308, 0.1000, 0.1222, 0.4667, 0.9583, 0.6000, 0.2778, 0.9000, 0.4278,
        0.1833, 0.7267, 0.4667, 0.1200, 0.7741, 0.9333, 0.9048, 0.9917, 0.9487,
        0.7417, 0.9833, 0.9290, 0.6333, 0.5889, 0.6167, 0.8667])
tensor([0.0500, 0.6708, 0.7427, 0.8667, 0.7333, 0.5825, 0.6133, 0.5289, 0.5889,
        0.9729, 0.8712, 0.7810, 0.8188, 0.9681, 0.9815, 0.9857, 0.8733, 0.9861,
        0.6308, 0.1000, 0.1444, 0.5111, 0.9500, 0.6133, 0.2444, 0.9021, 0.4611,
        0.1500, 0.7400, 0.4000, 0.1200, 0.7815, 0.9333, 0.9143, 0.9917, 0.9487,
        0.6917, 0.9833, 0.9304, 0.6222, 0.5556, 0.5833, 0.8667])
tensor([0.0667, 0.6764, 0.7480, 0.8711, 0.7500, 0.5714, 0.6133, 0.5156, 0.6378,
        0.9812, 0.8667, 0.7762, 0.8261, 0.9681, 0.9852, 0.9667, 0.8733, 0.9806,
        0.6205, 0.1500, 0.1444, 0.4889, 0.9583, 0.6133, 0.3000, 0.9000, 0.4278,
        0.2833, 0.7333, 0.5111, 0.1467, 0.7889, 0.9167, 0.9048, 0.9917, 0.9462,
        0.7667, 0.9667, 0.9290, 0.6333, 0.5778, 0.6000, 0.8778])
tensor([0.0500, 0.6875, 0.7467, 0.8844, 0.7500, 0.5778, 0.5933, 0.5267, 0.6578,
        0.9833, 0.8727, 0.7738, 0.8246, 0.9681, 0.9815, 0.9810, 0.8733, 0.9861,
        0.6538, 0.1333, 0.1667, 0.4778, 0.9583, 0.6067, 0.2556, 0.9062, 0.4278,
        0.1500, 0.7400, 0.4333, 0.1800, 0.7778, 0.9333, 0.9095, 0.9917, 0.9410,
        0.7083, 0.9667, 0.9304, 0.6111, 0.5667, 0.5833, 0.8778])
tensor([0.0667, 0.6958, 0.7693, 0.8778, 0.7485, 0.5968, 0.6200, 0.5156, 0.6711,
        0.9771, 0.8818, 0.7976, 0.8246, 0.9694, 0.9852, 0.9571, 0.8733, 0.9833,
        0.6564, 0.1000, 0.1556, 0.4889, 0.9500, 0.6733, 0.3111, 0.9062, 0.4111,
        0.2500, 0.7000, 0.5889, 0.1600, 0.7815, 0.9333, 0.9048, 0.9917, 0.9410,
        0.7667, 0.9833, 0.9275, 0.6222, 0.5667, 0.6333, 0.8667])
tensor([0.0667, 0.7000, 0.7720, 0.8711, 0.7652, 0.6079, 0.6067, 0.5600, 0.6556,
        0.9833, 0.8879, 0.7810, 0.8232, 0.9681, 0.9852, 0.9810, 0.8800, 0.9806,
        0.6487, 0.1167, 0.1556, 0.5111, 0.9583, 0.6067, 0.3000, 0.9062, 0.4111,
        0.2500, 0.7467, 0.4000, 0.1800, 0.7926, 0.9333, 0.9048, 0.9917, 0.9462,
        0.7417, 0.9833, 0.9290, 0.6222, 0.5667, 0.6167, 0.8778])
tensor([0.0500, 0.6958, 0.7760, 0.8800, 0.7682, 0.6111, 0.5933, 0.5578, 0.6978,
        0.9875, 0.8864, 0.7881, 0.8319, 0.9694, 0.9852, 0.9762, 0.8867, 0.9806,
        0.6590, 0.1167, 0.2111, 0.5111, 0.9500, 0.6667, 0.3111, 0.9062, 0.4611,
        0.2333, 0.7067, 0.6222, 0.1933, 0.7852, 0.9667, 0.9048, 0.9917, 0.9462,
        0.7333, 0.9667, 0.9304, 0.6444, 0.5667, 0.6167, 0.8778])
tensor([0.0667, 0.6986, 0.7933, 0.8867, 0.7788, 0.6032, 0.6133, 0.5689, 0.6978,
        0.9812, 0.8970, 0.7905, 0.8391, 0.9694, 0.9852, 0.9714, 0.8867, 0.9833,
        0.6410, 0.1500, 0.1889, 0.5000, 0.9583, 0.6400, 0.3556, 0.9083, 0.4444,
        0.2500, 0.7200, 0.4111, 0.2133, 0.8000, 0.9667, 0.9048, 0.9917, 0.9410,
        0.7750, 0.9833, 0.9304, 0.6333, 0.5667, 0.6167, 0.8778])
tensor([0.0833, 0.7194, 0.7960, 0.8800, 0.7894, 0.6111, 0.6133, 0.5556, 0.7511,
        0.9854, 0.8985, 0.8000, 0.8246, 0.9681, 0.9852, 0.9762, 0.8867, 0.9806,
        0.6795, 0.1333, 0.1889, 0.5000, 0.9500, 0.6400, 0.3111, 0.9062, 0.4056,
        0.2667, 0.7067, 0.6889, 0.2000, 0.7963, 0.9500, 0.9048, 0.9917, 0.9385,
        0.7750, 0.9667, 0.9348, 0.6333, 0.5667, 0.6500, 0.8889])
tensor([0.0667, 0.7236, 0.8000, 0.8689, 0.7894, 0.6127, 0.6000, 0.5756, 0.7333,
        0.9854, 0.8985, 0.7952, 0.8391, 0.9694, 0.9852, 0.9667, 0.9000, 0.9833,
        0.6846, 0.1833, 0.2222, 0.4778, 0.9500, 0.6467, 0.3444, 0.9083, 0.4056,
        0.2333, 0.7267, 0.4222, 0.2600, 0.7963, 0.9667, 0.9048, 0.9917, 0.9410,
        0.7583, 0.9667, 0.9362, 0.6333, 0.5667, 0.6333, 0.8889])
tensor([0.0333, 0.7236, 0.8093, 0.8867, 0.7894, 0.6159, 0.6133, 0.5733, 0.7444,
        0.9875, 0.9030, 0.8024, 0.8449, 0.9694, 0.9852, 0.9667, 0.8867, 0.9861,
        0.6615, 0.1833, 0.2889, 0.4667, 0.9583, 0.6467, 0.3111, 0.9125, 0.4889,
        0.2500, 0.6933, 0.7444, 0.2333, 0.7963, 0.9500, 0.9048, 0.9917, 0.9410,
        0.8083, 0.9667, 0.9319, 0.6333, 0.5667, 0.6333, 0.8889])
tensor([0.0667, 0.7333, 0.8160, 0.8733, 0.7924, 0.6222, 0.6133, 0.5844, 0.7844,
        0.9833, 0.9061, 0.8095, 0.8333, 0.9708, 0.9852, 0.9762, 0.9067, 0.9861,
        0.6667, 0.1333, 0.3000, 0.5222, 0.9417, 0.6267, 0.3444, 0.9083, 0.4611,
        0.2667, 0.7067, 0.5778, 0.2733, 0.7963, 0.9500, 0.9095, 0.9917, 0.9410,
        0.7917, 0.9667, 0.9406, 0.6444, 0.5667, 0.6167, 0.8889])
tensor([0.0167, 0.7417, 0.8293, 0.8822, 0.7939, 0.6286, 0.6133, 0.5778, 0.7978,
        0.9875, 0.9061, 0.7976, 0.8464, 0.9708, 0.9852, 0.9667, 0.9133, 0.9806,
        0.6667, 0.2167, 0.3000, 0.4444, 0.9583, 0.6333, 0.3222, 0.9104, 0.4444,
        0.2500, 0.7000, 0.7111, 0.2933, 0.8074, 0.9500, 0.9190, 0.9917, 0.9410,
        0.8500, 0.9667, 0.9348, 0.6444, 0.5667, 0.6333, 0.8889])
tensor([0.0333, 0.7389, 0.8413, 0.8867, 0.7970, 0.6190, 0.5933, 0.6022, 0.8111,
        0.9854, 0.9136, 0.7810, 0.8449, 0.9708, 0.9852, 0.9810, 0.9200, 0.9806,
        0.6795, 0.1667, 0.3333, 0.4556, 0.9583, 0.6400, 0.3444, 0.9125, 0.4556,
        0.3167, 0.7133, 0.6889, 0.2800, 0.8185, 0.9500, 0.9190, 0.9917, 0.9410,
        0.7833, 0.9667, 0.9420, 0.6556, 0.5667, 0.6333, 0.8889])
tensor([0.0333, 0.7431, 0.8573, 0.8822, 0.8000, 0.6254, 0.6067, 0.6178, 0.8000,
        0.9854, 0.9197, 0.8000, 0.8536, 0.9722, 0.9852, 0.9714, 0.9200, 0.9861,
        0.6769, 0.2000, 0.3333, 0.4778, 0.9583, 0.6333, 0.3667, 0.9125, 0.4556,
        0.2500, 0.7000, 0.7667, 0.3000, 0.8333, 0.9500, 0.9000, 0.9917, 0.9359,
        0.8500, 0.9667, 0.9406, 0.6556, 0.5667, 0.6333, 0.8889])
tensor([0.0167, 0.7597, 0.8707, 0.8822, 0.8106, 0.6254, 0.5933, 0.6200, 0.8156,
        0.9917, 0.9182, 0.8000, 0.8435, 0.9722, 0.9852, 0.9810, 0.9200, 0.9861,
        0.6692, 0.1833, 0.3333, 0.4778, 0.9583, 0.6533, 0.3333, 0.9167, 0.4833,
        0.2500, 0.7200, 0.7000, 0.2800, 0.7963, 0.9500, 0.9333, 0.9917, 0.9359,
        0.8667, 1.0000, 0.9406, 0.6556, 0.5667, 0.6000, 0.8889])
tensor([0.0167, 0.7764, 0.8720, 0.8800, 0.8136, 0.6429, 0.5933, 0.6244, 0.8156,
        0.9833, 0.9212, 0.7857, 0.8565, 0.9722, 0.9852, 0.9762, 0.9200, 0.9889,
        0.6641, 0.2167, 0.4000, 0.4556, 0.9583, 0.6733, 0.3111, 0.9187, 0.5056,
        0.2500, 0.6933, 0.9111, 0.2533, 0.8037, 0.9833, 0.9238, 0.9917, 0.9410,
        0.8417, 0.9833, 0.9420, 0.6556, 0.5333, 0.5833, 0.8889])
tensor([0.0167, 0.7722, 0.8720, 0.8822, 0.8212, 0.6571, 0.6000, 0.6022, 0.8222,
        0.9896, 0.9258, 0.7881, 0.8594, 0.9722, 0.9852, 0.9762, 0.9267, 0.9889,
        0.6692, 0.1833, 0.3556, 0.4667, 0.9583, 0.6267, 0.3556, 0.9187, 0.5056,
        0.2333, 0.7067, 0.8667, 0.3200, 0.8185, 0.9833, 0.9333, 0.9917, 0.9333,
        0.8500, 0.9667, 0.9406, 0.6556, 0.5333, 0.5833, 0.8889])
tensor([0.0167, 0.7778, 0.8760, 0.8867, 0.8242, 0.6460, 0.6000, 0.6556, 0.8311,
        0.9875, 0.9258, 0.7833, 0.8551, 0.9708, 0.9852, 0.9762, 0.9333, 0.9889,
        0.6923, 0.3167, 0.4000, 0.4222, 0.9583, 0.6200, 0.3222, 0.9187, 0.4778,
        0.2333, 0.7067, 0.8889, 0.3333, 0.8037, 1.0000, 0.9429, 0.9917, 0.9410,
        0.8750, 0.9833, 0.9406, 0.6444, 0.5778, 0.6333, 0.9111])
tensor([0.0167, 0.7639, 0.8813, 0.9044, 0.8061, 0.6508, 0.5933, 0.6667, 0.8444,
        0.9875, 0.9242, 0.7905, 0.8580, 0.9708, 0.9889, 0.9714, 0.9267, 0.9889,
        0.6692, 0.1833, 0.3889, 0.4667, 0.9500, 0.6533, 0.3778, 0.9167, 0.5333,
        0.2667, 0.7200, 0.8889, 0.3533, 0.8185, 0.9833, 0.9286, 0.9917, 0.9436,
        0.8833, 0.9667, 0.9420, 0.6556, 0.5444, 0.6000, 0.8889])
tensor([0.0500, 0.7597, 0.8920, 0.9022, 0.8045, 0.6556, 0.6400, 0.6733, 0.8489,
        0.9875, 0.9242, 0.7976, 0.8638, 0.9708, 0.9852, 0.9905, 0.9333, 0.9917,
        0.6564, 0.2333, 0.4111, 0.4444, 0.9500, 0.6467, 0.3333, 0.9208, 0.6111,
        0.2333, 0.7267, 0.8889, 0.3200, 0.8370, 1.0000, 0.9333, 0.9917, 0.9359,
        0.8833, 0.9833, 0.9406, 0.6667, 0.5222, 0.5833, 0.8889])
tensor([0.0500, 0.7694, 0.8947, 0.8978, 0.8106, 0.6683, 0.5800, 0.6578, 0.8667,
        0.9875, 0.9273, 0.7905, 0.8667, 0.9681, 0.9889, 0.9857, 0.9467, 0.9861,
        0.7000, 0.2667, 0.4000, 0.4444, 0.9500, 0.6267, 0.3778, 0.9208, 0.5278,
        0.2500, 0.7333, 0.8889, 0.3467, 0.8259, 1.0000, 0.9286, 0.9917, 0.9410,
        0.8833, 0.9667, 0.9435, 0.6778, 0.6000, 0.6333, 0.9111])
tensor([0.0500, 0.7597, 0.8867, 0.8889, 0.8167, 0.6794, 0.6133, 0.6800, 0.8622,
        0.9875, 0.9273, 0.7929, 0.8783, 0.9667, 0.9889, 0.9905, 0.9400, 0.9861,
        0.7077, 0.2500, 0.5000, 0.4667, 0.9500, 0.6533, 0.3667, 0.9229, 0.4889,
        0.3167, 0.7133, 0.9333, 0.3333, 0.8296, 0.9833, 0.9381, 0.9917, 0.9385,
        0.8750, 0.9667, 0.9449, 0.6778, 0.5889, 0.6000, 0.8889])
tensor([0.0500, 0.7639, 0.9000, 0.9067, 0.8152, 0.6683, 0.6067, 0.6933, 0.8600,
        0.9875, 0.9273, 0.8024, 0.8754, 0.9694, 0.9889, 0.9952, 0.9467, 0.9889,
        0.6974, 0.2500, 0.5111, 0.4667, 0.9583, 0.6467, 0.4111, 0.9167, 0.5500,
        0.2667, 0.7400, 0.8889, 0.3000, 0.8407, 1.0000, 0.9524, 0.9917, 0.9410,
        0.8833, 0.9667, 0.9391, 0.6667, 0.6000, 0.6333, 0.9111])
tensor([0.0667, 0.7708, 0.8960, 0.9044, 0.8273, 0.6921, 0.6000, 0.6733, 0.8622,
        0.9833, 0.9303, 0.8048, 0.8913, 0.9667, 0.9889, 0.9952, 0.9400, 0.9889,
        0.7026, 0.3000, 0.4667, 0.4000, 0.9500, 0.6333, 0.3667, 0.9229, 0.5722,
        0.2833, 0.7467, 0.9333, 0.3333, 0.8259, 1.0000, 0.9429, 0.9833, 0.9410,
        0.8667, 0.9667, 0.9464, 0.6778, 0.6667, 0.6333, 0.9111])
tensor([0.0333, 0.7861, 0.9013, 0.8978, 0.8197, 0.6905, 0.6333, 0.6889, 0.8689,
        0.9875, 0.9303, 0.8024, 0.8826, 0.9639, 0.9889, 0.9952, 0.9533, 0.9861,
        0.6974, 0.2667, 0.5222, 0.4556, 0.9583, 0.6400, 0.3778, 0.9229, 0.5667,
        0.2833, 0.7467, 0.9444, 0.3333, 0.8259, 1.0000, 0.9524, 0.9833, 0.9410,
        0.8917, 0.9667, 0.9464, 0.6778, 0.6111, 0.6000, 0.9111])
tensor([0.0333, 0.8069, 0.8987, 0.9133, 0.8394, 0.6746, 0.6000, 0.6867, 0.8644,
        0.9854, 0.9333, 0.8190, 0.8913, 0.9722, 0.9926, 0.9952, 0.9467, 0.9889,
        0.7051, 0.2667, 0.4889, 0.3889, 0.9583, 0.6467, 0.4111, 0.9250, 0.6556,
        0.2333, 0.7333, 0.9444, 0.3333, 0.8259, 1.0000, 0.9524, 0.9833, 0.9410,
        0.8667, 0.9667, 0.9478, 0.6778, 0.6667, 0.6167, 0.9111])
tensor([0.0333, 0.8097, 0.9027, 0.9022, 0.8485, 0.6937, 0.6267, 0.6800, 0.8689,
        0.9833, 0.9333, 0.8119, 0.8928, 0.9681, 0.9852, 0.9952, 0.9533, 0.9889,
        0.7051, 0.3167, 0.4889, 0.4667, 0.9500, 0.6400, 0.3556, 0.9250, 0.6333,
        0.2500, 0.7400, 0.9556, 0.3267, 0.8259, 0.9833, 0.9476, 0.9833, 0.9410,
        0.8833, 0.9667, 0.9493, 0.7111, 0.6778, 0.5833, 0.9111])
tensor([0.0167, 0.8250, 0.9053, 0.9000, 0.8409, 0.7079, 0.6000, 0.6933, 0.8667,
        0.9875, 0.9333, 0.8048, 0.8899, 0.9722, 0.9926, 0.9952, 0.9467, 0.9889,
        0.7026, 0.3333, 0.5222, 0.4444, 0.9583, 0.6400, 0.4111, 0.9229, 0.6167,
        0.2833, 0.7467, 0.9444, 0.3467, 0.8259, 1.0000, 0.9571, 0.9833, 0.9410,
        0.8917, 0.9833, 0.9449, 0.6889, 0.7333, 0.6167, 0.9111])
tensor([0.0667, 0.8056, 0.9053, 0.9089, 0.8455, 0.7032, 0.6000, 0.6911, 0.8667,
        0.9896, 0.9333, 0.8095, 0.8957, 0.9722, 0.9926, 0.9952, 0.9467, 0.9889,
        0.7154, 0.2500, 0.5000, 0.4444, 0.9583, 0.6600, 0.4667, 0.9292, 0.6167,
        0.3000, 0.7467, 0.9556, 0.3000, 0.8259, 0.9667, 0.9571, 0.9917, 0.9410,
        0.9083, 0.9833, 0.9478, 0.7111, 0.8444, 0.6167, 0.9111])
tensor([0.1167, 0.8111, 0.9093, 0.9044, 0.8409, 0.7079, 0.6067, 0.7022, 0.8667,
        0.9833, 0.9364, 0.8071, 0.8971, 0.9736, 0.9926, 0.9952, 0.9533, 0.9861,
        0.7026, 0.2500, 0.5333, 0.4556, 0.9417, 0.6533, 0.4556, 0.9229, 0.6667,
        0.3167, 0.7667, 0.9556, 0.3333, 0.8370, 0.9833, 0.9524, 0.9833, 0.9385,
        0.9000, 0.9500, 0.9522, 0.7111, 0.7222, 0.6167, 0.9111])
tensor([0.0500, 0.8181, 0.9120, 0.8978, 0.8394, 0.7063, 0.6067, 0.7000, 0.8756,
        0.9833, 0.9379, 0.8119, 0.8986, 0.9639, 0.9889, 0.9952, 0.9533, 0.9833,
        0.7051, 0.3500, 0.5222, 0.4222, 0.9500, 0.6267, 0.4556, 0.9208, 0.6500,
        0.3167, 0.7467, 0.9444, 0.3867, 0.8296, 0.9667, 0.9619, 0.9833, 0.9385,
        0.8917, 0.9833, 0.9507, 0.6889, 0.8000, 0.6167, 0.9111])
