tensor([0., 0., 1., 0., 0., 0., 0., 0., 0., 0., 0., 0., 0., 0., 0., 0., 0., 0.,
        0., 0., 0., 0., 0., 0., 0., 0., 0., 0., 0., 0., 0., 0., 0., 0., 0., 0.,
        0., 0., 0., 0., 0., 0., 0.])
tensor([0., 0., 0., 0., 1., 0., 0., 0., 0., 0., 0., 0., 0., 0., 0., 0., 0., 0.,
        0., 0., 0., 0., 0., 0., 0., 0., 0., 0., 0., 0., 0., 0., 0., 0., 0., 0.,
        0., 0., 0., 0., 0., 0., 0.])
tensor([0., 0., 1., 0., 0., 0., 0., 0., 0., 0., 0., 0., 0., 0., 0., 0., 0., 0.,
        0., 0., 0., 0., 0., 0., 0., 0., 0., 0., 0., 0., 0., 0., 0., 0., 0., 0.,
        0., 0., 0., 0., 0., 0., 0.])
tensor([0., 0., 1., 0., 0., 0., 0., 0., 0., 0., 0., 0., 0., 0., 0., 0., 0., 0.,
        0., 0., 0., 0., 0., 0., 0., 0., 0., 0., 0., 0., 0., 0., 0., 0., 0., 0.,
        0., 0., 0., 0., 0., 0., 0.])
tensor([0., 0., 1., 0., 0., 0., 0., 0., 0., 0., 0., 0., 0., 0., 0., 0., 0., 0.,
        0., 0., 0., 0., 0., 0., 0., 0., 0., 0., 0., 0., 0., 0., 0., 0., 0., 0.,
        0., 0., 0., 0., 0., 0., 0.])
tensor([0.0000, 0.0000, 0.5413, 0.0000, 0.0000, 0.0000, 0.0000, 0.0000, 0.0000,
        0.0000, 0.8379, 0.0000, 0.0348, 0.0000, 0.0000, 0.0000, 0.0000, 0.0000,
        0.0000, 0.0000, 0.0000, 0.0000, 0.0000, 0.0000, 0.0000, 0.0000, 0.0000,
        0.0000, 0.0000, 0.0000, 0.0000, 0.0000, 0.0000, 0.0000, 0.0000, 0.0000,
        0.0000, 0.0000, 0.0000, 0.0000, 0.0000, 0.0000, 0.0000])
tensor([0.0000, 0.5833, 0.1440, 0.0000, 0.0030, 0.0048, 0.0000, 0.0000, 0.0000,
        0.0000, 0.8606, 0.0000, 0.1362, 0.0278, 0.0000, 0.0000, 0.0000, 0.0000,
        0.0000, 0.0000, 0.0000, 0.0000, 0.0000, 0.0000, 0.0000, 0.0000, 0.0000,
        0.0000, 0.0000, 0.0000, 0.0000, 0.0000, 0.0000, 0.0000, 0.0000, 0.0256,
        0.0000, 0.6500, 0.0275, 0.0000, 0.0000, 0.0000, 0.0000])
tensor([0.0000, 0.6153, 0.1560, 0.0000, 0.0288, 0.0238, 0.0000, 0.0000, 0.0133,
        0.0000, 0.7576, 0.0000, 0.5203, 0.0208, 0.0000, 0.0000, 0.0000, 0.9028,
        0.0000, 0.0000, 0.0000, 0.0000, 0.0000, 0.0000, 0.0000, 0.0000, 0.0000,
        0.0000, 0.0000, 0.0000, 0.0000, 0.0000, 0.0000, 0.0000, 0.2417, 0.0000,
        0.0000, 0.4333, 0.0507, 0.0000, 0.0000, 0.0000, 0.0000])
tensor([0.0000, 0.2597, 0.3693, 0.0000, 0.2152, 0.0000, 0.0000, 0.0000, 0.0644,
        0.0229, 0.4909, 0.1405, 0.8536, 0.5500, 0.1000, 0.0000, 0.0000, 0.9000,
        0.0000, 0.0000, 0.0000, 0.0000, 0.0000, 0.0000, 0.0000, 0.0354, 0.0000,
        0.0000, 0.0000, 0.0000, 0.0000, 0.0000, 0.0000, 0.0000, 0.0000, 0.0000,
        0.0000, 0.0000, 0.8580, 0.0000, 0.0000, 0.0000, 0.0000])
tensor([0.0000, 0.6583, 0.1933, 0.0267, 0.1955, 0.0143, 0.0000, 0.0000, 0.2044,
        0.1875, 0.3909, 0.4929, 0.8522, 0.7361, 0.4296, 0.0000, 0.0000, 0.7861,
        0.4897, 0.0000, 0.0000, 0.0000, 0.0000, 0.0000, 0.0000, 0.0146, 0.0000,
        0.0000, 0.0267, 0.0000, 0.0000, 0.0000, 0.0000, 0.0000, 0.0000, 0.0590,
        0.0000, 0.0000, 0.8580, 0.0000, 0.0000, 0.0000, 0.0000])
tensor([0.0000, 0.3986, 0.2107, 0.0222, 0.1939, 0.0889, 0.0133, 0.0000, 0.3933,
        0.2771, 0.7197, 0.5762, 0.8319, 0.8847, 0.4222, 0.0048, 0.0000, 0.8417,
        0.4359, 0.0000, 0.0000, 0.0000, 0.0000, 0.0000, 0.0000, 0.1854, 0.0000,
        0.0000, 0.0000, 0.0000, 0.0000, 0.0074, 0.0000, 0.0000, 0.0000, 0.0205,
        0.0000, 0.0000, 0.8580, 0.0000, 0.0000, 0.0000, 0.0000])
tensor([0.0000, 0.3528, 0.3187, 0.0000, 0.2576, 0.0952, 0.1000, 0.0000, 0.1022,
        0.4479, 0.8318, 0.6048, 0.8014, 0.9264, 0.6259, 0.1857, 0.0000, 0.7806,
        0.4231, 0.0000, 0.0000, 0.0000, 0.0250, 0.0000, 0.0000, 0.3604, 0.0056,
        0.0000, 0.0000, 0.0000, 0.0000, 0.0259, 0.0000, 0.0000, 0.0000, 0.0923,
        0.0000, 0.0000, 0.7855, 0.0000, 0.0000, 0.0000, 0.0000])
tensor([0.0000, 0.4000, 0.3093, 0.0089, 0.1742, 0.1048, 0.2533, 0.0089, 0.1867,
        0.4750, 0.8591, 0.7095, 0.8319, 0.9431, 0.7111, 0.2476, 0.0800, 0.6889,
        0.5436, 0.0000, 0.0000, 0.0000, 0.2000, 0.0000, 0.0000, 0.1729, 0.0444,
        0.0000, 0.0200, 0.0000, 0.0000, 0.0222, 0.0000, 0.0000, 0.0000, 0.1128,
        0.0000, 0.0000, 0.7174, 0.0000, 0.0000, 0.1833, 0.0333])
tensor([0.0000, 0.4097, 0.3467, 0.1044, 0.1621, 0.1270, 0.2533, 0.0178, 0.0578,
        0.5688, 0.8803, 0.7643, 0.8377, 0.9514, 0.8000, 0.3952, 0.4467, 0.5778,
        0.5564, 0.0000, 0.0000, 0.0000, 0.2917, 0.0000, 0.0000, 0.1708, 0.0778,
        0.0000, 0.0733, 0.0000, 0.0000, 0.0333, 0.0000, 0.0000, 0.0000, 0.2205,
        0.0000, 0.0000, 0.6391, 0.0000, 0.0000, 0.3833, 0.0222])
tensor([0.0000, 0.4611, 0.2773, 0.2022, 0.2106, 0.1111, 0.2800, 0.0400, 0.0467,
        0.6542, 0.9015, 0.7976, 0.8333, 0.9486, 0.8630, 0.5476, 0.5800, 0.6194,
        0.5821, 0.0000, 0.0000, 0.0000, 0.4833, 0.0000, 0.0000, 0.2521, 0.1167,
        0.0000, 0.1067, 0.0000, 0.0000, 0.1519, 0.0000, 0.0238, 0.0000, 0.1590,
        0.0000, 0.0000, 0.7058, 0.0000, 0.0000, 0.4667, 0.1222])
tensor([0.0000, 0.4625, 0.2800, 0.2800, 0.3076, 0.1032, 0.3267, 0.0956, 0.0533,
        0.7396, 0.8864, 0.8333, 0.8290, 0.9444, 0.8852, 0.7048, 0.6733, 0.6944,
        0.5846, 0.0000, 0.0000, 0.0000, 0.6500, 0.0200, 0.0000, 0.4250, 0.1444,
        0.0000, 0.2733, 0.0000, 0.0000, 0.4556, 0.0000, 0.0429, 0.0000, 0.1487,
        0.0000, 0.0000, 0.7812, 0.0000, 0.0000, 0.6167, 0.1222])
tensor([0.0000, 0.4653, 0.3053, 0.3444, 0.3591, 0.1127, 0.3667, 0.1822, 0.0511,
        0.7750, 0.8682, 0.8405, 0.8159, 0.9500, 0.8778, 0.7333, 0.7000, 0.8500,
        0.5385, 0.0000, 0.0000, 0.0000, 0.6583, 0.1267, 0.0000, 0.6604, 0.1833,
        0.0000, 0.3667, 0.0444, 0.0000, 0.6148, 0.0000, 0.0524, 0.0000, 0.2282,
        0.0000, 0.0000, 0.8261, 0.0000, 0.0000, 0.6833, 0.1556])
tensor([0.0000, 0.4417, 0.3453, 0.3644, 0.4318, 0.1302, 0.3933, 0.2600, 0.1444,
        0.8062, 0.8530, 0.7929, 0.8087, 0.9514, 0.9074, 0.7667, 0.7200, 0.8889,
        0.5051, 0.0000, 0.0000, 0.0111, 0.6667, 0.4000, 0.0000, 0.7646, 0.2444,
        0.0000, 0.4733, 0.1444, 0.0000, 0.7593, 0.0833, 0.2000, 0.5917, 0.2769,
        0.2167, 0.3333, 0.8638, 0.4667, 0.1889, 0.6833, 0.2111])
tensor([0.0000, 0.4653, 0.3893, 0.3889, 0.4697, 0.1714, 0.4200, 0.3822, 0.1533,
        0.8083, 0.8667, 0.7452, 0.8014, 0.9486, 0.9222, 0.7714, 0.7600, 0.8917,
        0.5282, 0.0000, 0.0111, 0.0889, 0.7417, 0.5200, 0.0000, 0.7854, 0.2833,
        0.0000, 0.5533, 0.1667, 0.0133, 0.8185, 0.2667, 0.3190, 0.7750, 0.4667,
        0.5167, 0.7667, 0.8681, 0.6444, 0.4556, 0.6667, 0.2333])
tensor([0.0000, 0.4778, 0.4427, 0.3822, 0.4030, 0.2143, 0.5200, 0.4667, 0.2289,
        0.8125, 0.8606, 0.7452, 0.8087, 0.9417, 0.9000, 0.7714, 0.7933, 0.9250,
        0.5487, 0.0000, 0.0222, 0.1556, 0.8083, 0.5333, 0.0889, 0.7917, 0.3056,
        0.0000, 0.5533, 0.3667, 0.0333, 0.8296, 0.2667, 0.6476, 0.8833, 0.5897,
        0.7333, 0.8000, 0.8667, 0.5444, 0.4111, 0.6833, 0.3889])
tensor([0.0000, 0.5708, 0.4733, 0.3622, 0.4848, 0.2429, 0.5733, 0.5000, 0.2800,
        0.7792, 0.8379, 0.7381, 0.8087, 0.9361, 0.9000, 0.7857, 0.8000, 0.9333,
        0.5103, 0.0333, 0.0111, 0.1778, 0.8167, 0.4667, 0.1667, 0.8062, 0.3833,
        0.0000, 0.6400, 0.4222, 0.0467, 0.8296, 0.2833, 0.7476, 0.9250, 0.6795,
        0.7667, 0.8167, 0.8841, 0.6000, 0.4333, 0.6500, 0.4778])
tensor([0.0000, 0.6403, 0.5253, 0.3867, 0.6167, 0.2222, 0.5733, 0.5200, 0.3200,
        0.7729, 0.7985, 0.7619, 0.8145, 0.9250, 0.8852, 0.8619, 0.8133, 0.9389,
        0.5359, 0.0833, 0.0111, 0.1778, 0.8667, 0.4200, 0.1222, 0.8146, 0.4278,
        0.0167, 0.5733, 0.5667, 0.0667, 0.8444, 0.3000, 0.8476, 0.9250, 0.7179,
        0.7667, 0.8500, 0.9101, 0.5889, 0.5000, 0.6500, 0.5889])
tensor([0.0000, 0.6653, 0.6147, 0.4311, 0.6636, 0.2460, 0.5933, 0.5200, 0.3667,
        0.7854, 0.8015, 0.7833, 0.8159, 0.9181, 0.8889, 0.8333, 0.8200, 0.9444,
        0.5462, 0.1667, 0.0556, 0.1889, 0.9083, 0.3067, 0.2444, 0.8646, 0.4167,
        0.1667, 0.6200, 0.5222, 0.0800, 0.8704, 0.2667, 0.9190, 0.9333, 0.7692,
        0.7833, 0.8667, 0.9362, 0.6111, 0.6111, 0.6500, 0.6333])
tensor([0.0000, 0.6500, 0.7293, 0.5489, 0.6121, 0.2571, 0.6467, 0.4711, 0.3444,
        0.8021, 0.8015, 0.8095, 0.8203, 0.9042, 0.9185, 0.7952, 0.8600, 0.9556,
        0.4769, 0.2333, 0.0889, 0.2444, 0.8667, 0.3933, 0.2556, 0.8938, 0.4444,
        0.2000, 0.6667, 0.4333, 0.0733, 0.8778, 0.2667, 0.9143, 0.9083, 0.8641,
        0.8000, 0.8833, 0.9464, 0.5778, 0.5667, 0.6500, 0.6556])
tensor([0.0333, 0.6264, 0.7720, 0.6644, 0.6561, 0.2492, 0.6000, 0.4422, 0.3244,
        0.8438, 0.8167, 0.8238, 0.8290, 0.8972, 0.9037, 0.7952, 0.8600, 0.9583,
        0.5692, 0.2500, 0.1333, 0.1556, 0.8917, 0.4533, 0.4556, 0.9333, 0.3556,
        0.2333, 0.6800, 0.3444, 0.0467, 0.8815, 0.5333, 0.9286, 0.9417, 0.9000,
        0.7833, 0.8833, 0.9623, 0.5778, 0.6667, 0.6500, 0.6222])
tensor([0.0167, 0.6639, 0.7760, 0.6289, 0.7727, 0.2825, 0.6867, 0.4889, 0.3533,
        0.8500, 0.8318, 0.8357, 0.8435, 0.9097, 0.8444, 0.8810, 0.8733, 0.9722,
        0.6282, 0.3500, 0.1333, 0.1889, 0.8667, 0.4067, 0.4556, 0.9417, 0.3444,
        0.2500, 0.6467, 0.3333, 0.0467, 0.8778, 0.6167, 0.9238, 0.9500, 0.9103,
        0.8167, 0.9000, 0.9594, 0.6222, 0.6889, 0.6667, 0.6778])
tensor([0.0167, 0.6708, 0.7800, 0.6489, 0.8152, 0.3651, 0.6667, 0.5000, 0.3622,
        0.8521, 0.8545, 0.8286, 0.8580, 0.9153, 0.8074, 0.9190, 0.8800, 0.9528,
        0.6436, 0.3667, 0.1778, 0.2111, 0.8833, 0.4600, 0.4111, 0.9458, 0.3444,
        0.2333, 0.6067, 0.3111, 0.0400, 0.8926, 0.7667, 0.9048, 0.9500, 0.9256,
        0.8083, 0.9167, 0.9710, 0.6444, 0.6667, 0.6500, 0.7222])
tensor([0.0000, 0.7389, 0.7400, 0.6689, 0.8106, 0.4270, 0.7067, 0.5111, 0.3800,
        0.8542, 0.8939, 0.8310, 0.8609, 0.9347, 0.8556, 0.9571, 0.8800, 0.9444,
        0.6308, 0.3500, 0.1778, 0.3000, 0.8750, 0.5800, 0.3333, 0.9500, 0.3944,
        0.1833, 0.5933, 0.3222, 0.0400, 0.9037, 0.7833, 0.8619, 0.9583, 0.9564,
        0.8167, 0.9167, 0.9638, 0.7556, 0.6556, 0.6667, 0.7333])
tensor([0.0000, 0.7500, 0.7387, 0.7222, 0.7803, 0.4587, 0.7067, 0.5022, 0.4467,
        0.8667, 0.9136, 0.8333, 0.8609, 0.9542, 0.9407, 0.9714, 0.8600, 0.9444,
        0.6128, 0.3667, 0.2111, 0.3889, 0.8750, 0.6267, 0.3000, 0.9500, 0.4333,
        0.2000, 0.6000, 0.3667, 0.0400, 0.9074, 0.8500, 0.8524, 0.9750, 0.9436,
        0.8083, 0.9167, 0.9507, 0.8778, 0.6111, 0.6500, 0.7333])
tensor([0.0000, 0.7278, 0.7333, 0.7400, 0.8076, 0.5508, 0.7200, 0.4867, 0.5467,
        0.8792, 0.9152, 0.8214, 0.8594, 0.9625, 0.9407, 0.9714, 0.8600, 0.9361,
        0.6333, 0.4000, 0.2444, 0.4556, 0.8917, 0.6733, 0.2444, 0.9583, 0.4389,
        0.2333, 0.6067, 0.4333, 0.0400, 0.8963, 0.8500, 0.8619, 0.9750, 0.9333,
        0.8333, 0.9167, 0.9638, 0.9111, 0.6333, 0.6500, 0.7444])
tensor([0.0000, 0.7667, 0.7280, 0.7400, 0.7788, 0.6016, 0.7133, 0.4733, 0.5978,
        0.9125, 0.9258, 0.8214, 0.8696, 0.9667, 0.9519, 0.9714, 0.8933, 0.9333,
        0.6359, 0.4167, 0.2333, 0.4778, 0.9000, 0.6933, 0.3889, 0.9521, 0.4889,
        0.2667, 0.6267, 0.4667, 0.0333, 0.8704, 0.9167, 0.8762, 0.9750, 0.9410,
        0.8167, 0.9167, 0.9681, 0.9222, 0.5889, 0.6667, 0.8000])
tensor([0.0167, 0.7611, 0.7413, 0.7467, 0.8106, 0.6460, 0.7133, 0.4756, 0.6556,
        0.9396, 0.9242, 0.8143, 0.8768, 0.9639, 0.9481, 0.9667, 0.8933, 0.9139,
        0.6359, 0.4000, 0.3222, 0.5556, 0.9000, 0.6800, 0.4333, 0.9438, 0.5167,
        0.2833, 0.6400, 0.4556, 0.0400, 0.8815, 0.9500, 0.9048, 0.9750, 0.9564,
        0.8750, 0.9500, 0.9725, 0.8333, 0.6444, 0.6833, 0.7667])
tensor([0.0167, 0.7750, 0.7747, 0.7600, 0.8333, 0.6381, 0.7333, 0.4667, 0.6244,
        0.9500, 0.9273, 0.8214, 0.8768, 0.9625, 0.9593, 0.9667, 0.9000, 0.9250,
        0.5974, 0.4500, 0.3222, 0.5556, 0.9000, 0.6333, 0.3444, 0.9500, 0.5722,
        0.2833, 0.6733, 0.4778, 0.0533, 0.8815, 0.9333, 0.8857, 0.9833, 0.9590,
        0.8417, 0.9667, 0.9739, 0.9222, 0.6667, 0.7000, 0.7556])
tensor([0.0167, 0.8056, 0.7800, 0.7667, 0.8485, 0.6508, 0.7400, 0.4911, 0.6578,
        0.9563, 0.9273, 0.8238, 0.8855, 0.9667, 0.9704, 0.9667, 0.9000, 0.9167,
        0.5692, 0.4167, 0.3333, 0.5556, 0.9000, 0.6867, 0.4444, 0.9542, 0.6222,
        0.2833, 0.6933, 0.4556, 0.0667, 0.8889, 0.9667, 0.9095, 0.9833, 0.9564,
        0.8750, 0.9667, 0.9754, 0.9000, 0.7000, 0.7167, 0.7667])
tensor([0.0167, 0.8056, 0.7840, 0.7778, 0.8621, 0.6905, 0.7533, 0.5178, 0.6289,
        0.9646, 0.9379, 0.8286, 0.8855, 0.9708, 0.9778, 0.9714, 0.8867, 0.9056,
        0.5769, 0.4667, 0.3556, 0.5556, 0.9000, 0.6533, 0.3444, 0.9500, 0.5889,
        0.2833, 0.7067, 0.4778, 0.1067, 0.9000, 0.9167, 0.9095, 0.9833, 0.9564,
        0.8750, 0.9667, 0.9754, 0.9000, 0.6778, 0.7500, 0.7889])
tensor([0.0500, 0.7958, 0.8000, 0.7956, 0.8742, 0.7048, 0.7533, 0.5667, 0.6978,
        0.9771, 0.9394, 0.8429, 0.8870, 0.9722, 0.9852, 0.9714, 0.9067, 0.9028,
        0.5487, 0.4167, 0.3889, 0.5667, 0.9083, 0.6667, 0.3444, 0.9438, 0.6500,
        0.3167, 0.6867, 0.5111, 0.1067, 0.8963, 0.9500, 0.9286, 0.9833, 0.9564,
        0.8667, 0.9833, 0.9768, 0.9444, 0.6667, 0.7667, 0.8000])
tensor([0.0000, 0.8222, 0.8067, 0.8067, 0.8833, 0.7095, 0.7400, 0.6244, 0.6956,
        0.9771, 0.9424, 0.8357, 0.8884, 0.9764, 0.9852, 0.9714, 0.9067, 0.9361,
        0.5538, 0.4167, 0.4444, 0.6111, 0.9167, 0.6800, 0.3222, 0.9521, 0.6722,
        0.3167, 0.6600, 0.5556, 0.1133, 0.8926, 0.9000, 0.9286, 0.9833, 0.9590,
        0.8583, 0.9667, 0.9739, 0.9222, 0.7667, 0.7667, 0.8000])
tensor([0.0333, 0.8250, 0.8080, 0.8489, 0.8894, 0.7143, 0.7600, 0.6622, 0.7022,
        0.9792, 0.9409, 0.8405, 0.8942, 0.9792, 0.9889, 0.9714, 0.8867, 0.9333,
        0.5538, 0.4167, 0.4333, 0.6667, 0.9167, 0.6667, 0.3111, 0.9458, 0.6556,
        0.3167, 0.7067, 0.5000, 0.1600, 0.9074, 0.9167, 0.9524, 0.9833, 0.9410,
        0.8583, 0.9833, 0.9725, 0.9222, 0.7333, 0.7500, 0.8000])
tensor([0.0833, 0.8347, 0.8267, 0.8378, 0.8894, 0.7238, 0.7467, 0.6978, 0.7222,
        0.9792, 0.9455, 0.8452, 0.8899, 0.9819, 0.9889, 0.9714, 0.9067, 0.9417,
        0.5821, 0.4000, 0.4333, 0.7111, 0.9250, 0.6667, 0.3000, 0.9458, 0.6611,
        0.2833, 0.7400, 0.5000, 0.1867, 0.9037, 0.9167, 0.9476, 0.9833, 0.9538,
        0.8583, 0.9833, 0.9681, 0.9111, 0.8111, 0.7500, 0.7889])
tensor([0.0833, 0.8431, 0.8293, 0.8289, 0.9045, 0.7381, 0.7333, 0.7156, 0.7267,
        0.9812, 0.9455, 0.8548, 0.8928, 0.9833, 0.9889, 0.9714, 0.9200, 0.9444,
        0.5692, 0.4000, 0.4556, 0.7000, 0.9167, 0.6400, 0.3000, 0.9396, 0.6833,
        0.3000, 0.7133, 0.5222, 0.2200, 0.9148, 0.9000, 0.9619, 0.9833, 0.9410,
        0.8583, 0.9833, 0.9638, 0.9000, 0.8111, 0.7500, 0.7889])
tensor([0.0833, 0.8583, 0.8280, 0.8378, 0.9061, 0.7444, 0.7467, 0.7689, 0.7244,
        0.9771, 0.9470, 0.8571, 0.8986, 0.9847, 0.9889, 0.9714, 0.9267, 0.9417,
        0.5179, 0.4333, 0.5000, 0.6778, 0.9250, 0.6600, 0.2889, 0.9479, 0.7167,
        0.3167, 0.7600, 0.5111, 0.1600, 0.9148, 0.9000, 0.9333, 0.9833, 0.9615,
        0.8583, 0.9833, 0.9652, 0.9222, 0.8667, 0.7500, 0.7889])
tensor([0.0833, 0.8528, 0.8360, 0.8556, 0.9136, 0.7540, 0.7333, 0.7756, 0.7533,
        0.9771, 0.9485, 0.8619, 0.8913, 0.9819, 0.9889, 0.9714, 0.9267, 0.9306,
        0.5231, 0.4333, 0.5000, 0.7000, 0.9250, 0.7067, 0.2222, 0.9312, 0.7333,
        0.3000, 0.7667, 0.5444, 0.2400, 0.9074, 0.8833, 0.9667, 0.9833, 0.9513,
        0.8750, 0.9833, 0.9623, 0.9222, 0.8778, 0.7500, 0.7778])
tensor([0.0833, 0.8722, 0.8333, 0.8489, 0.9152, 0.7651, 0.7400, 0.7778, 0.7422,
        0.9708, 0.9485, 0.8571, 0.8957, 0.9847, 0.9889, 0.9762, 0.9267, 0.9306,
        0.5282, 0.4667, 0.5556, 0.7222, 0.9250, 0.6733, 0.3111, 0.9417, 0.7333,
        0.3167, 0.7600, 0.5778, 0.2467, 0.9074, 0.8333, 0.9381, 0.9833, 0.9436,
        0.8667, 1.0000, 0.9623, 0.9333, 0.8556, 0.7500, 0.7889])
tensor([0.0667, 0.8847, 0.8400, 0.8600, 0.9152, 0.7730, 0.7800, 0.7933, 0.7800,
        0.9771, 0.9485, 0.8714, 0.9014, 0.9875, 0.9889, 0.9762, 0.9267, 0.9417,
        0.5308, 0.4333, 0.5889, 0.7000, 0.9250, 0.6800, 0.3111, 0.9375, 0.7333,
        0.3000, 0.8067, 0.5333, 0.2667, 0.9111, 0.8667, 0.9667, 0.9833, 0.9462,
        0.8667, 0.9833, 0.9667, 0.9111, 0.9111, 0.7500, 0.7778])
tensor([0.1000, 0.8806, 0.8493, 0.8600, 0.9152, 0.7921, 0.7400, 0.8156, 0.7867,
        0.9771, 0.9485, 0.8690, 0.8942, 0.9875, 0.9889, 0.9762, 0.9267, 0.9333,
        0.5128, 0.4833, 0.5778, 0.6889, 0.9333, 0.6867, 0.3000, 0.9333, 0.7667,
        0.3000, 0.7933, 0.5556, 0.3267, 0.9037, 0.9000, 0.9762, 0.9833, 0.9487,
        0.8750, 1.0000, 0.9667, 0.9000, 0.9111, 0.7500, 0.7889])
tensor([0.0667, 0.9042, 0.8347, 0.8667, 0.9197, 0.8016, 0.7533, 0.8222, 0.7578,
        0.9792, 0.9485, 0.8643, 0.8957, 0.9875, 0.9926, 0.9762, 0.9333, 0.9389,
        0.5462, 0.4333, 0.5556, 0.7333, 0.9333, 0.6600, 0.3111, 0.9354, 0.7389,
        0.3000, 0.7867, 0.6333, 0.3667, 0.9074, 0.8667, 0.9619, 0.9750, 0.9538,
        0.8667, 0.9667, 0.9681, 0.9222, 0.9222, 0.7500, 0.7889])
tensor([0.1000, 0.9042, 0.8493, 0.8778, 0.9242, 0.8079, 0.7667, 0.8378, 0.8067,
        0.9812, 0.9545, 0.8714, 0.8986, 0.9903, 0.9926, 0.9762, 0.9400, 0.9278,
        0.5359, 0.4500, 0.6000, 0.7667, 0.9250, 0.6867, 0.3333, 0.9354, 0.7667,
        0.3333, 0.7933, 0.6111, 0.3600, 0.9037, 0.8500, 0.9667, 0.9833, 0.9538,
        0.8500, 1.0000, 0.9652, 0.9333, 0.8889, 0.7500, 0.8000])
tensor([0.1000, 0.9208, 0.8360, 0.8778, 0.9182, 0.8079, 0.7600, 0.8356, 0.7867,
        0.9812, 0.9545, 0.8667, 0.8942, 0.9889, 0.9926, 0.9762, 0.9333, 0.9444,
        0.5846, 0.4833, 0.6444, 0.7667, 0.9333, 0.7133, 0.3444, 0.9354, 0.7222,
        0.3500, 0.7933, 0.6333, 0.3467, 0.8926, 0.8667, 0.9571, 0.9833, 0.9462,
        0.8750, 0.9333, 0.9667, 0.9000, 0.8889, 0.7500, 0.8111])
tensor([0.1167, 0.9167, 0.8627, 0.9000, 0.9273, 0.8238, 0.7800, 0.8578, 0.8333,
        0.9771, 0.9561, 0.8762, 0.9159, 0.9889, 0.9926, 0.9762, 0.9467, 0.9333,
        0.5846, 0.4833, 0.6556, 0.7333, 0.9333, 0.7067, 0.3556, 0.9438, 0.7667,
        0.3500, 0.8067, 0.6778, 0.3667, 0.9037, 0.8333, 0.9524, 0.9750, 0.9564,
        0.8667, 0.9833, 0.9638, 0.9333, 0.9111, 0.7667, 0.8222])
tensor([0.1167, 0.9194, 0.8627, 0.8844, 0.9197, 0.8095, 0.7867, 0.8556, 0.8244,
        0.9812, 0.9561, 0.8643, 0.8942, 0.9903, 0.9926, 0.9762, 0.9400, 0.9361,
        0.5436, 0.4667, 0.6556, 0.7222, 0.9250, 0.6600, 0.3778, 0.9396, 0.7778,
        0.3500, 0.8000, 0.6778, 0.3933, 0.9185, 0.8500, 0.9667, 0.9833, 0.9462,
        0.8833, 0.9500, 0.9667, 0.8444, 0.9111, 0.7500, 0.8111])
tensor([0.1167, 0.9292, 0.8587, 0.9089, 0.9348, 0.8302, 0.8000, 0.8644, 0.8356,
        0.9771, 0.9621, 0.8786, 0.9101, 0.9903, 0.9926, 0.9762, 0.9533, 0.9167,
        0.6410, 0.4833, 0.6778, 0.7111, 0.9167, 0.6800, 0.4000, 0.9292, 0.7500,
        0.3500, 0.8133, 0.6333, 0.4867, 0.9111, 0.8500, 0.9571, 0.9667, 0.9641,
        0.9083, 1.0000, 0.9652, 0.9667, 0.8778, 0.7667, 0.8333])
tensor([0.1167, 0.9347, 0.8400, 0.8933, 0.9227, 0.8254, 0.7933, 0.8733, 0.8333,
        0.9812, 0.9576, 0.8690, 0.8986, 0.9903, 0.9926, 0.9762, 0.9467, 0.9306,
        0.6000, 0.5167, 0.6444, 0.7444, 0.9250, 0.7267, 0.3667, 0.9396, 0.7722,
        0.3833, 0.8067, 0.6889, 0.4200, 0.9074, 0.8667, 0.9810, 0.9500, 0.9410,
        0.9500, 0.9667, 0.9667, 0.8889, 0.8889, 0.7667, 0.8444])
tensor([0.1500, 0.9417, 0.8693, 0.9067, 0.9348, 0.8333, 0.7867, 0.8889, 0.8467,
        0.9750, 0.9606, 0.8833, 0.9188, 0.9917, 0.9926, 0.9810, 0.9600, 0.9028,
        0.6026, 0.4667, 0.7111, 0.7444, 0.9250, 0.6800, 0.3778, 0.9375, 0.8167,
        0.3500, 0.8200, 0.7000, 0.5133, 0.9037, 0.8333, 0.9810, 0.9667, 0.9667,
        0.8917, 1.0000, 0.9609, 0.9333, 0.8667, 0.7667, 0.8333])
tensor([0.1500, 0.9403, 0.8547, 0.9067, 0.9288, 0.8365, 0.7933, 0.8978, 0.8267,
        0.9833, 0.9682, 0.8881, 0.9101, 0.9903, 0.9926, 0.9762, 0.9467, 0.9250,
        0.6205, 0.4833, 0.6889, 0.7444, 0.9167, 0.7067, 0.3778, 0.9396, 0.7611,
        0.3833, 0.8000, 0.7000, 0.5133, 0.9185, 0.8333, 0.9714, 0.9500, 0.9436,
        0.9333, 0.9667, 0.9594, 0.8778, 0.8556, 0.7667, 0.8333])
tensor([0.1667, 0.9472, 0.8680, 0.9178, 0.9273, 0.8492, 0.7933, 0.9067, 0.8556,
        0.9812, 0.9636, 0.9024, 0.9174, 0.9889, 0.9926, 0.9810, 0.9600, 0.8889,
        0.6564, 0.4667, 0.7556, 0.6778, 0.9083, 0.7467, 0.3778, 0.9396, 0.7889,
        0.4000, 0.8200, 0.7000, 0.5333, 0.9037, 0.8333, 0.9714, 0.9667, 0.9564,
        0.8917, 1.0000, 0.9638, 0.9667, 0.9333, 0.7667, 0.8556])
tensor([0.2000, 0.9583, 0.8493, 0.9022, 0.9197, 0.8429, 0.7867, 0.9044, 0.8422,
        0.9854, 0.9682, 0.9000, 0.9159, 0.9944, 0.9926, 0.9810, 0.9333, 0.9306,
        0.6333, 0.5167, 0.7556, 0.7444, 0.9167, 0.7333, 0.4222, 0.9438, 0.7778,
        0.3833, 0.7933, 0.6889, 0.4000, 0.8963, 0.7833, 0.9667, 0.9833, 0.9333,
        0.9000, 0.9500, 0.9565, 0.8556, 0.8667, 0.7667, 0.8333])
tensor([0.1833, 0.9514, 0.8760, 0.9244, 0.9258, 0.8476, 0.7867, 0.9044, 0.8511,
        0.9792, 0.9697, 0.9000, 0.9174, 0.9917, 0.9926, 0.9810, 0.9533, 0.9083,
        0.6410, 0.4667, 0.7556, 0.7333, 0.9250, 0.7533, 0.4556, 0.9417, 0.8111,
        0.3833, 0.8133, 0.6778, 0.5000, 0.9037, 0.7833, 0.9667, 0.9667, 0.9487,
        0.8917, 0.9667, 0.9638, 0.9111, 0.8889, 0.7667, 0.8556])
tensor([0.2333, 0.9569, 0.8693, 0.9178, 0.9242, 0.8492, 0.8067, 0.9089, 0.8667,
        0.9833, 0.9652, 0.8952, 0.9203, 0.9917, 0.9963, 0.9857, 0.9667, 0.9083,
        0.6564, 0.4667, 0.7556, 0.7333, 0.9250, 0.7333, 0.4556, 0.9417, 0.8222,
        0.4167, 0.8267, 0.7333, 0.5333, 0.8963, 0.7167, 0.9667, 0.9667, 0.9436,
        0.8917, 0.9667, 0.9623, 0.9444, 0.8778, 0.7667, 0.8333])
tensor([0.2500, 0.9583, 0.8760, 0.9267, 0.9227, 0.8540, 0.7867, 0.9133, 0.8578,
        0.9854, 0.9697, 0.9024, 0.9217, 0.9931, 0.9963, 0.9857, 0.9667, 0.9111,
        0.6718, 0.5500, 0.7556, 0.6889, 0.9250, 0.7600, 0.4444, 0.9438, 0.8000,
        0.4167, 0.8133, 0.7111, 0.4267, 0.9074, 0.7833, 0.9714, 0.9500, 0.9410,
        0.9250, 1.0000, 0.9609, 0.8889, 0.8556, 0.7667, 0.8778])
tensor([0.2500, 0.9569, 0.8600, 0.9222, 0.9212, 0.8492, 0.7933, 0.9222, 0.8711,
        0.9833, 0.9682, 0.9071, 0.9188, 0.9917, 0.9963, 0.9857, 0.9733, 0.8917,
        0.6718, 0.5833, 0.7556, 0.6778, 0.9167, 0.7333, 0.4333, 0.9417, 0.7944,
        0.4167, 0.8467, 0.7111, 0.5267, 0.8815, 0.7500, 0.9667, 0.9667, 0.9436,
        0.8917, 0.9667, 0.9580, 0.9222, 0.9000, 0.7667, 0.8889])
tensor([0.2833, 0.9667, 0.8747, 0.9156, 0.9303, 0.8603, 0.7933, 0.9244, 0.8711,
        0.9875, 0.9727, 0.9071, 0.9217, 0.9931, 0.9963, 0.9905, 0.9733, 0.9111,
        0.6974, 0.5500, 0.7778, 0.6778, 0.9167, 0.7933, 0.5111, 0.9417, 0.7833,
        0.4167, 0.8267, 0.7778, 0.4800, 0.8889, 0.8000, 0.9714, 0.9500, 0.9462,
        0.9083, 0.9833, 0.9710, 0.9444, 0.8889, 0.7667, 0.8667])
tensor([0.3167, 0.9653, 0.8760, 0.9200, 0.9182, 0.8524, 0.7933, 0.9178, 0.8756,
        0.9875, 0.9682, 0.9024, 0.9261, 0.9931, 0.9963, 0.9952, 0.9733, 0.9167,
        0.6846, 0.5000, 0.7778, 0.6778, 0.9167, 0.7600, 0.4778, 0.9438, 0.7833,
        0.4167, 0.8467, 0.7778, 0.5533, 0.9037, 0.7500, 0.9714, 0.9417, 0.9436,
        0.8833, 1.0000, 0.9609, 0.8889, 0.8444, 0.7667, 0.8889])
tensor([0.2833, 0.9639, 0.8733, 0.9289, 0.9364, 0.8651, 0.8000, 0.9244, 0.8622,
        0.9896, 0.9682, 0.9071, 0.9203, 0.9917, 0.9963, 0.9952, 0.9733, 0.9028,
        0.6897, 0.4667, 0.7667, 0.6444, 0.9250, 0.7733, 0.5111, 0.9417, 0.8278,
        0.4167, 0.8267, 0.8000, 0.5733, 0.8852, 0.7833, 0.9762, 0.9750, 0.9410,
        0.9167, 0.9833, 0.9667, 0.9444, 0.9222, 0.7667, 0.8667])
tensor([0.3000, 0.9694, 0.8747, 0.9244, 0.9136, 0.8460, 0.8067, 0.9289, 0.8778,
        0.9896, 0.9636, 0.9167, 0.9145, 0.9917, 0.9963, 0.9905, 0.9400, 0.9000,
        0.6615, 0.6000, 0.7778, 0.6444, 0.9250, 0.7400, 0.4444, 0.9417, 0.8333,
        0.4167, 0.8533, 0.7556, 0.5067, 0.9111, 0.8167, 0.9762, 0.9667, 0.9282,
        0.9083, 0.9333, 0.9623, 0.8333, 0.8889, 0.7667, 0.8889])
tensor([0.3333, 0.9722, 0.8827, 0.9311, 0.9242, 0.8571, 0.8133, 0.9311, 0.8889,
        0.9896, 0.9682, 0.9000, 0.9232, 0.9917, 0.9963, 0.9952, 0.9733, 0.9222,
        0.6795, 0.5167, 0.8333, 0.6444, 0.9250, 0.7933, 0.5000, 0.9396, 0.8667,
        0.4000, 0.8600, 0.8333, 0.6200, 0.9000, 0.6667, 0.9714, 0.9667, 0.9359,
        0.9167, 0.9833, 0.9623, 0.9000, 0.9111, 0.7667, 0.8333])
tensor([0.2667, 0.9653, 0.8907, 0.9400, 0.9227, 0.8508, 0.7867, 0.9289, 0.8756,
        0.9896, 0.9697, 0.9143, 0.9261, 0.9917, 1.0000, 1.0000, 0.9600, 0.8972,
        0.7026, 0.5833, 0.8444, 0.6556, 0.9250, 0.7933, 0.4667, 0.9396, 0.8111,
        0.4167, 0.8467, 0.7556, 0.5400, 0.8926, 0.7167, 0.9714, 0.9500, 0.9410,
        0.9000, 0.9833, 0.9594, 0.9000, 0.8889, 0.7667, 0.9111])
tensor([0.3333, 0.9750, 0.8787, 0.9400, 0.9030, 0.8413, 0.8000, 0.9267, 0.9044,
        0.9937, 0.9621, 0.9119, 0.9188, 0.9944, 1.0000, 0.9952, 0.9333, 0.9056,
        0.6846, 0.6167, 0.8222, 0.6556, 0.9167, 0.7933, 0.4333, 0.9375, 0.8111,
        0.4167, 0.8533, 0.8333, 0.5800, 0.8852, 0.7167, 0.9714, 0.9833, 0.9308,
        0.9000, 0.9500, 0.9609, 0.8333, 0.9333, 0.7667, 0.8667])
tensor([0.3167, 0.9736, 0.8760, 0.9356, 0.9030, 0.8397, 0.7933, 0.9000, 0.8778,
        0.9937, 0.9621, 0.9190, 0.9159, 0.9944, 1.0000, 1.0000, 0.9200, 0.9306,
        0.6667, 0.5833, 0.8333, 0.6556, 0.9250, 0.8000, 0.4444, 0.9417, 0.8333,
        0.4167, 0.8333, 0.8333, 0.5267, 0.8963, 0.7167, 0.9571, 0.9667, 0.9205,
        0.9167, 0.9167, 0.9551, 0.6778, 0.9111, 0.7500, 0.9111])
tensor([0.3000, 0.9736, 0.8867, 0.9400, 0.8970, 0.8254, 0.7933, 0.9133, 0.8756,
        0.9958, 0.9621, 0.9024, 0.9232, 0.9931, 1.0000, 1.0000, 0.9200, 0.9083,
        0.6436, 0.5167, 0.8333, 0.6556, 0.9333, 0.8067, 0.5556, 0.9396, 0.8222,
        0.4333, 0.8267, 0.8556, 0.5467, 0.8963, 0.7167, 0.9810, 0.9750, 0.9128,
        0.9333, 0.9000, 0.9551, 0.6778, 0.8778, 0.7667, 0.9000])
tensor([0.3167, 0.9722, 0.9027, 0.9422, 0.9273, 0.8571, 0.8067, 0.9333, 0.9156,
        0.9896, 0.9652, 0.9167, 0.9246, 0.9944, 1.0000, 1.0000, 0.9667, 0.9111,
        0.7205, 0.6167, 0.8333, 0.6556, 0.9083, 0.8800, 0.5000, 0.9312, 0.8222,
        0.4167, 0.8533, 0.7556, 0.6400, 0.9037, 0.7167, 0.9810, 0.9750, 0.9256,
        0.9000, 1.0000, 0.9667, 0.9222, 0.9222, 0.7667, 0.9111])
tensor([0.4000, 0.9722, 0.9320, 0.9356, 0.9318, 0.8587, 0.8000, 0.9289, 0.9000,
        0.9833, 0.9682, 0.8976, 0.9333, 0.9931, 1.0000, 1.0000, 0.9867, 0.8889,
        0.7590, 0.6167, 0.8667, 0.6556, 0.9083, 0.8733, 0.5000, 0.9271, 0.8111,
        0.4500, 0.8333, 0.7222, 0.6133, 0.8815, 0.8167, 0.9952, 0.9917, 0.9462,
        0.9083, 1.0000, 0.9783, 0.9556, 0.9333, 0.7833, 0.9000])
tensor([0.4000, 0.9694, 0.9133, 0.9356, 0.9379, 0.8508, 0.8067, 0.9378, 0.9267,
        0.9937, 0.9742, 0.9119, 0.9290, 0.9931, 1.0000, 0.9952, 0.9733, 0.9139,
        0.7359, 0.5667, 0.8556, 0.6556, 0.9167, 0.8733, 0.5556, 0.9229, 0.8389,
        0.4500, 0.8667, 0.8444, 0.6267, 0.8963, 0.7000, 0.9905, 0.9833, 0.9513,
        0.9167, 0.9833, 0.9783, 0.9556, 0.9556, 0.7833, 0.8778])
tensor([0.4000, 0.9722, 0.9120, 0.9422, 0.9318, 0.8508, 0.8067, 0.9356, 0.9178,
        0.9917, 0.9727, 0.9071, 0.9362, 0.9917, 1.0000, 0.9952, 0.9733, 0.9056,
        0.7487, 0.5667, 0.8556, 0.6444, 0.9417, 0.8733, 0.5000, 0.9354, 0.8111,
        0.4500, 0.8600, 0.8000, 0.6733, 0.9222, 0.7167, 0.9905, 0.9917, 0.9359,
        0.9167, 0.9833, 0.9754, 0.9667, 0.9222, 0.7833, 0.8889])
tensor([0.4333, 0.9694, 0.9080, 0.9422, 0.9348, 0.8587, 0.8133, 0.9356, 0.9178,
        0.9917, 0.9712, 0.9143, 0.9319, 0.9917, 1.0000, 1.0000, 0.9733, 0.8889,
        0.7462, 0.6000, 0.8778, 0.6556, 0.9250, 0.8733, 0.5556, 0.9208, 0.8222,
        0.4333, 0.8667, 0.8111, 0.6467, 0.9296, 0.7833, 0.9952, 0.9833, 0.9564,
        0.9167, 0.9833, 0.9768, 0.9556, 0.9556, 0.7833, 0.8889])
tensor([0.4000, 0.9750, 0.9093, 0.9444, 0.9303, 0.8476, 0.8067, 0.9311, 0.9244,
        0.9958, 0.9667, 0.9190, 0.9333, 0.9917, 1.0000, 0.9952, 0.9733, 0.8694,
        0.7205, 0.5000, 0.8778, 0.6556, 0.9083, 0.8733, 0.4778, 0.9250, 0.8667,
        0.4167, 0.8600, 0.9000, 0.6933, 0.9333, 0.7500, 0.9905, 0.9917, 0.9513,
        0.9167, 0.9667, 0.9768, 0.9667, 0.9556, 0.7833, 0.8889])
tensor([0.4333, 0.9708, 0.9107, 0.9444, 0.9273, 0.8556, 0.8133, 0.9267, 0.9244,
        0.9937, 0.9667, 0.9167, 0.9203, 0.9931, 1.0000, 1.0000, 0.9667, 0.8944,
        0.7077, 0.5000, 0.8778, 0.6556, 0.9167, 0.8400, 0.5556, 0.9354, 0.8444,
        0.4167, 0.8600, 0.9111, 0.6667, 0.9111, 0.7167, 0.9905, 0.9833, 0.9333,
        0.9167, 0.9500, 0.9725, 0.9333, 0.9556, 0.7667, 0.8889])
tensor([0.4667, 0.9750, 0.9093, 0.9511, 0.9242, 0.8460, 0.7933, 0.9244, 0.9222,
        0.9958, 0.9636, 0.9238, 0.9290, 0.9931, 1.0000, 1.0000, 0.9667, 0.8806,
        0.7154, 0.5167, 0.8778, 0.6556, 0.9250, 0.8800, 0.6222, 0.9250, 0.8556,
        0.4167, 0.8800, 0.8667, 0.6800, 0.9259, 0.7000, 0.9905, 0.9833, 0.9359,
        0.9083, 0.9500, 0.9754, 0.9556, 0.9667, 0.7667, 0.8889])
tensor([0.4333, 0.9736, 0.9133, 0.9489, 0.9318, 0.8508, 0.8200, 0.9356, 0.9244,
        0.9937, 0.9652, 0.9095, 0.9290, 0.9931, 1.0000, 1.0000, 0.9733, 0.8917,
        0.7308, 0.5167, 0.8778, 0.6222, 0.9167, 0.8933, 0.5667, 0.9312, 0.8722,
        0.4333, 0.8800, 0.8889, 0.7333, 0.9370, 0.7333, 0.9952, 0.9917, 0.9333,
        0.9167, 0.9500, 0.9783, 0.9556, 0.9444, 0.7667, 0.8889])
tensor([0.4333, 0.9750, 0.9173, 0.9444, 0.9394, 0.8571, 0.8067, 0.9311, 0.9289,
        0.9958, 0.9667, 0.9024, 0.9290, 0.9931, 0.9963, 1.0000, 0.9800, 0.8889,
        0.7487, 0.4667, 0.8889, 0.6556, 0.9250, 0.8800, 0.4778, 0.9250, 0.8556,
        0.4333, 0.8600, 0.8889, 0.7400, 0.9222, 0.7833, 0.9952, 0.9917, 0.9359,
        0.9167, 1.0000, 0.9826, 0.9667, 0.9778, 0.7833, 0.8889])
tensor([0.5000, 0.9736, 0.9360, 0.9422, 0.9394, 0.8476, 0.8200, 0.9200, 0.9200,
        0.9917, 0.9682, 0.9000, 0.9319, 0.9931, 1.0000, 1.0000, 0.9867, 0.8889,
        0.7564, 0.5167, 0.9000, 0.6556, 0.9250, 0.8867, 0.6333, 0.9146, 0.8222,
        0.4500, 0.8733, 0.8556, 0.7400, 0.9185, 0.8167, 0.9952, 0.9917, 0.9590,
        0.9167, 0.9667, 0.9826, 0.9667, 0.9667, 0.8000, 0.9000])
tensor([0.5000, 0.9722, 0.9320, 0.9422, 0.9424, 0.8556, 0.8067, 0.9267, 0.9267,
        0.9958, 0.9697, 0.9071, 0.9304, 0.9903, 1.0000, 1.0000, 0.9867, 0.8694,
        0.7590, 0.5833, 0.9000, 0.6444, 0.9250, 0.9000, 0.6111, 0.9062, 0.8167,
        0.4500, 0.8800, 0.8778, 0.7200, 0.9222, 0.8333, 0.9952, 0.9917, 0.9590,
        0.9167, 1.0000, 0.9783, 0.9667, 0.9778, 0.8000, 0.8889])
tensor([0.5500, 0.9750, 0.9200, 0.9467, 0.9379, 0.8476, 0.8200, 0.9356, 0.9267,
        0.9937, 0.9697, 0.9024, 0.9304, 0.9944, 1.0000, 1.0000, 0.9867, 0.8722,
        0.7538, 0.5667, 0.9222, 0.6333, 0.9167, 0.8867, 0.6333, 0.9146, 0.8444,
        0.4333, 0.8867, 0.9111, 0.7533, 0.9296, 0.8333, 0.9952, 0.9917, 0.9641,
        0.9167, 0.9500, 0.9812, 0.9667, 0.9778, 0.8000, 0.8889])
tensor([0.4833, 0.9764, 0.9347, 0.9444, 0.9348, 0.8492, 0.8067, 0.9333, 0.9356,
        0.9958, 0.9667, 0.9048, 0.9333, 0.9931, 1.0000, 1.0000, 0.9800, 0.8833,
        0.7385, 0.5167, 0.9222, 0.6333, 0.9167, 0.8933, 0.6000, 0.9146, 0.8667,
        0.4167, 0.8867, 0.8667, 0.7733, 0.9259, 0.7833, 0.9952, 0.9917, 0.9487,
        0.9167, 1.0000, 0.9826, 0.9667, 0.9667, 0.7833, 0.8889])
tensor([0.4833, 0.9764, 0.9253, 0.9511, 0.9348, 0.8571, 0.8267, 0.9356, 0.9311,
        0.9958, 0.9636, 0.9000, 0.9333, 0.9944, 1.0000, 1.0000, 0.9867, 0.8778,
        0.7590, 0.5000, 0.9222, 0.6556, 0.9167, 0.9000, 0.6778, 0.9125, 0.8611,
        0.4333, 0.8867, 0.8889, 0.7533, 0.9333, 0.8167, 0.9952, 0.9917, 0.9564,
        0.9167, 0.9667, 0.9812, 0.9667, 0.9778, 0.8000, 0.8889])
tensor([0.5333, 0.9708, 0.9187, 0.9533, 0.9303, 0.8492, 0.8067, 0.9311, 0.9289,
        0.9958, 0.9561, 0.9071, 0.9203, 0.9944, 1.0000, 1.0000, 0.9600, 0.8583,
        0.7103, 0.4500, 0.9222, 0.6222, 0.9000, 0.8733, 0.6444, 0.9167, 0.8611,
        0.4500, 0.8867, 0.9111, 0.7467, 0.9296, 0.8500, 0.9952, 0.9917, 0.9333,
        0.9167, 0.9500, 0.9812, 0.9556, 0.9889, 0.7833, 0.9111])
tensor([0.5000, 0.9750, 0.9133, 0.9489, 0.9212, 0.8444, 0.8200, 0.9333, 0.9200,
        0.9979, 0.9591, 0.9048, 0.9377, 0.9944, 1.0000, 1.0000, 0.9667, 0.8694,
        0.7231, 0.4667, 0.9222, 0.6444, 0.9083, 0.8333, 0.7000, 0.9146, 0.8778,
        0.4167, 0.8800, 0.8778, 0.7667, 0.9370, 0.6833, 0.9952, 0.9917, 0.9282,
        0.9167, 0.9333, 0.9826, 0.8778, 0.9667, 0.7833, 0.8889])
tensor([0.5833, 0.9722, 0.9160, 0.9489, 0.9273, 0.8587, 0.8000, 0.9333, 0.9267,
        0.9958, 0.9697, 0.9190, 0.9333, 0.9944, 1.0000, 1.0000, 0.9600, 0.8750,
        0.7128, 0.4667, 0.9333, 0.6111, 0.9250, 0.8800, 0.6333, 0.9208, 0.8556,
        0.4167, 0.8600, 0.9000, 0.7400, 0.9444, 0.6833, 0.9905, 0.9917, 0.9308,
        0.9167, 0.9500, 0.9783, 0.8778, 0.9778, 0.7833, 0.8889])
tensor([0.5667, 0.9778, 0.9107, 0.9578, 0.9227, 0.8349, 0.8067, 0.9311, 0.9111,
        0.9979, 0.9591, 0.9024, 0.9348, 0.9944, 1.0000, 1.0000, 0.9467, 0.8972,
        0.7051, 0.4500, 0.9000, 0.6556, 0.9167, 0.8933, 0.6778, 0.9125, 0.8611,
        0.4167, 0.8533, 0.9111, 0.7533, 0.9407, 0.7167, 0.9905, 0.9917, 0.9282,
        0.9167, 0.9500, 0.9797, 0.8111, 0.9333, 0.7833, 0.8778])
tensor([0.5167, 0.9764, 0.9147, 0.9578, 0.9288, 0.8349, 0.8133, 0.9311, 0.9222,
        0.9979, 0.9606, 0.9071, 0.9377, 0.9944, 1.0000, 1.0000, 0.9600, 0.8806,
        0.7308, 0.4667, 0.9222, 0.6556, 0.9083, 0.8800, 0.7000, 0.9104, 0.8778,
        0.4167, 0.8733, 0.9000, 0.7733, 0.9407, 0.8000, 0.9952, 0.9917, 0.9308,
        0.9083, 1.0000, 0.9826, 0.8778, 0.9333, 0.7833, 0.8889])
tensor([0.6167, 0.9750, 0.9547, 0.9467, 0.9424, 0.8444, 0.8067, 0.9289, 0.9378,
        0.9917, 0.9697, 0.9095, 0.9275, 0.9944, 1.0000, 0.9952, 0.9800, 0.8667,
        0.7513, 0.5167, 0.9333, 0.6556, 0.9083, 0.9000, 0.7111, 0.9000, 0.8500,
        0.4333, 0.8867, 0.8889, 0.7800, 0.9370, 0.8000, 0.9952, 0.9917, 0.9513,
        0.9167, 0.9500, 0.9855, 0.9667, 0.9778, 0.8000, 0.8889])
tensor([0.6500, 0.9750, 0.9587, 0.9400, 0.9439, 0.8698, 0.8133, 0.9200, 0.9444,
        0.9917, 0.9697, 0.9214, 0.9406, 0.9931, 0.9963, 0.9952, 0.9800, 0.8667,
        0.7590, 0.5667, 0.9556, 0.6556, 0.9000, 0.9267, 0.6667, 0.8917, 0.8722,
        0.4000, 0.8667, 0.8778, 0.7333, 0.9333, 0.8500, 0.9952, 0.9917, 0.9718,
        0.9167, 1.0000, 0.9870, 0.9667, 0.9667, 0.8333, 0.8889])
tensor([0.5833, 0.9750, 0.9307, 0.9489, 0.9470, 0.8619, 0.8200, 0.9222, 0.9533,
        0.9958, 0.9682, 0.9190, 0.9406, 0.9944, 0.9963, 0.9952, 0.9867, 0.8583,
        0.7513, 0.5833, 0.9444, 0.6333, 0.9083, 0.9133, 0.7111, 0.8938, 0.8611,
        0.4167, 0.8933, 0.8556, 0.7600, 0.9296, 0.7833, 0.9952, 0.9917, 0.9564,
        0.9083, 1.0000, 0.9812, 0.9667, 0.9778, 0.8333, 0.8667])
tensor([0.6167, 0.9750, 0.9373, 0.9489, 0.9470, 0.8508, 0.8267, 0.9156, 0.9556,
        0.9937, 0.9652, 0.9000, 0.9391, 0.9944, 0.9963, 0.9952, 0.9800, 0.8750,
        0.7487, 0.4833, 0.9444, 0.5556, 0.9250, 0.8667, 0.7222, 0.8979, 0.8667,
        0.4667, 0.8933, 0.8222, 0.7733, 0.9519, 0.7833, 0.9952, 0.9917, 0.9615,
        0.9167, 1.0000, 0.9884, 0.9667, 0.9778, 0.8500, 0.8889])
tensor([0.6000, 0.9764, 0.9440, 0.9489, 0.9439, 0.8413, 0.8333, 0.9222, 0.9511,
        0.9958, 0.9636, 0.9048, 0.9319, 0.9944, 0.9963, 0.9952, 0.9867, 0.8639,
        0.7538, 0.5167, 0.9556, 0.6444, 0.9083, 0.9067, 0.7444, 0.9021, 0.8722,
        0.4833, 0.8867, 0.9000, 0.7600, 0.9407, 0.8500, 0.9857, 0.9917, 0.9538,
        0.9167, 1.0000, 0.9870, 0.9778, 0.9778, 0.8500, 0.8889])
tensor([0.6167, 0.9750, 0.9400, 0.9556, 0.9424, 0.8460, 0.8200, 0.9178, 0.9511,
        0.9979, 0.9636, 0.9024, 0.9246, 0.9944, 0.9963, 0.9952, 0.9800, 0.8667,
        0.7487, 0.5167, 0.9444, 0.6333, 0.9167, 0.9200, 0.7556, 0.8958, 0.8722,
        0.4667, 0.8933, 0.9000, 0.7667, 0.9333, 0.8500, 0.9857, 0.9917, 0.9487,
        0.9167, 0.9500, 0.9826, 0.9667, 0.9778, 0.8000, 0.8778])
tensor([0.6167, 0.9764, 0.9253, 0.9600, 0.9333, 0.8508, 0.8200, 0.9156, 0.9600,
        0.9979, 0.9606, 0.9167, 0.9319, 0.9944, 0.9963, 0.9952, 0.9733, 0.8639,
        0.7462, 0.4833, 0.9556, 0.5556, 0.8917, 0.9200, 0.7444, 0.9021, 0.8611,
        0.4167, 0.8933, 0.9111, 0.7733, 0.9370, 0.8333, 0.9857, 0.9917, 0.9564,
        0.9167, 0.9667, 0.9812, 0.9333, 0.9778, 0.8167, 0.8556])
tensor([0.6333, 0.9764, 0.9320, 0.9556, 0.9394, 0.8397, 0.8267, 0.9200, 0.9600,
        0.9979, 0.9636, 0.9048, 0.9362, 0.9944, 0.9963, 0.9952, 0.9800, 0.8750,
        0.7513, 0.4833, 0.9667, 0.5778, 0.9250, 0.9200, 0.7444, 0.8938, 0.8556,
        0.4833, 0.9067, 0.8889, 0.7333, 0.9519, 0.8167, 0.9857, 0.9917, 0.9564,
        0.9167, 0.9833, 0.9812, 0.9667, 0.9778, 0.8167, 0.8889])
tensor([0.6167, 0.9736, 0.9453, 0.9511, 0.9424, 0.8492, 0.8333, 0.9156, 0.9578,
        0.9979, 0.9652, 0.9190, 0.9377, 0.9944, 0.9963, 0.9952, 0.9867, 0.8694,
        0.7538, 0.5000, 0.9556, 0.6222, 0.9000, 0.9000, 0.7778, 0.8917, 0.8667,
        0.4333, 0.9000, 0.8889, 0.7733, 0.9519, 0.6333, 0.9857, 0.9917, 0.9564,
        0.9083, 1.0000, 0.9899, 0.9778, 0.9778, 0.8333, 0.8889])
tensor([0.6833, 0.9764, 0.9307, 0.9578, 0.9364, 0.8571, 0.8267, 0.9267, 0.9622,
        0.9979, 0.9636, 0.9024, 0.9377, 0.9944, 0.9963, 0.9952, 0.9867, 0.8500,
        0.7564, 0.5167, 0.9778, 0.6222, 0.9000, 0.9333, 0.7556, 0.8938, 0.8611,
        0.4833, 0.9000, 0.9111, 0.7733, 0.9370, 0.8000, 0.9857, 0.9917, 0.9564,
        0.9167, 0.9667, 0.9812, 0.9778, 0.9778, 0.8167, 0.8778])
tensor([0.6500, 0.9792, 0.9413, 0.9556, 0.9364, 0.8460, 0.8333, 0.9178, 0.9667,
        0.9979, 0.9682, 0.9167, 0.9348, 0.9944, 0.9963, 0.9952, 0.9867, 0.8694,
        0.7564, 0.5333, 0.9889, 0.6333, 0.9083, 0.9267, 0.7889, 0.8917, 0.8667,
        0.4333, 0.9067, 0.8889, 0.7467, 0.9333, 0.7833, 0.9857, 0.9917, 0.9564,
        0.9167, 0.9500, 0.9884, 0.9778, 0.9778, 0.8333, 0.8889])
