#dataset: gtsrb
#way backdoor looks like: backdoor_green_1_percent
#merge strategy: sequential
#number of benign sources: 4
#number of malicious sources: 1
#batch size: 512
#distribution of data: equally distributed subset
#percentage of poisoned data in backdoored nodes: 100
#order of time backdoors being inserted: backdoors first
#attack model: basic
#starttime: 073105
training_type;epoch_number;learn_rate;avg_training_loss;avg_test_loss;test_accuracy;timestamp
backdoor;1;0.0001;3.710890054702759;in_between;3.51363097226346;100.0;3.556280058485501;100.0;073140
normal;1;0.0001;in_between;3.7652640565462936;0.4750593824228028;3.7505130767822266;3.7334223199815666;0.4750593824228028;073528
backdoor;2;0.0001;3.5495638847351074;in_between;2.9167781391883785;100.0;3.1476124670613124;28.392715756136184;073721
normal;2;0.0001;in_between;3.7335145927664786;0.4750593824228028;3.670590877532959;3.5514365346490253;4.568487727632621;074114
backdoor;3;0.0001;3.159043550491333;in_between;1.9063222950069278;100.0;3.7444957983843032;0.0;074307
normal;3;0.0001;in_between;3.666963501459818;0.4750593824228028;3.5521745681762695;3.479627025420007;8.297703879651623;074656
backdoor;4;0.0001;3.147174119949341;in_between;1.6605784847353153;100.0;3.6711872502536123;0.0;074850
normal;4;0.0001;in_between;3.6600323046565717;0.4750593824228028;3.527008533477783;3.4616009709953977;8.036421219319081;075239
backdoor;5;0.0001;3.07782244682312;in_between;1.483069635362542;100.0;3.5700076818277413;0.0;075434
normal;5;0.0001;in_between;3.654533389854884;0.4750593824228028;3.502976894378662;3.4371210117898854;8.867775138558986;075825
backdoor;6;0.0001;3.010469913482666;in_between;1.3380194995484462;100.0;3.4798232464401475;0.0;080023
normal;6;0.0001;in_between;3.632139151264351;0.4750593824228028;3.47102952003479;3.408995934469022;10.063341250989707;080418
backdoor;7;0.0001;2.91736102104187;in_between;1.0939445634541394;100.0;3.326801073522862;0.0;080616
normal;7;0.0001;in_between;3.613415942943389;0.4750593824228028;3.437622547149658;3.376800609597684;12.375296912114015;081010
backdoor;8;0.0001;2.778441905975342;in_between;0.6570534688748731;100.0;3.1102139506940323;0.0;081208
normal;8;0.0001;in_between;3.5958084456805475;0.4750593824228028;3.3980872631073;3.3154762733199723;14.28345209817894;081605
backdoor;9;0.0001;2.416141986846924;in_between;0.23450274554303216;100.0;2.9306948458685915;0.0;081801
normal;9;0.0001;in_between;3.55632433434469;0.4750593824228028;3.301926374435425;3.161380679024087;21.045130641330168;082153
backdoor;10;0.0001;2.1326913833618164;in_between;0.1074533690560553;100.0;2.792737285163982;2.889944576405384;082349
normal;10;0.0001;in_between;3.3828222134334176;3.570863024544735;3.0547895431518555;2.8079934259869237;25.64528899445764;082741
backdoor;11;0.0001;1.8527052402496338;in_between;0.07553820364643257;99.89707046714173;2.1212485898607607;31.40934283452098;082936
normal;11;0.0001;in_between;3.0025047030414935;19.53285827395091;2.646399974822998;2.4164897686134514;33.39667458432304;083326
backdoor;12;0.0001;1.8526792526245117;in_between;0.05464703657281653;99.16072842438638;1.6949804165584175;51.54394299287411;083520
normal;12;0.0001;in_between;2.6114183681122576;25.225653206650833;2.3173418045043945;2.1520569234260565;37.7513855898654;083911
backdoor;13;0.0001;1.8204256296157837;in_between;0.04716659721078518;98.64608076009502;1.519896117487505;61.67854315122724;084105
normal;13;0.0001;in_between;2.3958505903834495;33.412509897070464;2.0722711086273193;1.962207968765464;42.169437846397464;084458
backdoor;14;0.0001;1.8191039562225342;in_between;0.06916636703322071;98.13935075217735;1.701968115582319;61.821060965954075;084652
normal;14;0.0001;in_between;2.234511708118381;38.155186064924784;1.873779296875;1.7573623959261184;47.90182106096596;085043
backdoor;15;0.0001;1.3006670475006104;in_between;0.04900888766170209;98.56690419635788;1.3723681307178779;72.46239113222487;085240
normal;15;0.0001;in_between;1.8963191246099163;43.919239904988125;1.6220917701721191;1.5523191426353424;53.61836896278702;085633
backdoor;16;0.0001;1.4616584777832031;in_between;0.057770900922640867;98.37688044338876;1.8199789812898977;63.65003958828187;085832
normal;16;0.0001;in_between;1.7684061662035147;48.09976247030879;1.4132097959518433;1.3293966056237783;62.961203483768806;090224
backdoor;17;0.0001;2.570580005645752;in_between;0.1631087036616068;96.16785431512272;2.4106848154196356;52.81868566904196;090422
normal;17;0.0001;in_between;2.1829135583679733;39.69121140142518;1.365957498550415;1.1781179909845807;66.84877276326208;090814
backdoor;18;0.0001;1.5797336101531982;in_between;0.08007388805833396;97.72763262074426;1.5182484147290058;72.81868566904197;091011
normal;18;0.0001;in_between;1.7014328896952167;56.44497228820269;1.104058861732483;1.0310664414793183;71.51227236737925;091405
backdoor;19;0.0001;1.7525640726089478;in_between;0.10365164115706418;97.00712589073635;1.547454121182669;73.1908155186065;091603
normal;19;0.0001;in_between;1.5900296921779122;57.31591448931116;1.01792573928833;0.976413281607609;74.2042755344418;091956
backdoor;20;0.0001;0.8311029672622681;in_between;0.04838274482310243;98.52731591448931;1.0304900567303172;81.99524940617577;092154
normal;20;0.0001;in_between;1.0697693523488532;72.11401425178147;0.7763542532920837;0.8371491324212564;77.48218527315915;092548
backdoor;21;0.0001;1.8407618999481201;in_between;0.09103933290555566;97.26049089469517;1.5358846801854464;73.92715756136184;092746
normal;21;0.0001;in_between;1.4296505768716288;64.16468725257324;0.8275413513183594;0.8284693756465957;79.42201108471892;093139
backdoor;22;0.0001;0.7328108549118042;in_between;0.03723913592567353;98.78068091844814;0.7937447470138683;86.28661916072842;093336
normal;22;0.0001;in_between;0.9273940780289288;77.71179730799683;0.6432698965072632;0.7426987999125501;80.8313539192399;093726
backdoor;23;0.0001;0.5561665296554565;in_between;0.03303388595958598;99.02612826603325;0.7577665774480559;87.1575613618369;093923
normal;23;0.0001;in_between;0.8119022088492568;79.72288202692003;0.5527377128601074;0.679013910240723;82.3119556611243;094315
backdoor;24;0.0001;1.370149850845337;in_between;0.026411286782199016;99.13697545526524;0.7371121609673459;87.82264449722882;094513
normal;24;0.0001;in_between;0.9581907143974153;80.61757719714964;0.5724326968193054;0.6629122017492686;83.32541567695962;094905
backdoor;25;0.0001;0.48151931166648865;in_between;0.02298517644358172;99.31908155186065;0.5825111201898691;90.26128266033254;095103
normal;25;0.0001;in_between;0.7202517493603632;82.53365003958828;0.46509435772895813;0.6167921517825938;84.38638163103721;095456
backdoor;26;0.0001;0.42165088653564453;in_between;0.02013760993901643;99.39034045922406;0.4966500264920607;91.44893111638955;095651
normal;26;0.0001;in_between;0.656557544638784;83.89548693586698;0.4190797209739685;0.5778401710830411;85.40775930324624;100049
backdoor;27;0.0001;0.39502739906311035;in_between;0.01620373447452947;99.47743467933492;0.5380867566178926;91.27474267616786;100246
normal;27;0.0001;in_between;0.6152884491643354;84.87727632620744;0.3839785158634186;0.5564696957549686;86.02533650039588;100640
backdoor;28;0.0001;0.3786547780036926;in_between;0.008453069728749759;99.7070467141726;0.4682678633423335;92.25653206650831;100839
normal;28;0.0001;in_between;0.590067943956582;85.57403008709421;0.3569333255290985;0.5334482310786667;86.59540775930324;101233
backdoor;29;0.0001;0.3608901798725128;in_between;0.008609108840390414;99.7070467141726;0.3402372147295084;93.70546318289786;101430
normal;29;0.0001;in_between;0.5683614300435625;86.18368962787015;0.3336902856826782;0.5160233483272985;87.36342042755345;101824
backdoor;30;0.0001;0.30766722559928894;in_between;0.01155854323414329;99.58828186856691;0.3893090895217086;93.15914489311164;102019
normal;30;0.0001;in_between;0.5404797829622705;86.65083135391924;0.3070897161960602;0.4945476991075046;87.94932699920824;102411
backdoor;31;0.0001;0.29536953568458557;in_between;0.010069621317767003;99.6437054631829;0.29984569051203425;94.07759303246239;102609
normal;31;0.0001;in_between;0.5248594240262597;87.3317498020586;0.2907325327396393;0.4814758312862635;88.32145684877277;103006
backdoor;32;0.0001;0.276880145072937;in_between;0.004923845208467516;99.83372921615202;0.27920651046982475;94.52889944576405;103201
normal;32;0.0001;in_between;0.5146768918796276;87.48218527315915;0.27076154947280884;0.48337597231589324;88.18685669041963;103555
backdoor;33;0.0001;0.280391663312912;in_between;0.003958003191382094;99.85748218527316;0.25226029179347287;94.89311163895486;103752
normal;33;0.0001;in_between;0.4961497650388112;88.01266825019795;0.25655245780944824;0.4658429622272603;88.812351543943;104142
backdoor;34;0.0001;0.2470320463180542;in_between;0.006844785962893863;99.73871733966746;0.296095614157682;94.57640538400634;104340
normal;34;0.0001;in_between;0.4734760471685293;88.47189231987332;0.2428462654352188;0.45033205807067433;89.2319873317498;104738
backdoor;35;0.0001;0.2512730658054352;in_between;0.004212981285800182;99.83372921615202;0.22993845331791554;95.45526524148852;104937
normal;35;0.0001;in_between;0.46560307530684786;88.58273950910531;0.23562605679035187;0.43670980947317817;89.60411718131434;105332
backdoor;36;0.0001;0.21600206196308136;in_between;0.005149998598136981;99.78622327790974;0.23156560201637347;95.55027711797308;105531
normal;36;0.0001;in_between;0.4494713190521216;89.08946951702296;0.21930544078350067;0.42512607151614423;89.84164687252573;105924
backdoor;37;0.0001;0.209531769156456;in_between;0.003407102900167141;99.85748218527316;0.15044999322717564;96.71417260490895;110122
normal;37;0.0001;in_between;0.4442238459583322;89.03404592240696;0.20850184559822083;0.41978667478946496;90.13460015835312;110522
backdoor;38;0.0001;0.19895169138908386;in_between;0.002629027657044177;99.88915281076801;0.19257591591878062;95.91448931116389;110720
normal;38;0.0001;in_between;0.4421699105607831;89.32699920823437;0.19863921403884888;0.41433644464633246;90.22169437846398;111113
backdoor;39;0.0001;0.19466017186641693;in_between;0.0022881072551389583;99.88915281076801;0.18765516001745905;96.28661916072842;111310
normal;39;0.0001;in_between;0.43281445476806835;89.55661124307206;0.18987195193767548;0.40582530270090955;90.49881235154395;111703
backdoor;40;0.0001;0.17926113307476044;in_between;0.002059428267433844;99.92874109263659;0.12428469925953675;97.18923198733175;111903
normal;40;0.0001;in_between;0.4139338371778233;89.85748218527316;0.18083295226097107;0.39962043165688654;90.6571654790182;112257
backdoor;41;0.0001;0.16755016148090363;in_between;0.002294426116416185;99.88915281076801;0.11106733411243767;97.50593824228028;112457
normal;41;0.0001;in_between;0.4064028731623247;90.15835312747427;0.1735081821680069;0.38490244842009796;90.99762470308788;112851
backdoor;42;0.0001;0.1709715574979782;in_between;0.0019027086430150346;99.92874109263659;0.11783392838986262;97.45051464766429;113051
normal;42;0.0001;in_between;0.4040169464437526;90.38004750593824;0.16557824611663818;0.39081588044396864;90.89469517022961;113446
backdoor;43;0.0001;0.16805897653102875;in_between;0.0016045705906225344;99.94457640538401;0.08687664947147324;97.93349168646081;113644
normal;43;0.0001;in_between;0.3936911024937815;90.42755344418052;0.16228777170181274;0.38045560779405413;91.22723673792558;114039
backdoor;44;0.0001;0.14687208831310272;in_between;0.0020372889363756276;99.91290577988916;0.10969472509098732;97.54552652414885;114238
normal;44;0.0001;in_between;0.3944838657515066;90.45922406967537;0.154799684882164;0.3733021721798375;91.41726049089469;114632
backdoor;45;0.0001;0.1435248702764511;in_between;0.003007736075201285;99.87331749802058;0.0973473098102488;97.79889152810767;114833
normal;45;0.0001;in_between;0.37864727056507824;90.91844813935076;0.14827993512153625;0.37307413083074215;91.39350752177356;115225
backdoor;46;0.0001;0.13982750475406647;in_between;0.0011251121801491946;99.94457640538401;0.10306777206565874;97.68012668250198;115421
normal;46;0.0001;in_between;0.38089259473086345;90.80760095011877;0.14061680436134338;0.3636698784756453;91.7181314330958;115814
backdoor;47;0.0001;0.1250046342611313;in_between;0.002185176831676742;99.88915281076801;0.06950705672480809;98.25019794140934;120015
normal;47;0.0001;in_between;0.37189983494774465;91.05304829770388;0.1371585726737976;0.35892729249532884;91.80522565320665;120410
backdoor;48;0.0001;0.12485865503549576;in_between;0.002792878737282347;99.87331749802058;0.0829892212119446;98.06017418844023;120607
normal;48;0.0001;in_between;0.36841532781967923;91.14806017418844;0.13301196694374084;0.3587491819241268;91.78147268408551;120959
backdoor;49;0.0001;0.11970353126525879;in_between;0.0026613615317379294;99.8812351543943;0.07589408205505033;98.24228028503563;121156
normal;49;0.0001;in_between;0.35838438246992027;91.3618368962787;0.12749092280864716;0.3591998459701961;91.78147268408551;121550
backdoor;50;0.0001;0.11160145699977875;in_between;0.0011428926812384575;99.94457640538401;0.07252704049515894;98.25811559778306;121749
normal;50;0.0001;in_between;0.3573190001958151;91.49643705463183;0.12527737021446228;0.3490758314457378;91.99524940617577;122142
backdoor;51;0.0001;0.10081235319375992;in_between;0.0013906435898911821;99.95249406175772;0.058100498317256395;98.55106888361045;122344
normal;51;0.0001;in_between;0.35613997724447;91.3618368962787;0.11934631317853928;0.35099616205512957;92.00316706254948;122738
backdoor;52;0.0001;0.11324170976877213;in_between;0.0013217075765970762;99.95249406175772;0.05511388046252567;98.6935866983373;122940
normal;52;0.0001;in_between;0.34904001648239175;91.56769596199526;0.11921339482069016;0.3405240410014173;92.25653206650831;123333
backdoor;53;0.0001;0.10225461423397064;in_between;0.0014892155823580957;99.94457640538401;0.0674620455442113;98.45605700712589;123535
normal;53;0.0001;in_between;0.3437629749542744;91.7181314330958;0.10921429097652435;0.34336068273440107;92.15360253365004;123930
backdoor;54;0.0001;0.09974508732557297;in_between;0.0021957940564360707;99.89707046714173;0.049418778959381515;98.74901029295329;124132
normal;54;0.0001;in_between;0.3417156734451451;91.82106096595408;0.11102866381406784;0.3394387541927238;92.28820269200317;124525
backdoor;55;0.0001;0.08818956464529037;in_between;0.001501144599675526;99.93665874901029;0.05821666521206793;98.64608076009502;124728
normal;55;0.0001;in_between;0.3387550147110191;91.92399049881236;0.10279107093811035;0.3318179401630272;92.49406175771972;125126
backdoor;56;0.0001;0.09491502493619919;in_between;0.000809630573627666;99.96832937450515;0.03849936046018925;99.06571654790181;125332
normal;56;0.0001;in_between;0.3434441446408523;91.8368962787015;0.10165225714445114;0.3248157791929026;92.7790973871734;125726
backdoor;57;0.0001;0.09139572829008102;in_between;0.001152954593261922;99.95249406175772;0.05435237741055039;98.63024544734759;125929
normal;57;0.0001;in_between;0.32953875112042763;92.2486144101346;0.10025788098573685;0.3288011997159473;92.69200316706255;130324
backdoor;58;0.0001;0.08434108644723892;in_between;0.0013748203361663533;99.94457640538401;0.047545974630263714;98.86777513855898;130523
normal;58;0.0001;in_between;0.32945270326905846;92.20902612826603;0.09715606272220612;0.3291299008983331;92.71575613618369;130916
backdoor;59;0.0001;0.07943139225244522;in_between;0.0009064073699428969;99.96832937450515;0.040358931227326866;99.00237529691212;131121
normal;59;0.0001;in_between;0.33656391361263754;92.08234362628662;0.09699314087629318;0.3231556842559307;92.71575613618369;131515
backdoor;60;0.0001;0.07068047672510147;in_between;0.0011851669320415684;99.96041171813144;0.045640536989376645;98.89944576405384;131725
normal;60;0.0001;in_between;0.32777549097298253;92.21694378463975;0.0903153195977211;0.31941905569105233;92.85035629453682;132121
backdoor;61;0.0001;0.08037968724966049;in_between;0.0008456211577661851;99.96832937450515;0.040313842498585994;99.01821060965955;132329
normal;61;0.0001;in_between;0.32724520471109253;92.33570863024545;0.08913667500019073;0.3142292724180486;93.0166270783848;132726
backdoor;62;0.0001;0.07658392190933228;in_between;0.0009924552529783526;99.96041171813144;0.03561439349928831;99.14489311163895;132935
normal;62;0.0001;in_between;0.3217282835113936;92.43863816310372;0.08740788698196411;0.3211825872921132;92.88202692003168;133330
backdoor;63;0.0001;0.07371621578931808;in_between;0.0007524109468218697;99.96832937450515;0.02895626914189717;99.29532858273951;133537
normal;63;0.0001;in_between;0.3243747869749817;92.50989707046715;0.08569934964179993;0.3174630598519779;93.03246239113223;133933
backdoor;64;0.0001;0.062146108597517014;in_between;0.0007485901438652663;99.96832937450515;0.02684087192290186;99.36658749010293;134144
normal;64;0.0001;in_between;0.326667716478603;92.31987331749802;0.08304164558649063;0.3121299229438401;93.09580364212194;134539
backdoor;65;0.0001;0.0757538452744484;in_between;0.0007769859401535182;99.96041171813144;0.02857399963709634;99.32699920823437;134751
normal;65;0.0001;in_between;0.31780783999844003;92.6049089469517;0.08168412744998932;0.30621291226276026;93.26999208234362;135148
backdoor;66;0.0001;0.05786684527993202;in_between;0.0019327755503993193;99.94457640538401;0.022340964784909125;99.46159936658749;135402
normal;66;0.0001;in_between;0.30860194948487873;92.85035629453682;0.07734554260969162;0.3127455811036171;93.23832145684877;135801
backdoor;67;0.0001;0.06265193969011307;in_between;0.0013389324942255153;99.94457640538401;0.02306710196598503;99.44576405384007;140012
normal;67;0.0001;in_between;0.3125150130838982;92.73950910530483;0.07823676615953445;0.311430470337494;93.24623911322249;140409
backdoor;68;0.0001;0.06539177149534225;in_between;0.0006651637250576576;99.96832937450515;0.020665664750247933;99.48535233570863;140621
normal;68;0.0001;in_between;0.3186778643163347;92.58907363420427;0.0737137570977211;0.30807320707295494;93.22248614410135;141019
backdoor;69;0.0001;0.05983995273709297;in_between;0.0008640355588157486;99.96832937450515;0.0287486084684529;99.3507521773555;141234
normal;69;0.0001;in_between;0.31197451986401964;92.8424386381631;0.07268616557121277;0.3085854051609598;93.36500395882818;141632
backdoor;70;0.0001;0.055191535502672195;in_between;0.0011700408180942228;99.96041171813144;0.01972376367730558;99.51702296120348;141848
normal;70;0.0001;in_between;0.31297623897863586;92.87410926365796;0.0731748715043068;0.3037117955803588;93.24623911322249;142240
backdoor;71;0.0001;0.05888332799077034;in_between;0.0009944783531972607;99.95249406175772;0.023201640568650015;99.47743467933492;142500
normal;71;0.0001;in_between;0.3098693773657768;92.85827395091053;0.0682029202580452;0.30088695539714605;93.4837688044339;142854
backdoor;72;0.0001;0.051904384046792984;in_between;0.0010476219884876425;99.96832937450515;0.028298700752469725;99.3507521773555;143113
normal;72;0.0001;in_between;0.31410228392479445;93.00870942201108;0.06775547564029694;0.3015078175379375;93.53127474267617;143507
backdoor;73;0.0001;0.05729774385690689;in_between;0.0005170835374275119;99.98416468725257;0.014256740789137846;99.6437054631829;143730
normal;73;0.0001;in_between;0.3091932387363316;92.98495645288995;0.06606092303991318;0.30554279643018756;93.40459224069676;144121
backdoor;74;0.0001;0.05260009318590164;in_between;0.0008680967329546842;99.96832937450515;0.013017946137933861;99.65954077593032;144344
normal;74;0.0001;in_between;0.3079578878383078;93.15914489311164;0.06599484384059906;0.3005185201256783;93.51543942992875;144743
backdoor;75;0.0001;0.050671759992837906;in_between;0.00039075455836226576;99.98416468725257;0.014653958651876506;99.6437054631829;145005
normal;75;0.0001;in_between;0.3088367943903424;93.04829770387965;0.06390541046857834;0.30141209287484866;93.65003958828187;145400
backdoor;76;0.0001;0.04345130920410156;in_between;0.0016623972079051867;99.93665874901029;0.015211040398617728;99.63578780680919;145619
normal;76;0.0001;in_between;0.3015770061187865;93.21456848772763;0.06317121535539627;0.3005134029041088;93.55502771179731;150014
backdoor;77;0.0001;0.04345198720693588;in_between;0.001114063828848757;99.96041171813144;0.013326111659171651;99.72288202692003;150235
normal;77;0.0001;in_between;0.30905697898834544;93.07205067300079;0.06223113089799881;0.2939521773693964;93.729216152019;150631
backdoor;78;0.0001;0.04998667165637016;in_between;0.0008722461032323038;99.96832937450515;0.015218397891790454;99.65954077593032;150856
normal;78;0.0001;in_between;0.30509925987261777;93.1353919239905;0.06206719949841499;0.29336283442904243;93.729216152019;151250
backdoor;79;0.0001;0.04282164201140404;in_between;0.0013005519938681328;99.94457640538401;0.019361880718953818;99.54869358669833;151512
normal;79;0.0001;in_between;0.2964391003123183;93.43626286619161;0.05598388984799385;0.29837095240987865;93.673792557403;151907
backdoor;80;0.0001;0.048192329704761505;in_between;0.0006334789810368081;99.98416468725257;0.01592675801410811;99.65954077593032;152130
normal;80;0.0001;in_between;0.3007342167157364;93.26999208234362;0.055624984204769135;0.28931135463035024;93.89548693586698;152527
backdoor;81;0.0001;0.039298925548791885;in_between;0.001108777872024616;99.96041171813144;0.009170186821804902;99.77830562153602;152755
normal;81;0.0001;in_between;0.2958141795813046;93.57878068091844;0.055626124143600464;0.29510763195518075;93.71338083927158;153150
backdoor;82;0.0001;0.04426201060414314;in_between;0.0010567758724564938;99.97624703087887;0.01258001626717695;99.73079968329374;153410
normal;82;0.0001;in_between;0.3015304218089873;93.45209817893904;0.056148961186409;0.29109655336454004;93.85589865399842;153800
backdoor;83;0.0001;0.04334241896867752;in_between;0.0018938357555788824;99.93665874901029;0.010918621608265915;99.75455265241489;154019
normal;83;0.0001;in_between;0.2873714225026038;93.6104513064133;0.05485780909657478;0.2908901245558158;93.82422802850357;154412
backdoor;84;0.0001;0.03766956180334091;in_between;0.0010384033816642456;99.96041171813144;0.01926897452024836;99.54869358669833;154641
normal;84;0.0001;in_between;0.2904973592629814;93.61836896278702;0.052458684891462326;0.29033569659114544;93.91132224861441;155033
backdoor;85;0.0001;0.04487373307347298;in_between;0.0008378982565295935;99.96832937450515;0.010728950943408486;99.75455265241489;155300
normal;85;0.0001;in_between;0.29750318383755237;93.6104513064133;0.05122676119208336;0.2919404597671279;93.91923990498812;155652
backdoor;86;0.0001;0.038683950901031494;in_between;0.0007938110858783695;99.96832937450515;0.009022821611057457;99.79414093428345;155919
normal;86;0.0001;in_between;0.29832033133185865;93.50752177355503;0.049816954880952835;0.29269360189671945;93.77672209026129;160317
backdoor;87;0.0001;0.03840875253081322;in_between;0.0009579986459435627;99.96832937450515;0.015307566339499593;99.66745843230404;160541
normal;87;0.0001;in_between;0.30018472663957924;93.60253365003959;0.05175160616636276;0.2864115270280876;93.729216152019;160934
backdoor;88;0.0001;0.029489008709788322;in_between;0.0013592161912326754;99.96041171813144;0.010968379111280657;99.74663499604117;161200
normal;88;0.0001;in_between;0.2963173762070028;93.49960411718132;0.048810772597789764;0.285945387936167;93.87965162311956;161556
backdoor;89;0.0001;0.03515050187706947;in_between;0.0013155574745403339;99.95249406175772;0.014196928982827178;99.66745843230404;161826
normal;89;0.0001;in_between;0.29076662848888646;93.68171021377673;0.0482889749109745;0.283329988224395;93.97466349960412;162221
backdoor;90;0.0001;0.03354599326848984;in_between;0.0007136097129937503;99.97624703087887;0.015166465225920777;99.66745843230404;162451
normal;90;0.0001;in_between;0.28907688741918036;93.62628661916072;0.049564871937036514;0.281354195677092;93.95091053048297;162847
backdoor;91;0.0001;0.035126347094774246;in_between;0.0017182304303718402;99.95249406175772;0.011073249053971005;99.77830562153602;163114
normal;91;0.0001;in_between;0.2853281033199549;93.65003958828187;0.045987166464328766;0.2821366805456408;93.99841646872525;163506
backdoor;92;0.0001;0.032279565930366516;in_between;0.0012257489738790258;99.96041171813144;0.00867495132447838;99.80205859065717;163738
normal;92;0.0001;in_between;0.28820645777082404;93.76880443388757;0.04606173187494278;0.28124095006113664;93.98258115597783;164134
backdoor;93;0.0001;0.03880712017416954;in_between;0.0009953077513980512;99.96041171813144;0.006617448166717339;99.85748218527316;164407
normal;93;0.0001;in_between;0.28402731020301464;93.82422802850357;0.043988849967718124;0.28115998258311314;94.03800475059383;164803
backdoor;94;0.0001;0.035846684128046036;in_between;0.0005568731863688698;99.98416468725257;0.009896917894013634;99.75455265241489;165034
normal;94;0.0001;in_between;0.2858637258540234;93.784639746635;0.04394306614995003;0.2749040710104899;94.15676959619952;165428
backdoor;95;0.0001;0.029637983068823814;in_between;0.0006247578268263776;99.97624703087887;0.009132207829360677;99.80205859065717;165654
normal;95;0.0001;in_between;0.2854444322563407;93.85589865399842;0.04381413385272026;0.27757939575026175;94.07759303246239;170008
backdoor;96;0.0001;0.02857173979282379;in_between;0.0012306310902482093;99.96041171813144;0.00957575907749334;99.79414093428345;170218
normal;96;0.0001;in_between;0.28996009350955626;93.69754552652415;0.0421176478266716;0.27801120075458396;93.95091053048297;170530
backdoor;97;0.0001;0.029840346425771713;in_between;0.0009475110411670837;99.96832937450515;0.008660511893197387;99.8178939034046;170737
normal;97;0.0001;in_between;0.2850484761187507;93.72129849564529;0.038774292916059494;0.28041510185549773;94.0221694378464;171050
backdoor;98;0.0001;0.032990388572216034;in_between;0.0011942756348196262;99.96041171813144;0.007396661368901425;99.84164687252573;171259
normal;98;0.0001;in_between;0.28473472995410715;93.65003958828187;0.04118933901190758;0.2783700077663974;93.99049881235155;171616
backdoor;99;0.0001;0.026746058836579323;in_between;0.0020489583217841276;99.94457640538401;0.01843243676207529;99.59619952494062;171821
normal;99;0.0001;in_between;0.27975494546354146;93.88756927949326;0.04208792746067047;0.2774588617368624;94.17260490894695;172135
backdoor;100;0.0001;0.026821495965123177;in_between;0.0010409775084158105;99.96832937450515;0.012570539521538636;99.74663499604117;172344
normal;100;0.0001;in_between;0.2830429126229063;93.87173396674584;0.04062369093298912;0.2783967865334554;94.03008709422011;172653
