tensor([1., 0., 0., 0., 0., 0., 0., 0., 0., 0., 0., 0., 0., 0., 0., 0., 0., 0.,
        0., 0., 0., 0., 0., 0., 0., 0., 0., 0., 0., 0., 0., 0., 0., 0., 0., 0.,
        0., 0., 0., 0., 0., 0., 0.])
tensor([1., 0., 0., 0., 0., 0., 0., 0., 0., 0., 0., 0., 0., 0., 0., 0., 0., 0.,
        0., 0., 0., 0., 0., 0., 0., 0., 0., 0., 0., 0., 0., 0., 0., 0., 0., 0.,
        0., 0., 0., 0., 0., 0., 0.])
tensor([1., 0., 0., 0., 0., 0., 0., 0., 0., 0., 0., 0., 0., 0., 0., 0., 0., 0.,
        0., 0., 0., 0., 0., 0., 0., 0., 0., 0., 0., 0., 0., 0., 0., 0., 0., 0.,
        0., 0., 0., 0., 0., 0., 0.])
tensor([1., 0., 0., 0., 0., 0., 0., 0., 0., 0., 0., 0., 0., 0., 0., 0., 0., 0.,
        0., 0., 0., 0., 0., 0., 0., 0., 0., 0., 0., 0., 0., 0., 0., 0., 0., 0.,
        0., 0., 0., 0., 0., 0., 0.])
tensor([1., 0., 0., 0., 0., 0., 0., 0., 0., 0., 0., 0., 0., 0., 0., 0., 0., 0.,
        0., 0., 0., 0., 0., 0., 0., 0., 0., 0., 0., 0., 0., 0., 0., 0., 0., 0.,
        0., 0., 0., 0., 0., 0., 0.])
tensor([1., 0., 0., 0., 0., 0., 0., 0., 0., 0., 0., 0., 0., 0., 0., 0., 0., 0.,
        0., 0., 0., 0., 0., 0., 0., 0., 0., 0., 0., 0., 0., 0., 0., 0., 0., 0.,
        0., 0., 0., 0., 0., 0., 0.])
tensor([1., 0., 0., 0., 0., 0., 0., 0., 0., 0., 0., 0., 0., 0., 0., 0., 0., 0.,
        0., 0., 0., 0., 0., 0., 0., 0., 0., 0., 0., 0., 0., 0., 0., 0., 0., 0.,
        0., 0., 0., 0., 0., 0., 0.])
tensor([1., 0., 0., 0., 0., 0., 0., 0., 0., 0., 0., 0., 0., 0., 0., 0., 0., 0.,
        0., 0., 0., 0., 0., 0., 0., 0., 0., 0., 0., 0., 0., 0., 0., 0., 0., 0.,
        0., 0., 0., 0., 0., 0., 0.])
tensor([1., 0., 0., 0., 0., 0., 0., 0., 0., 0., 0., 0., 0., 0., 0., 0., 0., 0.,
        0., 0., 0., 0., 0., 0., 0., 0., 0., 0., 0., 0., 0., 0., 0., 0., 0., 0.,
        0., 0., 0., 0., 0., 0., 0.])
tensor([1.0000, 0.0000, 0.0000, 0.0000, 0.0000, 0.0000, 0.0000, 0.0000, 0.0000,
        0.0000, 0.0000, 0.0000, 0.0130, 0.0000, 0.0000, 0.0000, 0.0000, 0.0000,
        0.0000, 0.0000, 0.0000, 0.0000, 0.0000, 0.0000, 0.0000, 0.0000, 0.0000,
        0.0000, 0.0000, 0.0000, 0.0000, 0.0000, 0.0000, 0.0000, 0.0000, 0.0000,
        0.0000, 0.0000, 0.0000, 0.0000, 0.0000, 0.0000, 0.0000])
tensor([1.0000, 0.0000, 0.0000, 0.0000, 0.0000, 0.0000, 0.0000, 0.0000, 0.0000,
        0.0000, 0.0000, 0.0000, 0.1029, 0.0014, 0.0000, 0.0000, 0.0000, 0.0000,
        0.0000, 0.0000, 0.0000, 0.0000, 0.0000, 0.0000, 0.0000, 0.0000, 0.0000,
        0.0000, 0.0000, 0.0000, 0.0000, 0.0000, 0.0000, 0.0000, 0.0000, 0.0000,
        0.0000, 0.0000, 0.0000, 0.0000, 0.0000, 0.0000, 0.0000])
tensor([1.0000, 0.0000, 0.0000, 0.0000, 0.0000, 0.0000, 0.0000, 0.0000, 0.0000,
        0.0000, 0.0000, 0.0000, 0.1768, 0.0625, 0.0000, 0.0000, 0.0000, 0.0000,
        0.0000, 0.0000, 0.0000, 0.0000, 0.0000, 0.0000, 0.0000, 0.0000, 0.0000,
        0.0000, 0.0000, 0.0000, 0.0000, 0.0000, 0.0000, 0.0000, 0.0000, 0.0000,
        0.0000, 0.0000, 0.0000, 0.0000, 0.0000, 0.0000, 0.0000])
tensor([1.0000, 0.0000, 0.0000, 0.0000, 0.0000, 0.0000, 0.0000, 0.0000, 0.0000,
        0.0000, 0.0000, 0.0000, 0.1348, 0.0028, 0.0000, 0.0000, 0.0000, 0.0000,
        0.0000, 0.0000, 0.0000, 0.0000, 0.0000, 0.0000, 0.0000, 0.0000, 0.0000,
        0.0000, 0.0000, 0.0000, 0.0000, 0.0000, 0.0000, 0.0000, 0.0000, 0.0000,
        0.0000, 0.0000, 0.0000, 0.0000, 0.0000, 0.0000, 0.0000])
tensor([1.0000, 0.0000, 0.0000, 0.0000, 0.0000, 0.0000, 0.0000, 0.0000, 0.0000,
        0.0000, 0.0000, 0.0000, 0.2014, 0.0819, 0.0000, 0.0000, 0.0000, 0.0028,
        0.0000, 0.0000, 0.0000, 0.0000, 0.0000, 0.0000, 0.0000, 0.0000, 0.0000,
        0.0000, 0.0000, 0.0000, 0.0000, 0.0000, 0.0000, 0.0000, 0.0000, 0.0000,
        0.0000, 0.0000, 0.0000, 0.0000, 0.0000, 0.0000, 0.0000])
tensor([1.0000, 0.0000, 0.0000, 0.0000, 0.0000, 0.0000, 0.0000, 0.0000, 0.0000,
        0.0000, 0.0000, 0.0000, 0.1725, 0.0125, 0.0000, 0.0000, 0.0000, 0.0000,
        0.0000, 0.0000, 0.0000, 0.0000, 0.0000, 0.0000, 0.0000, 0.0000, 0.0000,
        0.0000, 0.0000, 0.0000, 0.0000, 0.0000, 0.0000, 0.0000, 0.0000, 0.0000,
        0.0000, 0.0000, 0.0000, 0.0000, 0.0000, 0.0000, 0.0000])
tensor([1.0000, 0.0000, 0.0000, 0.0000, 0.0000, 0.0000, 0.0000, 0.0000, 0.0000,
        0.0000, 0.0000, 0.0000, 0.1855, 0.0083, 0.0000, 0.0000, 0.0000, 0.0000,
        0.0000, 0.0000, 0.0000, 0.0000, 0.0000, 0.0000, 0.0000, 0.0000, 0.0000,
        0.0000, 0.0000, 0.0000, 0.0000, 0.0000, 0.0000, 0.0000, 0.0000, 0.0000,
        0.0000, 0.0000, 0.0000, 0.0000, 0.0000, 0.0000, 0.0000])
tensor([1.0000, 0.0000, 0.0000, 0.0000, 0.0000, 0.0000, 0.0000, 0.0000, 0.0000,
        0.0000, 0.0000, 0.0000, 0.1116, 0.0000, 0.0000, 0.0000, 0.0000, 0.0000,
        0.0000, 0.0000, 0.0000, 0.0000, 0.0000, 0.0000, 0.0000, 0.0000, 0.0000,
        0.0000, 0.0000, 0.0000, 0.0000, 0.0000, 0.0000, 0.0000, 0.0000, 0.0000,
        0.0000, 0.0000, 0.0000, 0.0000, 0.0000, 0.0000, 0.0000])
tensor([1.0000, 0.0000, 0.0000, 0.0000, 0.0000, 0.0000, 0.0000, 0.0000, 0.0000,
        0.0000, 0.0000, 0.0000, 0.1797, 0.0153, 0.0000, 0.0000, 0.0000, 0.0000,
        0.0000, 0.0000, 0.0000, 0.0000, 0.0000, 0.0000, 0.0000, 0.0000, 0.0056,
        0.0000, 0.0000, 0.0000, 0.0000, 0.0000, 0.0000, 0.0000, 0.0000, 0.0000,
        0.0000, 0.0000, 0.0000, 0.0000, 0.0000, 0.0000, 0.0000])
tensor([1.0000, 0.0000, 0.0000, 0.0000, 0.0000, 0.0000, 0.0000, 0.0000, 0.0000,
        0.0000, 0.0000, 0.0000, 0.1116, 0.0028, 0.0000, 0.0000, 0.0000, 0.0000,
        0.0000, 0.0000, 0.0000, 0.0000, 0.0000, 0.0000, 0.0000, 0.0000, 0.0000,
        0.0000, 0.0000, 0.0000, 0.0000, 0.0000, 0.0000, 0.0000, 0.0000, 0.0026,
        0.0000, 0.0000, 0.0000, 0.0000, 0.0000, 0.0000, 0.0000])
tensor([1.0000, 0.0000, 0.0000, 0.0000, 0.0000, 0.0000, 0.0000, 0.0000, 0.0000,
        0.0000, 0.0015, 0.0000, 0.1710, 0.0611, 0.0000, 0.0000, 0.0000, 0.0000,
        0.0000, 0.0000, 0.0000, 0.0000, 0.0000, 0.0000, 0.0000, 0.0000, 0.0056,
        0.0000, 0.0000, 0.0000, 0.0000, 0.0000, 0.0000, 0.0000, 0.0000, 0.0000,
        0.0000, 0.0000, 0.0000, 0.0000, 0.0000, 0.0000, 0.0000])
tensor([1.0000, 0.0000, 0.0000, 0.0000, 0.0000, 0.0000, 0.0000, 0.0000, 0.0000,
        0.0000, 0.0000, 0.0000, 0.1362, 0.0167, 0.0000, 0.0000, 0.0000, 0.0000,
        0.0000, 0.0000, 0.0000, 0.0000, 0.0000, 0.0000, 0.0000, 0.0000, 0.0000,
        0.0000, 0.0000, 0.0000, 0.0000, 0.0000, 0.0000, 0.0000, 0.0000, 0.0128,
        0.0000, 0.0000, 0.0000, 0.0000, 0.0000, 0.0000, 0.0000])
tensor([1.0000, 0.0000, 0.0000, 0.0000, 0.0000, 0.0000, 0.0000, 0.0000, 0.0000,
        0.0000, 0.0076, 0.0000, 0.1957, 0.0847, 0.0000, 0.0000, 0.0000, 0.0000,
        0.0000, 0.0000, 0.0000, 0.0000, 0.0000, 0.0000, 0.0000, 0.0000, 0.0000,
        0.0000, 0.0000, 0.0000, 0.0000, 0.0000, 0.0000, 0.0000, 0.0000, 0.0077,
        0.0000, 0.0000, 0.0000, 0.0000, 0.0000, 0.0000, 0.0000])
tensor([1.0000, 0.0000, 0.0000, 0.0000, 0.0000, 0.0000, 0.0000, 0.0000, 0.0000,
        0.0000, 0.0030, 0.0000, 0.1406, 0.0694, 0.0000, 0.0000, 0.0000, 0.0000,
        0.0000, 0.0000, 0.0000, 0.0000, 0.0000, 0.0000, 0.0000, 0.0000, 0.0000,
        0.0000, 0.0000, 0.0000, 0.0000, 0.0000, 0.0000, 0.0000, 0.0000, 0.0103,
        0.0000, 0.0000, 0.0000, 0.0000, 0.0000, 0.0000, 0.0000])
tensor([1.0000, 0.0000, 0.0000, 0.0000, 0.0000, 0.0000, 0.0000, 0.0000, 0.0000,
        0.0000, 0.0091, 0.0000, 0.1913, 0.0958, 0.0000, 0.0000, 0.0000, 0.0028,
        0.0000, 0.0000, 0.0000, 0.0000, 0.0000, 0.0000, 0.0000, 0.0000, 0.0000,
        0.0000, 0.0000, 0.0000, 0.0000, 0.0000, 0.0000, 0.0000, 0.0000, 0.0103,
        0.0000, 0.0000, 0.0000, 0.0000, 0.0000, 0.0000, 0.0000])
tensor([1.0000, 0.0000, 0.0000, 0.0000, 0.0000, 0.0000, 0.0000, 0.0000, 0.0000,
        0.0000, 0.0091, 0.0000, 0.1652, 0.0694, 0.0000, 0.0000, 0.0000, 0.0028,
        0.0000, 0.0000, 0.0000, 0.0000, 0.0000, 0.0000, 0.0000, 0.0000, 0.0000,
        0.0000, 0.0000, 0.0000, 0.0000, 0.0000, 0.0000, 0.0000, 0.0000, 0.0205,
        0.0000, 0.0000, 0.0000, 0.0000, 0.0000, 0.0000, 0.0111])
tensor([1.0000, 0.0000, 0.0000, 0.0000, 0.0000, 0.0000, 0.0000, 0.0000, 0.0000,
        0.0000, 0.0106, 0.0000, 0.1696, 0.0986, 0.0000, 0.0000, 0.0000, 0.0028,
        0.0000, 0.0000, 0.0000, 0.0000, 0.0000, 0.0000, 0.0000, 0.0021, 0.0000,
        0.0000, 0.0000, 0.0000, 0.0000, 0.0000, 0.0000, 0.0000, 0.0000, 0.0154,
        0.0000, 0.0000, 0.0000, 0.0000, 0.0000, 0.0000, 0.0111])
tensor([1.0000, 0.0000, 0.0000, 0.0000, 0.0000, 0.0000, 0.0000, 0.0000, 0.0000,
        0.0000, 0.0258, 0.0000, 0.1754, 0.1042, 0.0000, 0.0000, 0.0000, 0.0028,
        0.0000, 0.0000, 0.0000, 0.0000, 0.0000, 0.0000, 0.0000, 0.0042, 0.0000,
        0.0000, 0.0000, 0.0000, 0.0000, 0.0000, 0.0000, 0.0000, 0.0000, 0.0154,
        0.0000, 0.0000, 0.0000, 0.0000, 0.0000, 0.0000, 0.0111])
tensor([1.0000, 0.0000, 0.0000, 0.0000, 0.0000, 0.0000, 0.0000, 0.0000, 0.0000,
        0.0000, 0.0333, 0.0024, 0.2000, 0.1069, 0.0000, 0.0000, 0.0000, 0.0028,
        0.0000, 0.0000, 0.0000, 0.0000, 0.0000, 0.0000, 0.0000, 0.0042, 0.0000,
        0.0000, 0.0000, 0.0000, 0.0000, 0.0000, 0.0000, 0.0000, 0.0000, 0.0154,
        0.0000, 0.0000, 0.0000, 0.0000, 0.0000, 0.0333, 0.0222])
tensor([1.0000, 0.0000, 0.0000, 0.0000, 0.0000, 0.0000, 0.0067, 0.0000, 0.0000,
        0.0000, 0.0561, 0.0024, 0.2580, 0.1583, 0.0000, 0.0000, 0.0000, 0.0333,
        0.0000, 0.0000, 0.0000, 0.0000, 0.0000, 0.0000, 0.0000, 0.0063, 0.0000,
        0.0000, 0.0000, 0.0000, 0.0000, 0.0000, 0.0000, 0.0000, 0.0000, 0.0231,
        0.0000, 0.0000, 0.0000, 0.0000, 0.0000, 0.1167, 0.0333])
tensor([1.0000, 0.0000, 0.0000, 0.0000, 0.0000, 0.0000, 0.0000, 0.0000, 0.0000,
        0.0000, 0.0409, 0.0024, 0.2333, 0.1556, 0.0000, 0.0000, 0.0000, 0.0167,
        0.0000, 0.0000, 0.0000, 0.0000, 0.0000, 0.0000, 0.0000, 0.0125, 0.0111,
        0.0000, 0.0000, 0.0000, 0.0000, 0.0000, 0.0000, 0.0000, 0.0000, 0.0205,
        0.0000, 0.0000, 0.0000, 0.0000, 0.0000, 0.1167, 0.0667])
tensor([1.0000, 0.0000, 0.0000, 0.0000, 0.0000, 0.0000, 0.0200, 0.0000, 0.0000,
        0.0000, 0.0894, 0.0048, 0.2710, 0.1931, 0.0000, 0.0000, 0.0000, 0.0417,
        0.0000, 0.0000, 0.0000, 0.0000, 0.0000, 0.0000, 0.0000, 0.0375, 0.0444,
        0.0000, 0.0000, 0.0000, 0.0000, 0.0000, 0.0000, 0.0000, 0.0000, 0.0179,
        0.0083, 0.0000, 0.0000, 0.0000, 0.0000, 0.1833, 0.0556])
tensor([1.0000, 0.0000, 0.0000, 0.0000, 0.0000, 0.0000, 0.0200, 0.0000, 0.0000,
        0.0000, 0.0682, 0.0024, 0.2710, 0.1806, 0.0000, 0.0000, 0.0000, 0.0361,
        0.0000, 0.0000, 0.0000, 0.0000, 0.0000, 0.0000, 0.0000, 0.0125, 0.0111,
        0.0000, 0.0000, 0.0000, 0.0000, 0.0000, 0.0167, 0.0000, 0.0000, 0.0205,
        0.0000, 0.0000, 0.0000, 0.0000, 0.0000, 0.1500, 0.1000])
tensor([1.0000, 0.0000, 0.0013, 0.0000, 0.0000, 0.0000, 0.0333, 0.0000, 0.0000,
        0.0000, 0.1182, 0.0143, 0.3000, 0.2528, 0.0000, 0.0048, 0.0000, 0.0694,
        0.0000, 0.0000, 0.0000, 0.0000, 0.0000, 0.0067, 0.0000, 0.0562, 0.0778,
        0.0000, 0.0000, 0.0000, 0.0000, 0.0000, 0.0000, 0.0000, 0.0000, 0.0179,
        0.0167, 0.0000, 0.0000, 0.0000, 0.0000, 0.2000, 0.0778])
tensor([1.0000, 0.0000, 0.0040, 0.0044, 0.0000, 0.0000, 0.1000, 0.0000, 0.0000,
        0.0021, 0.1258, 0.0167, 0.3478, 0.2444, 0.0000, 0.0048, 0.0000, 0.0528,
        0.0000, 0.0000, 0.0000, 0.0000, 0.0000, 0.0067, 0.0000, 0.0292, 0.0389,
        0.0000, 0.0000, 0.0000, 0.0000, 0.0000, 0.1667, 0.0048, 0.0000, 0.0256,
        0.0167, 0.0000, 0.0000, 0.0000, 0.0000, 0.2333, 0.3556])
tensor([1.0000, 0.0000, 0.0120, 0.0000, 0.0000, 0.0000, 0.0733, 0.0000, 0.0000,
        0.0188, 0.1788, 0.0357, 0.3855, 0.3292, 0.0074, 0.0714, 0.0000, 0.1889,
        0.0077, 0.0000, 0.0000, 0.0000, 0.0000, 0.0067, 0.0000, 0.0958, 0.1278,
        0.0000, 0.0067, 0.0000, 0.0000, 0.0037, 0.0000, 0.0048, 0.0000, 0.0179,
        0.0417, 0.0000, 0.0000, 0.0000, 0.0000, 0.2333, 0.1000])
tensor([1.0000, 0.0000, 0.0053, 0.0156, 0.0000, 0.0000, 0.2733, 0.0000, 0.0000,
        0.0083, 0.1985, 0.0190, 0.3899, 0.2306, 0.0000, 0.0571, 0.0000, 0.0639,
        0.0077, 0.0000, 0.0000, 0.0000, 0.0000, 0.0067, 0.0000, 0.0417, 0.0500,
        0.0000, 0.0000, 0.0000, 0.0000, 0.0000, 0.4500, 0.0048, 0.0000, 0.0282,
        0.0250, 0.0000, 0.0014, 0.0000, 0.0000, 0.2500, 0.4667])
tensor([1.0000, 0.0000, 0.0320, 0.0067, 0.0000, 0.0175, 0.0867, 0.0000, 0.0000,
        0.0250, 0.1924, 0.0452, 0.4420, 0.3806, 0.0333, 0.1095, 0.0000, 0.2361,
        0.0103, 0.0000, 0.0000, 0.0000, 0.0000, 0.0067, 0.0000, 0.0938, 0.1500,
        0.0000, 0.0067, 0.0000, 0.0000, 0.0185, 0.1167, 0.0048, 0.0000, 0.0154,
        0.0667, 0.0000, 0.0000, 0.0000, 0.0000, 0.2833, 0.1000])
tensor([1.0000, 0.0000, 0.0293, 0.0511, 0.0000, 0.0000, 0.2533, 0.0000, 0.0000,
        0.0625, 0.3364, 0.0452, 0.4406, 0.3778, 0.0000, 0.1095, 0.0000, 0.1278,
        0.0103, 0.0000, 0.0000, 0.0000, 0.0000, 0.0133, 0.0000, 0.0604, 0.1056,
        0.0000, 0.0067, 0.0000, 0.0000, 0.0000, 0.4833, 0.0143, 0.0000, 0.0641,
        0.1000, 0.0000, 0.0159, 0.0000, 0.0000, 0.3000, 0.5000])
tensor([1.0000, 0.0014, 0.0587, 0.0867, 0.0000, 0.0429, 0.1400, 0.0000, 0.0000,
        0.1000, 0.3167, 0.1000, 0.5507, 0.4694, 0.1037, 0.1333, 0.0000, 0.2694,
        0.0179, 0.0000, 0.0111, 0.0000, 0.0000, 0.0133, 0.0000, 0.1354, 0.2000,
        0.0000, 0.0400, 0.0000, 0.0000, 0.0370, 0.4333, 0.0333, 0.0000, 0.0282,
        0.1167, 0.0000, 0.0043, 0.0000, 0.0000, 0.3833, 0.2889])
tensor([1.0000, 0.0000, 0.0587, 0.0978, 0.0000, 0.0302, 0.3400, 0.0000, 0.0000,
        0.1833, 0.4879, 0.1119, 0.5913, 0.5528, 0.1111, 0.1381, 0.0000, 0.2750,
        0.0282, 0.0000, 0.0000, 0.0000, 0.0000, 0.0533, 0.0000, 0.1208, 0.2000,
        0.0000, 0.0533, 0.0000, 0.0000, 0.0481, 0.6000, 0.0762, 0.0000, 0.0744,
        0.1667, 0.0000, 0.0290, 0.0000, 0.0000, 0.4833, 0.5333])
tensor([1.0000, 0.0056, 0.1240, 0.1378, 0.0000, 0.0730, 0.2333, 0.0000, 0.0022,
        0.1708, 0.4833, 0.1476, 0.6000, 0.6111, 0.1926, 0.1857, 0.0067, 0.3139,
        0.0308, 0.0000, 0.0111, 0.0000, 0.0000, 0.1000, 0.0000, 0.1729, 0.2278,
        0.0000, 0.1000, 0.0000, 0.0000, 0.0778, 0.6000, 0.0905, 0.0000, 0.0564,
        0.1750, 0.0000, 0.0319, 0.0000, 0.0000, 0.4667, 0.5111])
tensor([1.0000, 0.0014, 0.1227, 0.2467, 0.0000, 0.0841, 0.4600, 0.0000, 0.0044,
        0.2354, 0.6333, 0.1786, 0.6377, 0.5375, 0.1630, 0.1619, 0.0067, 0.2917,
        0.0256, 0.0000, 0.0111, 0.0000, 0.0000, 0.1133, 0.0111, 0.1417, 0.2167,
        0.0000, 0.0867, 0.0000, 0.0000, 0.0778, 0.6333, 0.1095, 0.0000, 0.1128,
        0.1833, 0.0000, 0.0855, 0.0000, 0.0000, 0.4833, 0.5556])
tensor([1.0000, 0.0403, 0.2240, 0.2422, 0.0000, 0.1460, 0.2467, 0.0022, 0.0200,
        0.2313, 0.6258, 0.1690, 0.6174, 0.6306, 0.2519, 0.3095, 0.0133, 0.4194,
        0.0692, 0.0500, 0.0111, 0.0000, 0.0000, 0.1600, 0.0000, 0.1917, 0.2556,
        0.0000, 0.1333, 0.0000, 0.0000, 0.1259, 0.7167, 0.1571, 0.0000, 0.0744,
        0.2750, 0.0000, 0.0754, 0.0000, 0.0000, 0.4500, 0.5000])
tensor([1.0000, 0.0347, 0.2120, 0.3244, 0.0000, 0.1349, 0.4533, 0.0067, 0.0267,
        0.4000, 0.7212, 0.1548, 0.6449, 0.6417, 0.2148, 0.3857, 0.0200, 0.3139,
        0.1641, 0.0500, 0.0111, 0.0000, 0.0083, 0.1667, 0.0222, 0.1875, 0.2833,
        0.0000, 0.1400, 0.0000, 0.0000, 0.1148, 0.7333, 0.1952, 0.0000, 0.2128,
        0.3417, 0.0000, 0.1391, 0.0000, 0.0778, 0.5000, 0.5556])
tensor([1.0000, 0.0694, 0.3067, 0.4400, 0.0000, 0.2238, 0.4933, 0.0111, 0.0644,
        0.4708, 0.7652, 0.2214, 0.6870, 0.6750, 0.3444, 0.5476, 0.0333, 0.5806,
        0.1641, 0.1667, 0.0333, 0.0000, 0.0167, 0.2133, 0.0333, 0.2313, 0.3167,
        0.0000, 0.2333, 0.0333, 0.0000, 0.1630, 0.9000, 0.2571, 0.0000, 0.1974,
        0.4167, 0.0000, 0.1696, 0.0111, 0.1333, 0.6167, 0.5667])
tensor([1.0000, 0.0833, 0.3627, 0.5178, 0.0000, 0.2683, 0.5200, 0.0111, 0.0933,
        0.4729, 0.7697, 0.2095, 0.7000, 0.6792, 0.3259, 0.5333, 0.0733, 0.5583,
        0.1641, 0.0667, 0.0444, 0.0000, 0.0333, 0.2533, 0.0556, 0.2146, 0.3056,
        0.0000, 0.1867, 0.0333, 0.0000, 0.1852, 0.8333, 0.2190, 0.0000, 0.2590,
        0.4167, 0.0000, 0.2464, 0.0111, 0.1222, 0.6167, 0.5667])
tensor([1.0000, 0.1236, 0.3987, 0.4844, 0.0000, 0.3397, 0.4733, 0.0178, 0.0956,
        0.4187, 0.7773, 0.2048, 0.6957, 0.7167, 0.3889, 0.6429, 0.0267, 0.6111,
        0.2231, 0.2000, 0.0667, 0.0000, 0.1167, 0.3000, 0.0667, 0.2708, 0.3500,
        0.0500, 0.2867, 0.1000, 0.0133, 0.2259, 0.9167, 0.2810, 0.0000, 0.2231,
        0.5250, 0.0000, 0.2725, 0.0333, 0.1444, 0.6333, 0.5889])
tensor([1.0000, 0.1778, 0.4520, 0.5289, 0.0015, 0.3730, 0.5267, 0.0267, 0.1267,
        0.5083, 0.8091, 0.2548, 0.7420, 0.7431, 0.4222, 0.6810, 0.1000, 0.6500,
        0.2462, 0.2000, 0.0889, 0.0000, 0.2167, 0.3800, 0.1444, 0.2896, 0.3944,
        0.1167, 0.3467, 0.1444, 0.0133, 0.2815, 0.9500, 0.3143, 0.0167, 0.3667,
        0.5417, 0.0000, 0.2725, 0.0667, 0.1556, 0.6667, 0.5889])
tensor([1.0000, 0.1694, 0.5267, 0.6756, 0.0106, 0.4254, 0.5867, 0.0911, 0.2156,
        0.6604, 0.8818, 0.2905, 0.7536, 0.7764, 0.4000, 0.7286, 0.1733, 0.6111,
        0.2974, 0.5333, 0.1222, 0.0000, 0.2167, 0.5333, 0.2111, 0.3125, 0.4056,
        0.1167, 0.3533, 0.1667, 0.0267, 0.4222, 0.9500, 0.3333, 0.0083, 0.4513,
        0.5500, 0.0000, 0.3536, 0.1889, 0.1778, 0.6667, 0.6000])
tensor([1.0000, 0.2333, 0.5787, 0.6733, 0.0242, 0.5079, 0.6067, 0.1111, 0.2356,
        0.6500, 0.8773, 0.3286, 0.7638, 0.8139, 0.5111, 0.7714, 0.1867, 0.6583,
        0.3795, 0.2833, 0.2000, 0.0000, 0.3250, 0.4800, 0.2333, 0.3583, 0.4778,
        0.1167, 0.5000, 0.2556, 0.0333, 0.4370, 0.9833, 0.3524, 0.0250, 0.4667,
        0.6000, 0.0000, 0.4145, 0.2222, 0.1778, 0.6833, 0.6000])
tensor([1.0000, 0.2819, 0.6093, 0.6778, 0.0879, 0.5333, 0.6267, 0.1778, 0.3089,
        0.7375, 0.8939, 0.3190, 0.8087, 0.8097, 0.5370, 0.7905, 0.2067, 0.6278,
        0.4333, 0.4000, 0.2333, 0.0000, 0.3500, 0.5667, 0.2556, 0.3604, 0.5167,
        0.1167, 0.5533, 0.2778, 0.0667, 0.4481, 0.9833, 0.3619, 0.0083, 0.5333,
        0.6000, 0.0000, 0.3710, 0.2556, 0.1889, 0.7000, 0.6000])
tensor([1.0000, 0.2583, 0.6520, 0.6644, 0.0576, 0.5778, 0.5800, 0.1556, 0.2689,
        0.6979, 0.8848, 0.3571, 0.8072, 0.8083, 0.6741, 0.7857, 0.1867, 0.7083,
        0.4436, 0.2833, 0.2778, 0.0222, 0.3750, 0.5667, 0.2444, 0.4146, 0.5444,
        0.1500, 0.5733, 0.3222, 0.0933, 0.4667, 1.0000, 0.4429, 0.0167, 0.4795,
        0.6083, 0.0000, 0.4478, 0.2444, 0.1889, 0.7000, 0.6111])
tensor([1.0000, 0.3681, 0.7120, 0.7467, 0.1894, 0.6349, 0.6933, 0.3267, 0.3867,
        0.7771, 0.9318, 0.3714, 0.8203, 0.8389, 0.6148, 0.8333, 0.3133, 0.6972,
        0.5410, 0.7500, 0.3000, 0.0111, 0.4000, 0.6800, 0.2889, 0.4229, 0.5778,
        0.2000, 0.5867, 0.3222, 0.1600, 0.6148, 1.0000, 0.4762, 0.0500, 0.6385,
        0.6417, 0.0167, 0.5000, 0.4000, 0.1889, 0.7333, 0.6000])
tensor([1.0000, 0.4347, 0.7347, 0.7244, 0.3470, 0.6730, 0.6400, 0.3711, 0.4222,
        0.8083, 0.9379, 0.3929, 0.8493, 0.8444, 0.6704, 0.8714, 0.3467, 0.6917,
        0.4949, 0.7500, 0.4222, 0.0556, 0.4667, 0.6667, 0.3111, 0.4479, 0.6278,
        0.1833, 0.6400, 0.4333, 0.2533, 0.6370, 1.0000, 0.4524, 0.0250, 0.6154,
        0.6333, 0.0167, 0.5000, 0.4000, 0.1889, 0.7333, 0.6333])
tensor([1.0000, 0.4681, 0.7320, 0.7333, 0.2924, 0.7206, 0.6733, 0.3689, 0.4244,
        0.8188, 0.9379, 0.4167, 0.8507, 0.8694, 0.6778, 0.8667, 0.3467, 0.7250,
        0.5359, 0.7500, 0.5222, 0.0889, 0.4917, 0.6667, 0.3111, 0.4708, 0.5778,
        0.1833, 0.6533, 0.5444, 0.2533, 0.6037, 1.0000, 0.5048, 0.0250, 0.6410,
        0.6417, 0.0167, 0.5014, 0.4222, 0.1889, 0.7500, 0.6444])
tensor([1.0000, 0.5111, 0.7813, 0.7556, 0.4136, 0.7619, 0.7067, 0.5711, 0.5622,
        0.8479, 0.9515, 0.5310, 0.8783, 0.8917, 0.6741, 0.9048, 0.3933, 0.7250,
        0.6462, 0.9000, 0.6000, 0.1222, 0.5500, 0.7133, 0.3667, 0.5208, 0.6722,
        0.3333, 0.6933, 0.6222, 0.4000, 0.7185, 1.0000, 0.5524, 0.0750, 0.7410,
        0.6667, 0.0500, 0.5536, 0.5222, 0.2222, 0.7667, 0.6889])
tensor([1.0000, 0.5083, 0.7840, 0.7778, 0.4636, 0.7603, 0.7133, 0.5311, 0.5644,
        0.8646, 0.9485, 0.4429, 0.8768, 0.8917, 0.7667, 0.9095, 0.4067, 0.6528,
        0.6256, 0.8833, 0.5889, 0.1222, 0.5750, 0.7800, 0.3556, 0.5271, 0.6389,
        0.2667, 0.7000, 0.6667, 0.3867, 0.7185, 1.0000, 0.5619, 0.0750, 0.7513,
        0.6750, 0.0500, 0.5536, 0.4889, 0.2111, 0.7667, 0.6444])
tensor([1.0000, 0.6722, 0.8373, 0.7711, 0.5091, 0.8048, 0.7333, 0.6578, 0.6156,
        0.8750, 0.9667, 0.6071, 0.8913, 0.9056, 0.8037, 0.9190, 0.4267, 0.7333,
        0.6846, 0.9167, 0.6667, 0.2111, 0.6583, 0.8200, 0.4556, 0.5875, 0.7111,
        0.3500, 0.7533, 0.7111, 0.5267, 0.7926, 1.0000, 0.5952, 0.1083, 0.8000,
        0.7333, 0.1833, 0.6551, 0.5667, 0.2667, 0.7667, 0.7000])
tensor([1.0000, 0.6819, 0.8640, 0.8133, 0.5606, 0.7873, 0.7467, 0.6978, 0.6422,
        0.8833, 0.9682, 0.6071, 0.8971, 0.9042, 0.7556, 0.9095, 0.4600, 0.7222,
        0.6769, 0.9333, 0.6667, 0.2667, 0.6833, 0.8267, 0.4444, 0.6313, 0.7333,
        0.4000, 0.7667, 0.6778, 0.5800, 0.8296, 1.0000, 0.5952, 0.1167, 0.8026,
        0.7083, 0.1833, 0.6304, 0.5667, 0.2556, 0.7667, 0.7000])
tensor([0.9833, 0.7319, 0.8467, 0.7711, 0.6136, 0.8317, 0.7333, 0.7378, 0.6733,
        0.8708, 0.9712, 0.6381, 0.8986, 0.9194, 0.7704, 0.9190, 0.4333, 0.7583,
        0.7000, 0.9333, 0.6556, 0.3667, 0.7167, 0.7800, 0.4889, 0.6438, 0.7333,
        0.4500, 0.7467, 0.7111, 0.5467, 0.8444, 1.0000, 0.6333, 0.1583, 0.8154,
        0.7417, 0.2833, 0.6377, 0.5889, 0.2556, 0.7667, 0.6889])
tensor([0.9833, 0.7639, 0.8747, 0.8022, 0.6288, 0.8333, 0.7533, 0.7800, 0.7244,
        0.9000, 0.9742, 0.7429, 0.9029, 0.9417, 0.8037, 0.9476, 0.4867, 0.7278,
        0.7205, 0.9667, 0.8333, 0.4222, 0.7833, 0.8600, 0.5333, 0.6438, 0.7389,
        0.4333, 0.8400, 0.7444, 0.6533, 0.8963, 1.0000, 0.6667, 0.1833, 0.8333,
        0.7667, 0.3167, 0.6710, 0.6778, 0.2667, 0.7833, 0.7000])
tensor([0.9833, 0.7917, 0.8667, 0.8333, 0.6288, 0.8143, 0.7400, 0.7200, 0.6533,
        0.8750, 0.9712, 0.6500, 0.8971, 0.9403, 0.8370, 0.9190, 0.4533, 0.7250,
        0.7308, 0.9667, 0.7778, 0.4000, 0.7833, 0.8400, 0.5111, 0.6438, 0.7333,
        0.4500, 0.8133, 0.7333, 0.6067, 0.8593, 1.0000, 0.6571, 0.2750, 0.8205,
        0.7667, 0.3167, 0.6261, 0.6444, 0.2556, 0.7833, 0.6889])
tensor([0.9833, 0.8139, 0.9080, 0.8289, 0.6864, 0.8587, 0.7933, 0.8333, 0.7667,
        0.9000, 0.9758, 0.7238, 0.9174, 0.9556, 0.8630, 0.9190, 0.5267, 0.6667,
        0.7359, 0.9833, 0.8667, 0.4333, 0.7917, 0.8733, 0.6000, 0.6687, 0.7389,
        0.4667, 0.8333, 0.7667, 0.6600, 0.9074, 1.0000, 0.6333, 0.3417, 0.8667,
        0.7833, 0.4000, 0.6696, 0.6333, 0.4333, 0.8167, 0.7000])
tensor([0.9833, 0.7375, 0.8867, 0.7956, 0.6364, 0.8492, 0.7733, 0.7933, 0.7311,
        0.9021, 0.9712, 0.6548, 0.9174, 0.9250, 0.8481, 0.9095, 0.4933, 0.6944,
        0.7410, 0.9833, 0.8667, 0.4333, 0.7917, 0.8400, 0.5444, 0.6271, 0.7389,
        0.4833, 0.8333, 0.7444, 0.6067, 0.8630, 1.0000, 0.6619, 0.2333, 0.8538,
        0.7917, 0.5167, 0.6333, 0.6778, 0.3444, 0.8167, 0.7000])
tensor([0.9833, 0.8444, 0.9107, 0.8356, 0.7273, 0.8635, 0.7800, 0.8400, 0.7756,
        0.9021, 0.9742, 0.7286, 0.9174, 0.9625, 0.9074, 0.9286, 0.5267, 0.7333,
        0.7641, 0.9833, 0.8667, 0.4778, 0.8083, 0.8800, 0.6444, 0.6875, 0.7556,
        0.4833, 0.8533, 0.8111, 0.6533, 0.9185, 1.0000, 0.6857, 0.3250, 0.8692,
        0.8250, 0.5833, 0.6507, 0.6889, 0.4667, 0.8000, 0.7000])
tensor([0.9833, 0.8486, 0.9267, 0.8467, 0.7076, 0.8349, 0.7667, 0.8244, 0.7511,
        0.9062, 0.9727, 0.7095, 0.9261, 0.9639, 0.9000, 0.9143, 0.4933, 0.7861,
        0.7615, 0.9833, 0.8667, 0.4889, 0.8250, 0.8733, 0.5333, 0.6812, 0.7500,
        0.4833, 0.8533, 0.7556, 0.6200, 0.8963, 1.0000, 0.7048, 0.3750, 0.8897,
        0.8333, 0.6167, 0.6609, 0.6889, 0.4333, 0.8167, 0.7000])
tensor([0.9833, 0.8375, 0.9187, 0.8311, 0.7424, 0.8571, 0.7933, 0.8711, 0.7911,
        0.8854, 0.9727, 0.7476, 0.9145, 0.9667, 0.8630, 0.9095, 0.5400, 0.6694,
        0.7538, 0.9833, 0.8556, 0.4889, 0.8083, 0.8667, 0.6444, 0.6854, 0.7611,
        0.4833, 0.8400, 0.7778, 0.7067, 0.9481, 1.0000, 0.6952, 0.3917, 0.9000,
        0.8167, 0.6333, 0.6652, 0.6778, 0.6556, 0.7667, 0.7000])
tensor([0.9833, 0.8764, 0.9240, 0.8244, 0.7333, 0.8571, 0.7933, 0.8600, 0.8022,
        0.9042, 0.9742, 0.7310, 0.9145, 0.9681, 0.8704, 0.9238, 0.4867, 0.7278,
        0.7718, 0.9667, 0.8667, 0.5111, 0.8250, 0.8800, 0.6667, 0.6854, 0.7556,
        0.4833, 0.8467, 0.8111, 0.6800, 0.9370, 1.0000, 0.6810, 0.3500, 0.9000,
        0.8333, 0.6667, 0.6797, 0.6667, 0.6667, 0.8167, 0.7111])
tensor([0.9833, 0.8653, 0.9173, 0.8200, 0.7530, 0.8603, 0.8067, 0.8533, 0.8044,
        0.9104, 0.9788, 0.8095, 0.9319, 0.9653, 0.8704, 0.9000, 0.5600, 0.6667,
        0.7667, 1.0000, 0.8778, 0.5111, 0.8417, 0.8800, 0.6556, 0.6875, 0.7667,
        0.4833, 0.8400, 0.8000, 0.6733, 0.9333, 1.0000, 0.6714, 0.4917, 0.9051,
        0.8333, 0.7000, 0.6797, 0.6667, 0.6111, 0.8167, 0.7111])
tensor([0.9833, 0.8944, 0.9307, 0.8378, 0.7985, 0.8730, 0.8067, 0.8844, 0.8689,
        0.9146, 0.9818, 0.7905, 0.9261, 0.9694, 0.9222, 0.9619, 0.6200, 0.7056,
        0.7718, 0.9833, 0.9333, 0.5111, 0.8750, 0.8933, 0.7000, 0.7208, 0.7833,
        0.4833, 0.8600, 0.8667, 0.6933, 0.9481, 1.0000, 0.7048, 0.5417, 0.9308,
        0.8667, 0.7000, 0.7058, 0.7667, 0.7889, 0.8167, 0.7222])
tensor([0.9833, 0.9236, 0.9320, 0.8311, 0.8091, 0.8746, 0.8200, 0.8844, 0.8733,
        0.9208, 0.9818, 0.8071, 0.9391, 0.9778, 0.9593, 0.9667, 0.7200, 0.8250,
        0.7769, 0.9833, 0.9556, 0.5111, 0.8917, 0.8933, 0.7000, 0.7437, 0.7778,
        0.4833, 0.8667, 0.9000, 0.6800, 0.9333, 1.0000, 0.8190, 0.7750, 0.9487,
        0.8667, 0.7667, 0.7377, 0.8444, 0.8000, 0.8333, 0.7222])
tensor([0.9833, 0.9056, 0.9400, 0.8178, 0.8152, 0.8683, 0.8133, 0.8800, 0.8556,
        0.9187, 0.9788, 0.8143, 0.9536, 0.9778, 0.9370, 0.9667, 0.6733, 0.7750,
        0.7718, 1.0000, 0.9556, 0.5111, 0.8833, 0.8933, 0.6889, 0.7188, 0.7889,
        0.4833, 0.8600, 0.8556, 0.6733, 0.9296, 1.0000, 0.8048, 0.7917, 0.9487,
        0.8667, 0.7333, 0.7290, 0.8444, 0.7556, 0.8333, 0.7222])
tensor([0.9833, 0.9181, 0.9187, 0.8422, 0.7894, 0.8651, 0.8200, 0.8911, 0.8622,
        0.9167, 0.9803, 0.8500, 0.9435, 0.9764, 0.9370, 0.9476, 0.7200, 0.7278,
        0.7872, 0.9833, 0.9556, 0.5111, 0.8917, 0.9200, 0.7000, 0.7208, 0.7778,
        0.5000, 0.8800, 0.8556, 0.7067, 0.9481, 1.0000, 0.7333, 0.6833, 0.9282,
        0.8667, 0.7000, 0.6957, 0.7667, 0.6111, 0.8333, 0.7222])
tensor([0.9833, 0.9153, 0.9427, 0.8622, 0.8273, 0.8762, 0.8133, 0.8822, 0.8644,
        0.9208, 0.9788, 0.8214, 0.9333, 0.9819, 0.9407, 0.9714, 0.7133, 0.7278,
        0.7692, 0.9833, 0.9667, 0.5444, 0.9167, 0.9200, 0.7222, 0.7646, 0.7889,
        0.4833, 0.9000, 0.8889, 0.7267, 0.9444, 1.0000, 0.8143, 0.8000, 0.9590,
        0.9000, 0.7667, 0.7464, 0.8444, 0.7778, 0.8500, 0.7222])
tensor([0.9833, 0.9194, 0.9413, 0.8378, 0.7879, 0.8746, 0.8133, 0.8844, 0.8400,
        0.9208, 0.9833, 0.8238, 0.9464, 0.9778, 0.9370, 0.9571, 0.8333, 0.6333,
        0.7846, 0.9833, 0.9556, 0.5556, 0.9083, 0.9200, 0.7111, 0.7188, 0.7833,
        0.4833, 0.8933, 0.8556, 0.6867, 0.9407, 1.0000, 0.8048, 0.7750, 0.9410,
        0.8917, 0.7333, 0.7667, 0.8444, 0.7667, 0.8500, 0.7222])
tensor([0.9833, 0.9306, 0.9387, 0.8422, 0.8242, 0.8730, 0.8133, 0.8889, 0.8756,
        0.9229, 0.9833, 0.8714, 0.9551, 0.9819, 0.9444, 0.9762, 0.9133, 0.7556,
        0.7769, 0.9833, 0.9667, 0.5556, 0.9083, 0.9267, 0.7222, 0.7437, 0.8000,
        0.4833, 0.8933, 0.8889, 0.7000, 0.9370, 1.0000, 0.8476, 0.8333, 0.9564,
        0.9083, 0.7833, 0.7551, 0.8556, 0.7778, 0.8500, 0.7444])
tensor([0.9833, 0.9236, 0.9440, 0.8222, 0.8348, 0.8841, 0.8133, 0.8978, 0.8711,
        0.9229, 0.9833, 0.8667, 0.9594, 0.9847, 0.9481, 0.9571, 0.8533, 0.7556,
        0.7795, 0.9833, 0.9889, 0.5889, 0.9083, 0.9267, 0.7444, 0.7854, 0.8000,
        0.4833, 0.8933, 0.8778, 0.7267, 0.9556, 1.0000, 0.8143, 0.8000, 0.9513,
        0.9000, 0.7833, 0.7478, 0.8556, 0.7778, 0.8500, 0.7222])
tensor([0.9833, 0.9472, 0.9347, 0.8422, 0.8530, 0.8841, 0.8200, 0.9000, 0.8578,
        0.9187, 0.9833, 0.8548, 0.9478, 0.9833, 0.9407, 0.9571, 0.8333, 0.7083,
        0.7897, 0.9667, 0.9667, 0.5444, 0.9000, 0.9200, 0.7111, 0.7583, 0.7944,
        0.5000, 0.8867, 0.8556, 0.7133, 0.9593, 1.0000, 0.8143, 0.8083, 0.9462,
        0.8750, 0.7833, 0.7551, 0.8556, 0.7667, 0.8500, 0.7222])
tensor([0.9833, 0.9500, 0.9347, 0.8600, 0.8439, 0.8873, 0.8267, 0.9178, 0.9111,
        0.9292, 0.9879, 0.9024, 0.9580, 0.9847, 0.9667, 0.9619, 0.8667, 0.7111,
        0.7949, 0.9833, 0.9889, 0.5889, 0.9333, 0.9333, 0.7444, 0.7896, 0.8056,
        0.5000, 0.9200, 0.8667, 0.7267, 0.9630, 1.0000, 0.8333, 0.8417, 0.9590,
        0.9000, 0.7833, 0.7971, 0.8667, 0.7889, 0.8333, 0.7333])
tensor([0.9833, 0.9403, 0.9413, 0.8711, 0.8424, 0.8810, 0.8267, 0.9311, 0.9000,
        0.9292, 0.9879, 0.8667, 0.9609, 0.9833, 0.9704, 0.9429, 0.8467, 0.7694,
        0.7821, 0.9833, 0.9778, 0.5556, 0.9333, 0.9200, 0.7444, 0.7750, 0.8056,
        0.5000, 0.9067, 0.8333, 0.7600, 0.9667, 1.0000, 0.8095, 0.8083, 0.9513,
        0.8833, 0.8000, 0.7681, 0.8333, 0.7667, 0.8333, 0.7333])
tensor([0.9833, 0.9556, 0.9440, 0.8756, 0.8712, 0.8889, 0.8267, 0.9089, 0.9089,
        0.9292, 0.9864, 0.8929, 0.9551, 0.9861, 0.9852, 0.9714, 0.9467, 0.8028,
        0.7897, 1.0000, 0.9889, 0.5889, 0.9417, 0.9333, 0.7444, 0.7979, 0.8111,
        0.5000, 0.9200, 0.8778, 0.7333, 0.9593, 1.0000, 0.8476, 0.8583, 0.9564,
        0.9083, 0.8000, 0.7754, 0.8556, 0.7667, 0.8500, 0.7556])
tensor([0.9833, 0.9514, 0.9453, 0.8578, 0.8576, 0.8873, 0.8200, 0.9067, 0.8978,
        0.9292, 0.9833, 0.8738, 0.9565, 0.9875, 0.9815, 0.9571, 0.9133, 0.7972,
        0.7897, 0.9833, 0.9889, 0.5889, 0.9333, 0.9400, 0.7444, 0.8167, 0.8056,
        0.5000, 0.9133, 0.8889, 0.7133, 0.9556, 1.0000, 0.8333, 0.8583, 0.9487,
        0.9083, 0.7833, 0.7725, 0.8444, 0.7667, 0.8500, 0.7444])
tensor([0.9833, 0.9500, 0.9480, 0.8844, 0.8606, 0.8921, 0.8267, 0.9156, 0.9067,
        0.9292, 0.9864, 0.9000, 0.9609, 0.9875, 0.9778, 0.9571, 0.9200, 0.7750,
        0.7949, 1.0000, 0.9889, 0.5889, 0.9417, 0.9400, 0.7556, 0.8188, 0.8056,
        0.4833, 0.9133, 0.8778, 0.7467, 0.9630, 1.0000, 0.8238, 0.8833, 0.9744,
        0.9083, 0.8000, 0.7652, 0.8667, 0.7667, 0.8500, 0.7444])
tensor([0.9833, 0.9486, 0.9440, 0.8800, 0.8606, 0.8937, 0.8333, 0.9400, 0.9022,
        0.9292, 0.9864, 0.9095, 0.9667, 0.9875, 0.9778, 0.9762, 0.9533, 0.6667,
        0.7897, 1.0000, 0.9889, 0.5778, 0.9500, 0.9467, 0.7556, 0.8271, 0.8167,
        0.5000, 0.9200, 0.8556, 0.7533, 0.9667, 1.0000, 0.8286, 0.8833, 0.9769,
        0.9167, 0.8000, 0.7507, 0.8667, 0.7667, 0.8667, 0.7444])
tensor([0.9833, 0.9458, 0.9373, 0.8867, 0.8697, 0.8873, 0.8267, 0.9178, 0.9044,
        0.9292, 0.9848, 0.8976, 0.9522, 0.9861, 0.9778, 0.9857, 0.9267, 0.6833,
        0.8077, 0.9833, 0.9889, 0.5556, 0.9333, 0.9400, 0.7556, 0.8188, 0.8056,
        0.5000, 0.9133, 0.8889, 0.7333, 0.9667, 1.0000, 0.8190, 0.8750, 0.9590,
        0.9333, 0.7833, 0.7652, 0.8444, 0.7778, 0.8500, 0.7333])
tensor([0.9833, 0.9528, 0.9480, 0.8689, 0.8667, 0.8825, 0.8400, 0.9022, 0.8978,
        0.9292, 0.9833, 0.8786, 0.9696, 0.9861, 0.9741, 0.9810, 0.9467, 0.7056,
        0.7923, 1.0000, 0.9889, 0.5667, 0.9417, 0.9333, 0.7444, 0.7958, 0.8056,
        0.4833, 0.9200, 0.8333, 0.7267, 0.9444, 1.0000, 0.8333, 0.8917, 0.9769,
        0.9167, 0.8000, 0.7522, 0.8778, 0.7667, 0.8667, 0.7444])
tensor([0.9667, 0.9472, 0.9587, 0.8889, 0.8879, 0.8984, 0.8333, 0.9333, 0.9422,
        0.9312, 0.9864, 0.8976, 0.9652, 0.9875, 0.9926, 0.9667, 0.9800, 0.7861,
        0.7923, 1.0000, 0.9889, 0.5556, 0.9583, 0.9467, 0.7889, 0.8354, 0.8167,
        0.5000, 0.9200, 0.8667, 0.7667, 0.9667, 1.0000, 0.8429, 0.9083, 0.9769,
        0.9417, 0.8500, 0.8043, 0.8667, 0.7667, 0.8667, 0.7556])
tensor([0.9667, 0.9583, 0.9533, 0.9000, 0.8833, 0.8968, 0.8333, 0.9422, 0.9378,
        0.9312, 0.9848, 0.9595, 0.9667, 0.9903, 0.9926, 0.9905, 0.9800, 0.7917,
        0.8026, 0.9833, 0.9889, 0.5778, 0.9583, 0.9400, 0.8000, 0.8438, 0.8222,
        0.5000, 0.9200, 0.9111, 0.7667, 0.9704, 1.0000, 0.8429, 0.8833, 0.9667,
        0.9417, 0.8500, 0.8072, 0.8556, 0.7889, 0.8500, 0.7556])
tensor([0.9833, 0.9556, 0.9533, 0.8778, 0.8939, 0.8937, 0.8400, 0.9289, 0.9467,
        0.9312, 0.9864, 0.9262, 0.9710, 0.9861, 0.9926, 0.9857, 0.9800, 0.8083,
        0.7923, 1.0000, 0.9889, 0.5667, 0.9583, 0.9467, 0.8000, 0.8354, 0.8222,
        0.5000, 0.9200, 0.8889, 0.7400, 0.9630, 1.0000, 0.8619, 0.9000, 0.9692,
        0.9417, 0.8500, 0.8174, 0.8778, 0.8000, 0.8667, 0.7556])
tensor([0.9667, 0.9639, 0.9587, 0.8667, 0.8955, 0.8952, 0.8333, 0.9178, 0.9356,
        0.9312, 0.9864, 0.9429, 0.9710, 0.9889, 0.9926, 0.9905, 0.9800, 0.8222,
        0.8026, 0.9833, 0.9889, 0.5889, 0.9583, 0.9467, 0.8111, 0.8458, 0.8167,
        0.5000, 0.9200, 0.8889, 0.7600, 0.9667, 1.0000, 0.8857, 0.9417, 0.9667,
        0.9417, 0.8667, 0.8435, 0.8889, 0.8111, 0.8500, 0.7667])
tensor([0.9667, 0.9611, 0.9520, 0.8711, 0.8970, 0.8952, 0.8467, 0.9133, 0.9333,
        0.9312, 0.9833, 0.9024, 0.9710, 0.9861, 0.9889, 0.9857, 0.9600, 0.7417,
        0.7974, 0.9833, 0.9889, 0.5556, 0.9583, 0.9467, 0.7889, 0.8229, 0.8167,
        0.5000, 0.9267, 0.8667, 0.7333, 0.9556, 1.0000, 0.8667, 0.9000, 0.9641,
        0.9333, 0.8500, 0.7696, 0.8778, 0.7889, 0.8667, 0.7556])
tensor([0.9833, 0.9514, 0.9507, 0.9067, 0.8758, 0.8984, 0.8333, 0.9489, 0.9467,
        0.9312, 0.9848, 0.9190, 0.9696, 0.9889, 0.9852, 0.9905, 0.9933, 0.6806,
        0.7846, 0.9833, 0.9889, 0.5667, 0.9583, 0.9600, 0.7889, 0.8396, 0.8222,
        0.5000, 0.9200, 0.8444, 0.7733, 0.9667, 1.0000, 0.8571, 0.9250, 0.9667,
        0.9333, 0.8500, 0.8087, 0.8667, 0.8111, 0.8500, 0.7556])
tensor([0.9667, 0.9611, 0.9533, 0.8778, 0.9030, 0.8984, 0.8467, 0.9289, 0.9489,
        0.9333, 0.9833, 0.9381, 0.9754, 0.9875, 0.9926, 0.9905, 0.9933, 0.8250,
        0.7974, 1.0000, 0.9889, 0.5111, 0.9583, 0.9467, 0.8000, 0.8438, 0.8278,
        0.5000, 0.9333, 0.8667, 0.7867, 0.9593, 1.0000, 0.8762, 0.9417, 0.9795,
        0.9417, 0.8667, 0.8043, 0.8778, 0.8111, 0.8667, 0.7667])
tensor([0.9833, 0.9653, 0.9587, 0.8978, 0.8939, 0.8905, 0.8467, 0.9356, 0.9422,
        0.9312, 0.9848, 0.9405, 0.9710, 0.9903, 0.9926, 0.9857, 0.9933, 0.8306,
        0.8000, 1.0000, 0.9889, 0.5667, 0.9583, 0.9467, 0.7889, 0.8417, 0.8222,
        0.5000, 0.9333, 0.8556, 0.7533, 0.9630, 1.0000, 0.8952, 0.9333, 0.9718,
        0.9333, 0.8667, 0.8203, 0.8889, 0.8111, 0.8667, 0.7556])
tensor([0.9833, 0.9681, 0.9587, 0.9044, 0.8879, 0.9032, 0.8467, 0.9333, 0.9467,
        0.9312, 0.9848, 0.9476, 0.9681, 0.9917, 0.9926, 0.9905, 0.9933, 0.8306,
        0.8026, 0.9833, 0.9889, 0.6000, 0.9583, 0.9467, 0.8222, 0.8500, 0.8278,
        0.5000, 0.9400, 0.8778, 0.7867, 0.9630, 1.0000, 0.8952, 0.9500, 0.9769,
        0.9417, 0.8833, 0.8580, 0.9111, 0.8111, 0.8667, 0.7778])
tensor([0.9667, 0.9694, 0.9573, 0.8867, 0.9000, 0.9063, 0.8467, 0.9311, 0.9511,
        0.9333, 0.9848, 0.9333, 0.9681, 0.9861, 1.0000, 0.9762, 0.9933, 0.8611,
        0.7923, 1.0000, 0.9889, 0.5889, 0.9583, 0.9467, 0.8222, 0.8458, 0.8278,
        0.4833, 0.9333, 0.8889, 0.7667, 0.9593, 1.0000, 0.8905, 0.9333, 0.9667,
        0.9417, 0.8667, 0.8043, 0.8889, 0.8111, 0.8667, 0.7778])
tensor([0.9667, 0.9681, 0.9600, 0.9067, 0.8833, 0.9111, 0.8333, 0.9422, 0.9467,
        0.9333, 0.9864, 0.9452, 0.9725, 0.9889, 0.9926, 0.9857, 0.9933, 0.7861,
        0.8103, 0.9833, 0.9889, 0.6111, 0.9583, 0.9533, 0.8111, 0.8625, 0.8278,
        0.5000, 0.9467, 0.8556, 0.7867, 0.9667, 1.0000, 0.8762, 0.9417, 0.9744,
        0.9417, 0.9000, 0.8348, 0.8889, 0.8111, 0.8667, 0.7667])
tensor([0.9500, 0.9694, 0.9587, 0.9289, 0.8924, 0.9063, 0.8533, 0.9311, 0.9511,
        0.9333, 0.9864, 0.9500, 0.9710, 0.9917, 0.9926, 0.9905, 0.9933, 0.8528,
        0.8077, 1.0000, 0.9889, 0.5889, 0.9667, 0.9467, 0.8111, 0.8646, 0.8333,
        0.5000, 0.9400, 0.8667, 0.7600, 0.9630, 1.0000, 0.9095, 0.9583, 0.9795,
        0.9417, 0.9333, 0.8797, 0.9111, 0.8111, 0.8667, 0.7778])
tensor([0.9667, 0.9653, 0.9600, 0.9089, 0.8955, 0.9111, 0.8533, 0.9311, 0.9578,
        0.9333, 0.9848, 0.9357, 0.9681, 0.9889, 0.9926, 0.9905, 0.9933, 0.8278,
        0.8026, 0.9833, 0.9889, 0.5556, 0.9583, 0.9467, 0.8333, 0.8667, 0.8333,
        0.5000, 0.9467, 0.8889, 0.8000, 0.9630, 1.0000, 0.8762, 0.9417, 0.9769,
        0.9417, 0.8833, 0.8580, 0.8889, 0.8111, 0.8667, 0.7667])
tensor([0.9833, 0.9639, 0.9573, 0.8733, 0.9000, 0.9032, 0.8533, 0.9289, 0.9400,
        0.9312, 0.9833, 0.8833, 0.9725, 0.9861, 0.9926, 0.9857, 0.9933, 0.7889,
        0.7974, 1.0000, 0.9889, 0.5333, 0.9583, 0.9467, 0.7889, 0.8375, 0.8167,
        0.5000, 0.9333, 0.8667, 0.7400, 0.9593, 1.0000, 0.8667, 0.9333, 0.9769,
        0.9417, 0.8833, 0.8188, 0.8889, 0.8111, 0.9000, 0.7556])
