tensor([0., 0., 1., 0., 0., 0., 0., 0., 0., 0., 0., 0., 0., 0., 0., 0., 0., 0.,
        0., 0., 0., 0., 0., 0., 0., 0., 0., 0., 0., 0., 0., 0., 0., 0., 0., 0.,
        0., 0., 0., 0., 0., 0., 0.])
tensor([0., 0., 0., 0., 1., 0., 0., 0., 0., 0., 0., 0., 0., 0., 0., 0., 0., 0.,
        0., 0., 0., 0., 0., 0., 0., 0., 0., 0., 0., 0., 0., 0., 0., 0., 0., 0.,
        0., 0., 0., 0., 0., 0., 0.])
tensor([0., 0., 0., 0., 0., 0., 0., 0., 0., 0., 0., 0., 0., 1., 0., 0., 0., 0.,
        0., 0., 0., 0., 0., 0., 0., 0., 0., 0., 0., 0., 0., 0., 0., 0., 0., 0.,
        0., 0., 0., 0., 0., 0., 0.])
tensor([0., 0., 0., 0., 0., 0., 0., 0., 0., 0., 0., 0., 0., 1., 0., 0., 0., 0.,
        0., 0., 0., 0., 0., 0., 0., 0., 0., 0., 0., 0., 0., 0., 0., 0., 0., 0.,
        0., 0., 0., 0., 0., 0., 0.])
tensor([0.0000, 0.0000, 1.0000, 0.0000, 0.0000, 0.0000, 0.0000, 0.0000, 0.0000,
        0.0000, 0.0000, 0.0000, 0.0000, 0.1556, 0.0000, 0.0000, 0.0000, 0.0000,
        0.0000, 0.0000, 0.0000, 0.0000, 0.0000, 0.0000, 0.0000, 0.0000, 0.0000,
        0.0000, 0.0000, 0.0000, 0.0000, 0.0000, 0.0000, 0.0000, 0.0000, 0.0000,
        0.0000, 0.0000, 0.0000, 0.0000, 0.0000, 0.0000, 0.0000])
tensor([0., 0., 1., 0., 0., 0., 0., 0., 0., 0., 0., 0., 0., 0., 0., 0., 0., 0.,
        0., 0., 0., 0., 0., 0., 0., 0., 0., 0., 0., 0., 0., 0., 0., 0., 0., 0.,
        0., 0., 0., 0., 0., 0., 0.])
tensor([0.0000, 0.0000, 0.4440, 0.0000, 0.0000, 0.0000, 0.0000, 0.0000, 0.0000,
        0.0000, 0.4015, 0.0000, 0.9203, 0.0000, 0.0000, 0.0000, 0.0000, 0.0000,
        0.0000, 0.0000, 0.0000, 0.0000, 0.0000, 0.0000, 0.0000, 0.0000, 0.0000,
        0.0000, 0.0000, 0.0000, 0.0000, 0.0000, 0.0000, 0.0000, 0.0000, 0.0564,
        0.0000, 0.4833, 0.0058, 0.0000, 0.0000, 0.0000, 0.0000])
tensor([0.0000, 0.5431, 0.1467, 0.0000, 0.0015, 0.0063, 0.0000, 0.0000, 0.0000,
        0.0000, 0.8076, 0.0000, 0.4420, 0.2750, 0.0000, 0.0000, 0.0000, 0.0306,
        0.0000, 0.0000, 0.0000, 0.0000, 0.0000, 0.0000, 0.0000, 0.0000, 0.0000,
        0.0000, 0.0000, 0.0000, 0.0000, 0.0000, 0.0000, 0.0000, 0.0000, 0.8051,
        0.0000, 0.0000, 0.0043, 0.0000, 0.0000, 0.0000, 0.0000])
tensor([0.0000, 0.4556, 0.2133, 0.0022, 0.0424, 0.0810, 0.0000, 0.0000, 0.1467,
        0.0000, 0.6455, 0.2071, 0.6435, 0.5181, 0.0000, 0.0000, 0.0000, 0.9028,
        0.0051, 0.0000, 0.0000, 0.0000, 0.0000, 0.0000, 0.0000, 0.0000, 0.0000,
        0.0000, 0.0000, 0.0000, 0.0000, 0.0000, 0.0000, 0.0000, 0.0000, 0.4872,
        0.0000, 0.0000, 0.2797, 0.0000, 0.0000, 0.0000, 0.0000])
tensor([0.0000, 0.5514, 0.1627, 0.0311, 0.1227, 0.0079, 0.0000, 0.0067, 0.2600,
        0.1250, 0.6258, 0.6476, 0.8319, 0.8361, 0.0889, 0.0000, 0.0000, 0.9028,
        0.1436, 0.0000, 0.0000, 0.0000, 0.0000, 0.0000, 0.0000, 0.0021, 0.0000,
        0.0000, 0.0000, 0.0000, 0.0000, 0.0000, 0.0000, 0.0000, 0.0000, 0.3769,
        0.0000, 0.0000, 0.4420, 0.0000, 0.0000, 0.0000, 0.0000])
tensor([0.0000, 0.5222, 0.1533, 0.0000, 0.1182, 0.0937, 0.1000, 0.0000, 0.2244,
        0.3063, 0.7788, 0.6762, 0.8159, 0.9278, 0.4333, 0.0000, 0.0000, 0.7556,
        0.3590, 0.0000, 0.0000, 0.0000, 0.0000, 0.0000, 0.0000, 0.0542, 0.0278,
        0.0000, 0.0000, 0.0000, 0.0000, 0.0778, 0.0000, 0.0000, 0.0000, 0.3103,
        0.0000, 0.0000, 0.4420, 0.0000, 0.0000, 0.0000, 0.0000])
tensor([0.0000, 0.5181, 0.1720, 0.0000, 0.1121, 0.1000, 0.2333, 0.0378, 0.2533,
        0.4333, 0.8409, 0.7143, 0.8246, 0.9444, 0.4556, 0.2667, 0.1600, 0.7667,
        0.4564, 0.0000, 0.0000, 0.0000, 0.0000, 0.0000, 0.0000, 0.1104, 0.0167,
        0.0000, 0.0000, 0.0000, 0.0000, 0.0556, 0.0000, 0.0000, 0.0000, 0.1821,
        0.0000, 0.0000, 0.6058, 0.0000, 0.0000, 0.0333, 0.0000])
tensor([0.0000, 0.4778, 0.2227, 0.0156, 0.1061, 0.1381, 0.2800, 0.0533, 0.2622,
        0.5125, 0.8652, 0.7714, 0.8188, 0.9389, 0.4963, 0.2905, 0.4200, 0.7722,
        0.4667, 0.0000, 0.0000, 0.0000, 0.0333, 0.0000, 0.0000, 0.2542, 0.0278,
        0.0000, 0.0133, 0.0000, 0.0000, 0.0185, 0.0000, 0.0000, 0.0000, 0.1872,
        0.0000, 0.0000, 0.6420, 0.0000, 0.0000, 0.1667, 0.0111])
tensor([0.0000, 0.5611, 0.1613, 0.1111, 0.1742, 0.1286, 0.3267, 0.0800, 0.2422,
        0.5771, 0.8727, 0.7905, 0.8101, 0.9417, 0.5852, 0.3810, 0.5600, 0.8444,
        0.4872, 0.0000, 0.0000, 0.0000, 0.2833, 0.0000, 0.0000, 0.4542, 0.1111,
        0.0000, 0.0400, 0.0000, 0.0000, 0.1333, 0.0000, 0.0000, 0.0000, 0.1590,
        0.0000, 0.0000, 0.7159, 0.0000, 0.0000, 0.3167, 0.0667])
tensor([0.0000, 0.6431, 0.1347, 0.1378, 0.1833, 0.1333, 0.3533, 0.1711, 0.2244,
        0.6625, 0.8364, 0.8333, 0.8188, 0.9472, 0.6889, 0.3905, 0.5933, 0.8722,
        0.5103, 0.0000, 0.0000, 0.0000, 0.4583, 0.0000, 0.0000, 0.6042, 0.1778,
        0.0000, 0.1000, 0.0000, 0.0000, 0.3444, 0.0000, 0.0048, 0.0000, 0.3051,
        0.0000, 0.0000, 0.7246, 0.0000, 0.0000, 0.4333, 0.1667])
tensor([0.0000, 0.6889, 0.1067, 0.1956, 0.2561, 0.0810, 0.3867, 0.2200, 0.2733,
        0.7354, 0.8136, 0.8143, 0.8188, 0.9458, 0.7926, 0.4286, 0.6067, 0.9028,
        0.5590, 0.0000, 0.0000, 0.0111, 0.6250, 0.0000, 0.0000, 0.6542, 0.2500,
        0.0000, 0.2600, 0.0222, 0.0067, 0.5963, 0.0000, 0.0381, 0.0000, 0.4026,
        0.0000, 0.0000, 0.7652, 0.0000, 0.0000, 0.6167, 0.2000])
tensor([0.0000, 0.7139, 0.1227, 0.3111, 0.2621, 0.1127, 0.3933, 0.3267, 0.3244,
        0.7542, 0.8106, 0.7548, 0.8145, 0.9472, 0.8407, 0.5333, 0.6667, 0.9250,
        0.5769, 0.0000, 0.0000, 0.0333, 0.6667, 0.0067, 0.0000, 0.7292, 0.4000,
        0.0000, 0.4133, 0.1000, 0.0133, 0.6741, 0.0333, 0.0762, 0.0000, 0.4000,
        0.0000, 0.0000, 0.8710, 0.0000, 0.0000, 0.6667, 0.3667])
tensor([0.0000, 0.6917, 0.1720, 0.3689, 0.3212, 0.1286, 0.4200, 0.4400, 0.3200,
        0.7875, 0.8167, 0.7381, 0.8290, 0.9514, 0.8778, 0.6476, 0.7467, 0.9306,
        0.5872, 0.0000, 0.0111, 0.1556, 0.6917, 0.0533, 0.0000, 0.7646, 0.5167,
        0.0000, 0.4800, 0.3444, 0.0333, 0.6778, 0.1500, 0.1333, 0.0750, 0.3974,
        0.2583, 0.2000, 0.8768, 0.1333, 0.0222, 0.7000, 0.4222])
tensor([0.0000, 0.6722, 0.2520, 0.5311, 0.3515, 0.1698, 0.4600, 0.4511, 0.3644,
        0.7937, 0.8197, 0.7738, 0.8188, 0.9500, 0.9074, 0.7381, 0.8000, 0.9306,
        0.6231, 0.0000, 0.0222, 0.0889, 0.7583, 0.1467, 0.0000, 0.8042, 0.3667,
        0.0000, 0.4800, 0.4333, 0.0533, 0.6667, 0.3167, 0.2810, 0.6333, 0.4590,
        0.5667, 0.3667, 0.8986, 0.3111, 0.3889, 0.7500, 0.5111])
tensor([0.0000, 0.6847, 0.2920, 0.5933, 0.4106, 0.2206, 0.4600, 0.4533, 0.4089,
        0.7896, 0.8121, 0.8048, 0.8203, 0.9514, 0.9185, 0.8095, 0.8333, 0.9222,
        0.6077, 0.0000, 0.1000, 0.1000, 0.8333, 0.2667, 0.0000, 0.8479, 0.3833,
        0.0000, 0.4933, 0.5000, 0.0467, 0.7000, 0.3500, 0.6810, 0.8167, 0.5821,
        0.6417, 0.7333, 0.9000, 0.4556, 0.4444, 0.7167, 0.7111])
tensor([0.0000, 0.6931, 0.3560, 0.5844, 0.4576, 0.2889, 0.4733, 0.4556, 0.4289,
        0.8104, 0.8348, 0.8071, 0.8261, 0.9556, 0.9185, 0.8476, 0.8333, 0.9472,
        0.5641, 0.0000, 0.1667, 0.1778, 0.8500, 0.3667, 0.0111, 0.8667, 0.3833,
        0.0000, 0.5200, 0.5111, 0.0400, 0.7185, 0.3833, 0.7810, 0.9000, 0.6897,
        0.6583, 0.8167, 0.9000, 0.5222, 0.4444, 0.7000, 0.7444])
tensor([0.0000, 0.6931, 0.3533, 0.6289, 0.5212, 0.3317, 0.4867, 0.5156, 0.4844,
        0.8250, 0.8348, 0.8190, 0.8391, 0.9583, 0.9296, 0.9143, 0.8267, 0.9583,
        0.5923, 0.0000, 0.1778, 0.2000, 0.8667, 0.4600, 0.0444, 0.8917, 0.3889,
        0.0000, 0.5467, 0.5444, 0.0467, 0.7296, 0.4333, 0.8571, 0.9333, 0.7923,
        0.7083, 0.8667, 0.9130, 0.5333, 0.5000, 0.6833, 0.7889])
tensor([0.0000, 0.6875, 0.4427, 0.6444, 0.5606, 0.3444, 0.5133, 0.5600, 0.5000,
        0.8354, 0.8621, 0.8286, 0.8391, 0.9583, 0.9407, 0.9476, 0.8267, 0.9472,
        0.5718, 0.0000, 0.2222, 0.2111, 0.8833, 0.4400, 0.1111, 0.9021, 0.3944,
        0.0000, 0.5333, 0.5667, 0.0733, 0.7630, 0.4500, 0.8905, 0.9417, 0.8436,
        0.7167, 0.8667, 0.9246, 0.5556, 0.6000, 0.6833, 0.8000])
tensor([0.0000, 0.7444, 0.3920, 0.6711, 0.5970, 0.4095, 0.5067, 0.5756, 0.5178,
        0.8729, 0.8727, 0.8214, 0.8522, 0.9681, 0.9370, 0.9286, 0.8267, 0.9750,
        0.5718, 0.0000, 0.2667, 0.2444, 0.8917, 0.4867, 0.1222, 0.9062, 0.4056,
        0.0000, 0.5267, 0.6000, 0.1333, 0.7667, 0.4667, 0.9000, 0.9750, 0.9000,
        0.7250, 0.8833, 0.9261, 0.5889, 0.5889, 0.6667, 0.8556])
tensor([0.0000, 0.7181, 0.4680, 0.6844, 0.6197, 0.4365, 0.5000, 0.6089, 0.6311,
        0.9125, 0.8818, 0.8238, 0.8565, 0.9708, 0.9481, 0.9476, 0.8400, 0.9750,
        0.5641, 0.0000, 0.3222, 0.2222, 0.9083, 0.5067, 0.1556, 0.9083, 0.4111,
        0.0000, 0.5467, 0.6111, 0.1533, 0.7741, 0.5000, 0.9381, 0.9833, 0.8897,
        0.7417, 0.8833, 0.9217, 0.5556, 0.6222, 0.6500, 0.8556])
tensor([0.0000, 0.7583, 0.4707, 0.7311, 0.6667, 0.5254, 0.5533, 0.6178, 0.6556,
        0.9146, 0.8894, 0.8310, 0.8478, 0.9736, 0.9630, 0.9571, 0.8400, 0.9722,
        0.5821, 0.0333, 0.3667, 0.2444, 0.9250, 0.5600, 0.2000, 0.9125, 0.4056,
        0.0167, 0.5600, 0.5889, 0.0800, 0.7778, 0.5667, 0.9476, 0.9833, 0.9154,
        0.7583, 0.9000, 0.9435, 0.5222, 0.8000, 0.6500, 0.8667])
tensor([0.0167, 0.7708, 0.5280, 0.7622, 0.7258, 0.5905, 0.5867, 0.6422, 0.5844,
        0.9312, 0.9000, 0.8286, 0.8478, 0.9722, 0.9630, 0.9476, 0.8600, 0.9750,
        0.5846, 0.1167, 0.4111, 0.2667, 0.9250, 0.5333, 0.2000, 0.9167, 0.3944,
        0.0167, 0.5200, 0.5667, 0.2133, 0.7889, 0.5333, 0.9286, 0.9833, 0.9615,
        0.8167, 0.9000, 0.9420, 0.5222, 0.8222, 0.6333, 0.8667])
tensor([0.0167, 0.7583, 0.5933, 0.7711, 0.7485, 0.6175, 0.6067, 0.6467, 0.6111,
        0.9292, 0.9121, 0.8286, 0.8667, 0.9778, 0.9630, 0.9476, 0.8733, 0.9750,
        0.5641, 0.1000, 0.4556, 0.2444, 0.9333, 0.6200, 0.2111, 0.9229, 0.4111,
        0.0000, 0.5200, 0.5889, 0.1600, 0.8074, 0.5500, 0.9381, 0.9833, 0.9615,
        0.8000, 0.8667, 0.9420, 0.5556, 0.7778, 0.6000, 0.8667])
tensor([0.0500, 0.7819, 0.6187, 0.7822, 0.7530, 0.6381, 0.5733, 0.6089, 0.7311,
        0.9604, 0.9106, 0.8405, 0.8623, 0.9764, 0.9852, 0.9238, 0.8800, 0.9694,
        0.6077, 0.1167, 0.5222, 0.3667, 0.9333, 0.6200, 0.2667, 0.9187, 0.3889,
        0.0167, 0.5333, 0.5889, 0.2000, 0.8074, 0.5667, 0.9476, 0.9833, 0.9564,
        0.8000, 0.8667, 0.9478, 0.5667, 0.7444, 0.6500, 0.9000])
tensor([0.0500, 0.7722, 0.6880, 0.8289, 0.7682, 0.6444, 0.5867, 0.6711, 0.7133,
        0.9667, 0.9258, 0.8190, 0.8638, 0.9778, 0.9889, 0.9333, 0.8933, 0.9667,
        0.6410, 0.1167, 0.5778, 0.3667, 0.9417, 0.6200, 0.2667, 0.9187, 0.3833,
        0.0167, 0.5333, 0.6000, 0.2467, 0.8481, 0.5333, 0.9524, 0.9833, 0.9538,
        0.8417, 0.9167, 0.9464, 0.5889, 0.7778, 0.6833, 0.8889])
tensor([0.0500, 0.7653, 0.7347, 0.8400, 0.8015, 0.6524, 0.6067, 0.6511, 0.7400,
        0.9771, 0.9273, 0.8214, 0.8754, 0.9764, 0.9926, 0.9429, 0.9200, 0.9667,
        0.5923, 0.1167, 0.6667, 0.3778, 0.9250, 0.6400, 0.3222, 0.9146, 0.4778,
        0.0000, 0.5400, 0.5444, 0.2333, 0.8444, 0.6000, 0.9524, 0.9833, 0.9513,
        0.8500, 0.9333, 0.9507, 0.5889, 0.7556, 0.6833, 0.8889])
tensor([0.0500, 0.7903, 0.7507, 0.8400, 0.7758, 0.6810, 0.6467, 0.6822, 0.7889,
        0.9750, 0.9333, 0.8333, 0.8768, 0.9764, 0.9926, 0.9476, 0.9200, 0.9667,
        0.6615, 0.1500, 0.7333, 0.3778, 0.9417, 0.6267, 0.3111, 0.9229, 0.4111,
        0.0333, 0.5333, 0.5333, 0.2133, 0.8481, 0.6333, 0.9476, 0.9833, 0.9590,
        0.8583, 0.9333, 0.9464, 0.5778, 0.7778, 0.6500, 0.8778])
tensor([0.0833, 0.8014, 0.7853, 0.8467, 0.8106, 0.6746, 0.6133, 0.6778, 0.7933,
        0.9750, 0.9379, 0.8286, 0.8826, 0.9764, 0.9926, 0.9524, 0.9333, 0.9639,
        0.6590, 0.2667, 0.7333, 0.3667, 0.9500, 0.6533, 0.3778, 0.9187, 0.4500,
        0.0833, 0.5533, 0.5444, 0.1933, 0.8519, 0.6333, 0.9476, 0.9833, 0.9513,
        0.8750, 0.9667, 0.9507, 0.6000, 0.7889, 0.6667, 0.9000])
tensor([0.1333, 0.8014, 0.8080, 0.8778, 0.8152, 0.6889, 0.6200, 0.6822, 0.8378,
        0.9750, 0.9409, 0.8357, 0.8913, 0.9764, 0.9926, 0.9476, 0.9333, 0.9528,
        0.6513, 0.3000, 0.7000, 0.4667, 0.9417, 0.6067, 0.3111, 0.9187, 0.5389,
        0.0333, 0.5533, 0.5222, 0.3133, 0.8519, 0.6333, 0.9429, 0.9833, 0.9513,
        0.9000, 0.9667, 0.9449, 0.6111, 0.7667, 0.7000, 0.8889])
tensor([0.1167, 0.8236, 0.8027, 0.8711, 0.8167, 0.7222, 0.6267, 0.7156, 0.8133,
        0.9771, 0.9409, 0.8405, 0.8942, 0.9750, 0.9926, 0.9429, 0.9267, 0.9611,
        0.6564, 0.3167, 0.7556, 0.4889, 0.9417, 0.6600, 0.3333, 0.9208, 0.5778,
        0.0667, 0.5533, 0.5889, 0.2133, 0.8519, 0.6500, 0.9667, 0.9833, 0.9513,
        0.9000, 0.9333, 0.9565, 0.6111, 0.7778, 0.6667, 0.9000])
tensor([0.1333, 0.8236, 0.8253, 0.8933, 0.8515, 0.7270, 0.6267, 0.7289, 0.8044,
        0.9792, 0.9379, 0.8381, 0.8841, 0.9764, 0.9926, 0.9524, 0.9267, 0.9611,
        0.6590, 0.3833, 0.7667, 0.3667, 0.9500, 0.6467, 0.3222, 0.9187, 0.5944,
        0.0500, 0.5600, 0.5667, 0.3267, 0.8556, 0.6833, 0.9524, 0.9833, 0.9487,
        0.9167, 0.9500, 0.9536, 0.6000, 0.7667, 0.7000, 0.9111])
tensor([0.1333, 0.8542, 0.8333, 0.8933, 0.8409, 0.7333, 0.6267, 0.7333, 0.8356,
        0.9833, 0.9455, 0.8500, 0.8986, 0.9792, 0.9926, 0.9667, 0.9067, 0.9500,
        0.6513, 0.3333, 0.8000, 0.4000, 0.9417, 0.6733, 0.4000, 0.9187, 0.6444,
        0.0500, 0.5533, 0.5667, 0.2667, 0.8556, 0.6167, 0.9476, 0.9833, 0.9487,
        0.9083, 0.9500, 0.9377, 0.5889, 0.7667, 0.6667, 0.9111])
tensor([0.1500, 0.8514, 0.8213, 0.8956, 0.8424, 0.7698, 0.6333, 0.7378, 0.8689,
        0.9833, 0.9424, 0.8524, 0.9043, 0.9792, 0.9926, 0.9619, 0.9133, 0.9528,
        0.6513, 0.3667, 0.7889, 0.5000, 0.9500, 0.6667, 0.3222, 0.9146, 0.6833,
        0.0667, 0.5467, 0.6556, 0.3067, 0.8556, 0.6667, 0.9667, 0.9833, 0.9410,
        0.9167, 0.9667, 0.9464, 0.5889, 0.7889, 0.6500, 0.9222])
tensor([0.2000, 0.8264, 0.8587, 0.9000, 0.8485, 0.7540, 0.6800, 0.7622, 0.8711,
        0.9854, 0.9470, 0.8476, 0.9043, 0.9778, 0.9926, 0.9619, 0.9267, 0.9528,
        0.6487, 0.4333, 0.8000, 0.4667, 0.9417, 0.6733, 0.3778, 0.9229, 0.7222,
        0.0667, 0.5600, 0.6667, 0.3800, 0.8778, 0.7500, 0.9667, 0.9833, 0.9333,
        0.9417, 0.9833, 0.9377, 0.6000, 0.8000, 0.7000, 0.9222])
tensor([0.1833, 0.8403, 0.8640, 0.9089, 0.8652, 0.7619, 0.6333, 0.7600, 0.8844,
        0.9875, 0.9500, 0.8548, 0.9058, 0.9792, 0.9926, 0.9619, 0.8933, 0.9556,
        0.6615, 0.4667, 0.8000, 0.4444, 0.9333, 0.6667, 0.3778, 0.9250, 0.7111,
        0.1333, 0.6000, 0.6333, 0.3533, 0.8852, 0.7333, 0.9667, 0.9833, 0.9385,
        0.9083, 0.9500, 0.9435, 0.5778, 0.7778, 0.6667, 0.9222])
tensor([0.1833, 0.8431, 0.8533, 0.9244, 0.8727, 0.7762, 0.6400, 0.7533, 0.8956,
        0.9854, 0.9455, 0.8429, 0.9116, 0.9792, 0.9926, 0.9619, 0.9200, 0.9556,
        0.6538, 0.4833, 0.8111, 0.4778, 0.9667, 0.6933, 0.4556, 0.9271, 0.7333,
        0.2667, 0.6200, 0.6222, 0.3733, 0.8704, 0.7333, 0.9667, 0.9833, 0.9333,
        0.9083, 0.9500, 0.9348, 0.6000, 0.7889, 0.6333, 0.9222])
tensor([0.2000, 0.8625, 0.8573, 0.9422, 0.8727, 0.7810, 0.6800, 0.7778, 0.8911,
        0.9833, 0.9500, 0.8524, 0.9188, 0.9778, 0.9926, 0.9714, 0.9400, 0.9500,
        0.6667, 0.5167, 0.8000, 0.4444, 0.9667, 0.6800, 0.4333, 0.9292, 0.7278,
        0.2667, 0.6200, 0.6222, 0.4267, 0.9000, 0.8000, 0.9571, 0.9833, 0.9359,
        0.9500, 0.9500, 0.9406, 0.6667, 0.8111, 0.6500, 0.9111])
tensor([0.2333, 0.8569, 0.8667, 0.9133, 0.8864, 0.7937, 0.6733, 0.7756, 0.9156,
        0.9875, 0.9576, 0.8571, 0.9130, 0.9778, 0.9926, 0.9619, 0.9267, 0.9528,
        0.6821, 0.5000, 0.8000, 0.5111, 0.9750, 0.7067, 0.4667, 0.9208, 0.7222,
        0.2667, 0.6333, 0.6667, 0.3400, 0.8963, 0.8667, 0.9571, 0.9833, 0.9385,
        0.9500, 0.9833, 0.9217, 0.7556, 0.8222, 0.6833, 0.9111])
tensor([0.2167, 0.8514, 0.8827, 0.9289, 0.8864, 0.8016, 0.6467, 0.7822, 0.9267,
        0.9833, 0.9561, 0.8690, 0.9043, 0.9778, 0.9926, 0.9714, 0.9400, 0.9500,
        0.6744, 0.4667, 0.8444, 0.5667, 0.9750, 0.6933, 0.4222, 0.9229, 0.8000,
        0.2667, 0.6067, 0.7111, 0.4733, 0.9074, 0.8333, 0.9571, 0.9917, 0.9359,
        0.9583, 1.0000, 0.9319, 0.7111, 0.8222, 0.7333, 0.9333])
tensor([0.2167, 0.8667, 0.8747, 0.9356, 0.8939, 0.7952, 0.6867, 0.7911, 0.9289,
        0.9896, 0.9591, 0.8643, 0.9217, 0.9778, 0.9926, 0.9524, 0.9400, 0.9500,
        0.6897, 0.5000, 0.8333, 0.4778, 0.9750, 0.6933, 0.4556, 0.9333, 0.7556,
        0.2667, 0.6000, 0.7111, 0.4600, 0.9148, 0.8333, 0.9333, 0.9833, 0.9487,
        0.9500, 0.9667, 0.9290, 0.6111, 0.8222, 0.7000, 0.9222])
tensor([0.3000, 0.8667, 0.8827, 0.9444, 0.8879, 0.7984, 0.7000, 0.8000, 0.9333,
        0.9896, 0.9576, 0.8643, 0.9174, 0.9778, 0.9926, 0.9524, 0.8733, 0.9500,
        0.6821, 0.5167, 0.8000, 0.4667, 0.9667, 0.6933, 0.4111, 0.9333, 0.7667,
        0.3333, 0.6400, 0.7000, 0.5333, 0.9148, 0.9000, 0.9429, 0.9917, 0.9385,
        0.9583, 0.9667, 0.9058, 0.6889, 0.8222, 0.6667, 0.9222])
tensor([0.3167, 0.8708, 0.8853, 0.9467, 0.8848, 0.7905, 0.7000, 0.8133, 0.9356,
        0.9875, 0.9591, 0.8738, 0.9188, 0.9778, 0.9926, 0.9524, 0.9133, 0.9500,
        0.6744, 0.5333, 0.8444, 0.5222, 0.9667, 0.6933, 0.4333, 0.9375, 0.7722,
        0.3000, 0.6667, 0.7222, 0.4933, 0.9222, 0.9167, 0.9476, 0.9917, 0.9359,
        0.9333, 0.9667, 0.9304, 0.7556, 0.8333, 0.7000, 0.9333])
tensor([0.2667, 0.8778, 0.8827, 0.9489, 0.8985, 0.8079, 0.6933, 0.8089, 0.9378,
        0.9917, 0.9591, 0.8738, 0.9087, 0.9792, 0.9926, 0.9524, 0.9400, 0.9500,
        0.7000, 0.5167, 0.8444, 0.4667, 0.9667, 0.6867, 0.4667, 0.9312, 0.7611,
        0.3000, 0.6467, 0.6667, 0.5133, 0.9222, 0.9833, 0.9571, 0.9833, 0.9385,
        0.9417, 0.9833, 0.9348, 0.6556, 0.8222, 0.7000, 0.9333])
tensor([0.3500, 0.8917, 0.8813, 0.9467, 0.8924, 0.8095, 0.6867, 0.8156, 0.9378,
        0.9917, 0.9636, 0.8714, 0.9319, 0.9806, 0.9926, 0.9476, 0.9333, 0.9472,
        0.6974, 0.4667, 0.8556, 0.5000, 0.9667, 0.7467, 0.5111, 0.9354, 0.7889,
        0.3000, 0.6467, 0.7333, 0.5600, 0.9296, 0.9833, 0.9524, 0.9917, 0.9359,
        0.9167, 0.9667, 0.9391, 0.6889, 0.8333, 0.7167, 0.9222])
tensor([0.2833, 0.8889, 0.8973, 0.9556, 0.8970, 0.8032, 0.7000, 0.7978, 0.9489,
        0.9917, 0.9591, 0.8738, 0.9261, 0.9778, 0.9926, 0.9476, 0.9133, 0.9472,
        0.6974, 0.5333, 0.8556, 0.5111, 0.9667, 0.7067, 0.5111, 0.9375, 0.8056,
        0.3000, 0.6800, 0.6778, 0.5867, 0.9222, 0.9833, 0.9524, 0.9917, 0.9385,
        0.9000, 0.9667, 0.9420, 0.6667, 0.8333, 0.7167, 0.9333])
tensor([0.3000, 0.9000, 0.9013, 0.9311, 0.9015, 0.8143, 0.6933, 0.8356, 0.9422,
        0.9917, 0.9697, 0.8905, 0.9159, 0.9778, 0.9926, 0.9619, 0.9333, 0.9417,
        0.7026, 0.5167, 0.8444, 0.4556, 0.9667, 0.7333, 0.5111, 0.9375, 0.8056,
        0.4000, 0.6933, 0.7222, 0.5600, 0.9296, 1.0000, 0.9571, 0.9917, 0.9333,
        0.9333, 0.9667, 0.9377, 0.6889, 0.8667, 0.7667, 0.9333])
tensor([0.3833, 0.8944, 0.9067, 0.9378, 0.8939, 0.8190, 0.7067, 0.8156, 0.9311,
        0.9917, 0.9712, 0.8786, 0.9348, 0.9806, 0.9926, 0.9762, 0.9000, 0.9278,
        0.7026, 0.5000, 0.8333, 0.4778, 0.9583, 0.8067, 0.4667, 0.9375, 0.8111,
        0.4167, 0.6867, 0.7778, 0.5400, 0.9370, 1.0000, 0.9571, 0.9917, 0.9385,
        0.9333, 0.9667, 0.9362, 0.7000, 0.8333, 0.7667, 0.9444])
tensor([0.3667, 0.9069, 0.9093, 0.9333, 0.8924, 0.8175, 0.7333, 0.8178, 0.9556,
        0.9917, 0.9742, 0.8714, 0.9319, 0.9806, 0.9926, 0.9857, 0.9467, 0.9306,
        0.7026, 0.5333, 0.8333, 0.5111, 0.9583, 0.7667, 0.5222, 0.9375, 0.8111,
        0.3500, 0.6733, 0.7444, 0.6267, 0.9370, 1.0000, 0.9476, 0.9917, 0.9462,
        0.9083, 0.9667, 0.9420, 0.7333, 0.8333, 0.7500, 0.9222])
tensor([0.3833, 0.9000, 0.8987, 0.9556, 0.9015, 0.8079, 0.7067, 0.8244, 0.9422,
        0.9917, 0.9742, 0.8833, 0.9217, 0.9806, 0.9926, 0.9714, 0.9000, 0.9389,
        0.7051, 0.5333, 0.8333, 0.5333, 0.9583, 0.8067, 0.5000, 0.9375, 0.8111,
        0.4333, 0.6933, 0.7444, 0.5333, 0.9370, 1.0000, 0.9619, 0.9917, 0.9513,
        0.9500, 0.9667, 0.9406, 0.7667, 0.8667, 0.7667, 0.9333])
tensor([0.4167, 0.8931, 0.9200, 0.9333, 0.9015, 0.8317, 0.7400, 0.8267, 0.9444,
        0.9937, 0.9758, 0.8762, 0.9290, 0.9806, 0.9926, 0.9762, 0.9400, 0.9333,
        0.6974, 0.5167, 0.8778, 0.4778, 0.9500, 0.7800, 0.4889, 0.9375, 0.8278,
        0.4167, 0.7333, 0.6444, 0.5867, 0.9407, 1.0000, 0.9571, 0.9917, 0.9359,
        0.9500, 0.9667, 0.9246, 0.8556, 0.8667, 0.7833, 0.9444])
tensor([0.4500, 0.8903, 0.9187, 0.9356, 0.9182, 0.8349, 0.7200, 0.8156, 0.9444,
        0.9917, 0.9773, 0.8690, 0.9391, 0.9833, 0.9926, 0.9810, 0.9467, 0.9444,
        0.7205, 0.5500, 0.8889, 0.4778, 0.9667, 0.7533, 0.5556, 0.9375, 0.8111,
        0.4000, 0.7467, 0.6222, 0.6333, 0.9259, 1.0000, 0.9476, 0.9917, 0.9410,
        0.9167, 0.9667, 0.9420, 0.8556, 0.8667, 0.7667, 0.9444])
tensor([0.4500, 0.9111, 0.9200, 0.9467, 0.9030, 0.8317, 0.7200, 0.8378, 0.9444,
        0.9917, 0.9758, 0.8738, 0.9377, 0.9806, 0.9926, 0.9810, 0.9533, 0.9417,
        0.7103, 0.5333, 0.8889, 0.5111, 0.9500, 0.8467, 0.5556, 0.9333, 0.8167,
        0.4333, 0.7400, 0.6556, 0.5867, 0.9333, 1.0000, 0.9619, 0.9917, 0.9615,
        0.9333, 0.9667, 0.9406, 0.8556, 0.8667, 0.7833, 0.9444])
tensor([0.4333, 0.9056, 0.9107, 0.9400, 0.9121, 0.8238, 0.7400, 0.8222, 0.9422,
        0.9937, 0.9742, 0.8833, 0.9333, 0.9833, 0.9963, 0.9857, 0.9533, 0.9333,
        0.7359, 0.5500, 0.8889, 0.5222, 0.9667, 0.8267, 0.5000, 0.9354, 0.7889,
        0.4333, 0.7667, 0.6556, 0.6067, 0.9370, 1.0000, 0.9571, 0.9917, 0.9462,
        0.9333, 0.9667, 0.9377, 0.8778, 0.8778, 0.7500, 0.9444])
tensor([0.5167, 0.9125, 0.9240, 0.9422, 0.9015, 0.8333, 0.7400, 0.8489, 0.9333,
        0.9937, 0.9773, 0.8738, 0.9319, 0.9833, 0.9963, 0.9952, 0.9533, 0.9333,
        0.7205, 0.5500, 0.8667, 0.5111, 0.9667, 0.8600, 0.5000, 0.9354, 0.8167,
        0.4500, 0.7533, 0.6556, 0.6000, 0.9185, 1.0000, 0.9571, 0.9917, 0.9487,
        0.9500, 0.9833, 0.9362, 0.8556, 0.8778, 0.8000, 0.9444])
tensor([0.4833, 0.9125, 0.9280, 0.9422, 0.9106, 0.8317, 0.7667, 0.8333, 0.9444,
        0.9937, 0.9833, 0.8714, 0.9275, 0.9819, 0.9963, 0.9905, 0.9533, 0.9389,
        0.7385, 0.5333, 0.8778, 0.5111, 0.9667, 0.8533, 0.4889, 0.9354, 0.8056,
        0.4667, 0.7533, 0.6667, 0.5867, 0.9333, 1.0000, 0.9476, 0.9917, 0.9590,
        0.9250, 0.9667, 0.9464, 0.8778, 0.8778, 0.8000, 0.9444])
tensor([0.5333, 0.9028, 0.9320, 0.9422, 0.9121, 0.8302, 0.7333, 0.8444, 0.9333,
        0.9958, 0.9788, 0.8929, 0.9319, 0.9792, 0.9963, 0.9857, 0.9467, 0.9389,
        0.7487, 0.5167, 0.9000, 0.5000, 0.9583, 0.8600, 0.5333, 0.9354, 0.8056,
        0.4500, 0.7533, 0.6889, 0.5733, 0.9296, 1.0000, 0.9571, 0.9917, 0.9590,
        0.9333, 0.9667, 0.9493, 0.8556, 0.8778, 0.8000, 0.9556])
tensor([0.5167, 0.9167, 0.9227, 0.9244, 0.9167, 0.8492, 0.7200, 0.8311, 0.9267,
        0.9958, 0.9818, 0.8667, 0.9435, 0.9819, 0.9963, 0.9905, 0.9533, 0.9389,
        0.7487, 0.5167, 0.8778, 0.5111, 0.9583, 0.8800, 0.5556, 0.9333, 0.8056,
        0.4500, 0.7267, 0.6889, 0.6267, 0.9148, 1.0000, 0.9571, 0.9917, 0.9538,
        0.9333, 0.9667, 0.9435, 0.8556, 0.8778, 0.7667, 0.9444])
tensor([0.5667, 0.9236, 0.9307, 0.9289, 0.9121, 0.8508, 0.7800, 0.8467, 0.9356,
        0.9937, 0.9803, 0.8690, 0.9391, 0.9847, 0.9963, 0.9905, 0.9533, 0.9306,
        0.7385, 0.5167, 0.9000, 0.5333, 0.9750, 0.8800, 0.6222, 0.9333, 0.8111,
        0.4667, 0.7667, 0.6667, 0.6267, 0.9407, 1.0000, 0.9429, 0.9917, 0.9462,
        0.9250, 0.9667, 0.9536, 0.8889, 0.8778, 0.8333, 0.9444])
tensor([0.5333, 0.9181, 0.9213, 0.9378, 0.9197, 0.8365, 0.7467, 0.8200, 0.9267,
        0.9958, 0.9833, 0.8667, 0.9319, 0.9833, 0.9963, 0.9857, 0.9400, 0.9361,
        0.7410, 0.5500, 0.8667, 0.5111, 0.9667, 0.8867, 0.5667, 0.9354, 0.8111,
        0.4833, 0.7400, 0.6778, 0.6067, 0.9370, 1.0000, 0.9714, 0.9917, 0.9538,
        0.9333, 0.9667, 0.9420, 0.8444, 0.8778, 0.8000, 0.9444])
tensor([0.6333, 0.9111, 0.9373, 0.9378, 0.9182, 0.8524, 0.7667, 0.8356, 0.9222,
        0.9958, 0.9848, 0.8714, 0.9290, 0.9833, 0.9963, 0.9905, 0.9533, 0.9472,
        0.7769, 0.5167, 0.9111, 0.5111, 0.9750, 0.8933, 0.6444, 0.9333, 0.8000,
        0.5000, 0.7667, 0.6444, 0.5867, 0.9407, 1.0000, 0.9571, 0.9917, 0.9538,
        0.8833, 0.9667, 0.9449, 0.8778, 0.8778, 0.8000, 0.9556])
tensor([0.6167, 0.9181, 0.9387, 0.9333, 0.9106, 0.8492, 0.7600, 0.8578, 0.9200,
        0.9958, 0.9879, 0.8619, 0.9333, 0.9889, 1.0000, 0.9952, 0.9200, 0.9306,
        0.7564, 0.5167, 0.9000, 0.5444, 0.9667, 0.8867, 0.6778, 0.9354, 0.8056,
        0.5000, 0.8000, 0.6444, 0.6667, 0.9333, 1.0000, 0.9238, 0.9917, 0.9513,
        0.9333, 0.9667, 0.9406, 0.9111, 0.8778, 0.7833, 0.9444])
tensor([0.5500, 0.9292, 0.9360, 0.9556, 0.9076, 0.8397, 0.7733, 0.8222, 0.9289,
        0.9958, 0.9833, 0.8524, 0.9406, 0.9875, 1.0000, 0.9857, 0.9400, 0.9361,
        0.7641, 0.5333, 0.8889, 0.5222, 0.9750, 0.8800, 0.6000, 0.9354, 0.7944,
        0.5000, 0.8000, 0.6778, 0.6933, 0.9296, 1.0000, 0.9762, 0.9917, 0.9538,
        0.9000, 0.9667, 0.9420, 0.8556, 0.8778, 0.8000, 0.9556])
tensor([0.6000, 0.9208, 0.9307, 0.9533, 0.9227, 0.8381, 0.7800, 0.8489, 0.9156,
        0.9958, 0.9848, 0.8690, 0.9435, 0.9861, 0.9963, 0.9905, 0.9533, 0.9306,
        0.7692, 0.5333, 0.8667, 0.5222, 0.9750, 0.8733, 0.7000, 0.9333, 0.7944,
        0.4667, 0.8200, 0.6444, 0.6733, 0.9333, 1.0000, 0.9619, 0.9917, 0.9615,
        0.9250, 0.9667, 0.9391, 0.8889, 0.8889, 0.8333, 0.9556])
tensor([0.5833, 0.9222, 0.9493, 0.9400, 0.9076, 0.8397, 0.7733, 0.8311, 0.9333,
        0.9937, 0.9879, 0.8595, 0.9261, 0.9875, 1.0000, 0.9810, 0.9600, 0.9306,
        0.7538, 0.5333, 0.8889, 0.5333, 0.9667, 0.8933, 0.6556, 0.9354, 0.8000,
        0.5000, 0.8133, 0.6667, 0.6267, 0.9296, 1.0000, 0.9333, 0.9917, 0.9615,
        0.9333, 0.9333, 0.9391, 0.8889, 0.8889, 0.8333, 0.9556])
tensor([0.6333, 0.9167, 0.9440, 0.9511, 0.9106, 0.8476, 0.7733, 0.8556, 0.9222,
        0.9937, 0.9833, 0.8714, 0.9551, 0.9875, 1.0000, 0.9905, 0.9533, 0.9250,
        0.7590, 0.5167, 0.8889, 0.5111, 0.9667, 0.8000, 0.7222, 0.9292, 0.8222,
        0.5000, 0.8267, 0.6556, 0.6800, 0.9370, 1.0000, 0.9667, 0.9917, 0.9641,
        0.9250, 0.9500, 0.9391, 0.8778, 0.8556, 0.8500, 0.9556])
tensor([0.6667, 0.9167, 0.9320, 0.9511, 0.9197, 0.8476, 0.7733, 0.8289, 0.9200,
        0.9937, 0.9833, 0.8548, 0.9493, 0.9875, 1.0000, 0.9810, 0.9533, 0.9278,
        0.7846, 0.5333, 0.9111, 0.5222, 0.9750, 0.9133, 0.6667, 0.9333, 0.8000,
        0.5000, 0.8267, 0.6333, 0.6133, 0.9296, 1.0000, 0.9619, 0.9917, 0.9641,
        0.9250, 0.9333, 0.9420, 0.8556, 0.8444, 0.8500, 0.9556])
tensor([0.6000, 0.9167, 0.9480, 0.9311, 0.9121, 0.8524, 0.7733, 0.8511, 0.9289,
        0.9958, 0.9848, 0.8381, 0.9420, 0.9847, 1.0000, 0.9810, 0.9600, 0.9361,
        0.7795, 0.5667, 0.9222, 0.5000, 0.9583, 0.8800, 0.7444, 0.9292, 0.8111,
        0.5000, 0.8000, 0.6556, 0.6600, 0.9185, 1.0000, 0.9571, 0.9917, 0.9692,
        0.8917, 0.9333, 0.9493, 0.9000, 0.8778, 0.8667, 0.9556])
tensor([0.6500, 0.9278, 0.9320, 0.9422, 0.9136, 0.8571, 0.7733, 0.8467, 0.9178,
        0.9958, 0.9864, 0.8762, 0.9464, 0.9819, 1.0000, 0.9952, 0.9600, 0.9250,
        0.7769, 0.5500, 0.9000, 0.5333, 0.9667, 0.9067, 0.6667, 0.9292, 0.8111,
        0.5000, 0.8000, 0.6667, 0.6600, 0.8963, 1.0000, 0.9714, 0.9917, 0.9641,
        0.9167, 0.9333, 0.9609, 0.8333, 0.8778, 0.8833, 0.9556])
tensor([0.6333, 0.9264, 0.9413, 0.9511, 0.9182, 0.8492, 0.7800, 0.8267, 0.9200,
        0.9937, 0.9848, 0.8667, 0.9435, 0.9819, 1.0000, 0.9905, 0.9667, 0.9250,
        0.7846, 0.5333, 0.9111, 0.5111, 0.9750, 0.8867, 0.6889, 0.9292, 0.8111,
        0.5000, 0.8133, 0.6556, 0.6400, 0.9296, 1.0000, 0.9714, 0.9917, 0.9641,
        0.9333, 0.9500, 0.9464, 0.9111, 0.8667, 0.8667, 0.9556])
tensor([0.7000, 0.9208, 0.9387, 0.9444, 0.9273, 0.8508, 0.7600, 0.8556, 0.9200,
        0.9937, 0.9848, 0.8690, 0.9304, 0.9861, 1.0000, 0.9952, 0.9600, 0.9361,
        0.7897, 0.5500, 0.9222, 0.5556, 0.9667, 0.9133, 0.7333, 0.9292, 0.8111,
        0.5000, 0.8200, 0.6444, 0.6533, 0.9148, 1.0000, 0.9714, 0.9917, 0.9667,
        0.9083, 0.9167, 0.9507, 0.9111, 0.8778, 0.8833, 0.9222])
tensor([0.7000, 0.9222, 0.9347, 0.9422, 0.9303, 0.8587, 0.8067, 0.8467, 0.9222,
        0.9958, 0.9848, 0.8595, 0.9362, 0.9875, 1.0000, 0.9810, 0.9800, 0.9361,
        0.7897, 0.5833, 0.9222, 0.5667, 0.9583, 0.9067, 0.6889, 0.9292, 0.8111,
        0.5000, 0.8000, 0.6667, 0.6533, 0.9111, 1.0000, 0.9667, 0.9917, 0.9744,
        0.9500, 0.9167, 0.9464, 0.8778, 0.8778, 0.8833, 0.9222])
tensor([0.6833, 0.9264, 0.9333, 0.9378, 0.9288, 0.8587, 0.7800, 0.8467, 0.9267,
        0.9937, 0.9848, 0.8619, 0.9333, 0.9806, 1.0000, 0.9810, 0.9600, 0.9389,
        0.7872, 0.5667, 0.9222, 0.5889, 0.9417, 0.9000, 0.7333, 0.9292, 0.8111,
        0.5000, 0.8133, 0.6556, 0.6867, 0.9111, 1.0000, 0.9619, 0.9917, 0.9744,
        0.9417, 0.9333, 0.9493, 0.9111, 0.8667, 0.8833, 0.9222])
tensor([0.7333, 0.9167, 0.9400, 0.9467, 0.9167, 0.8397, 0.8000, 0.8356, 0.9222,
        0.9937, 0.9864, 0.8738, 0.9362, 0.9819, 1.0000, 0.9857, 0.9600, 0.9333,
        0.7949, 0.5667, 0.9222, 0.5222, 0.9417, 0.9267, 0.7444, 0.9271, 0.8222,
        0.5000, 0.8133, 0.6667, 0.6867, 0.9037, 1.0000, 0.9762, 0.9917, 0.9667,
        0.9333, 0.9333, 0.9507, 0.8889, 0.8667, 0.8833, 0.9333])
tensor([0.6833, 0.9264, 0.9360, 0.9400, 0.9212, 0.8571, 0.7933, 0.8444, 0.9267,
        0.9958, 0.9848, 0.8810, 0.9435, 0.9833, 1.0000, 0.9952, 0.9733, 0.9361,
        0.7795, 0.5667, 0.8889, 0.5556, 0.9500, 0.9133, 0.7556, 0.9271, 0.8222,
        0.5000, 0.8267, 0.7000, 0.7000, 0.9037, 1.0000, 0.9762, 0.9917, 0.9718,
        0.9250, 0.9167, 0.9565, 0.8556, 0.8778, 0.8833, 0.9333])
tensor([0.7000, 0.9264, 0.9227, 0.9444, 0.9242, 0.8587, 0.7933, 0.8311, 0.9222,
        0.9958, 0.9833, 0.8619, 0.9406, 0.9833, 1.0000, 0.9857, 0.9600, 0.9333,
        0.8026, 0.6000, 0.9222, 0.5778, 0.9833, 0.9067, 0.7222, 0.9312, 0.8111,
        0.5000, 0.8267, 0.6889, 0.6467, 0.9148, 1.0000, 0.9762, 0.9917, 0.9718,
        0.9417, 0.9500, 0.9551, 0.9111, 0.8667, 0.8833, 0.9222])
tensor([0.7167, 0.9153, 0.9400, 0.9533, 0.9121, 0.8444, 0.8067, 0.8667, 0.9178,
        0.9958, 0.9848, 0.8714, 0.9478, 0.9833, 1.0000, 0.9810, 0.9533, 0.9361,
        0.7897, 0.5667, 0.9222, 0.6111, 0.9750, 0.9133, 0.7222, 0.9312, 0.8167,
        0.5000, 0.8200, 0.6889, 0.6733, 0.9148, 1.0000, 0.9619, 0.9917, 0.9692,
        0.9333, 0.9500, 0.9493, 0.9111, 0.8667, 0.8833, 0.9222])
tensor([0.6500, 0.9250, 0.9400, 0.9400, 0.9212, 0.8492, 0.7933, 0.8378, 0.9178,
        0.9958, 0.9833, 0.8619, 0.9420, 0.9861, 1.0000, 0.9762, 0.9667, 0.9306,
        0.7872, 0.5667, 0.9111, 0.6000, 0.9583, 0.8933, 0.7778, 0.9312, 0.8222,
        0.5000, 0.8200, 0.6778, 0.7000, 0.9148, 1.0000, 0.9429, 0.9917, 0.9692,
        0.9417, 0.9500, 0.9478, 0.9111, 0.8667, 0.8833, 0.9333])
tensor([0.7333, 0.9208, 0.9293, 0.9378, 0.9136, 0.8635, 0.8067, 0.8733, 0.9133,
        0.9958, 0.9833, 0.8619, 0.9348, 0.9847, 1.0000, 0.9857, 0.9533, 0.9361,
        0.7923, 0.5667, 0.8889, 0.5889, 0.9583, 0.9067, 0.7222, 0.9312, 0.8222,
        0.5000, 0.8467, 0.6778, 0.7067, 0.9148, 1.0000, 0.9810, 0.9917, 0.9718,
        0.9583, 0.8500, 0.9464, 0.8444, 0.8778, 0.8833, 0.9333])
tensor([0.7167, 0.9306, 0.9360, 0.9422, 0.9182, 0.8444, 0.7800, 0.8600, 0.9200,
        0.9958, 0.9803, 0.8810, 0.9290, 0.9861, 1.0000, 1.0000, 0.9667, 0.9361,
        0.7974, 0.5667, 0.8778, 0.5556, 0.9750, 0.9400, 0.7222, 0.9271, 0.8278,
        0.5000, 0.9000, 0.6556, 0.6800, 0.8963, 1.0000, 0.9762, 0.9917, 0.9718,
        0.9417, 0.9167, 0.9507, 0.9000, 0.8778, 0.8833, 0.9333])
tensor([0.7167, 0.9264, 0.9360, 0.9400, 0.9227, 0.8571, 0.8000, 0.8600, 0.9267,
        0.9958, 0.9803, 0.8857, 0.9435, 0.9833, 1.0000, 1.0000, 0.9800, 0.9361,
        0.7872, 0.5667, 0.9222, 0.5778, 0.9500, 0.9333, 0.7556, 0.9312, 0.8167,
        0.5000, 0.8800, 0.6778, 0.6667, 0.9222, 1.0000, 0.9810, 0.9917, 0.9718,
        0.9417, 0.9500, 0.9667, 0.9111, 0.8778, 0.8833, 0.9333])
tensor([0.6833, 0.9264, 0.9453, 0.9556, 0.9227, 0.8397, 0.8000, 0.8644, 0.9156,
        0.9958, 0.9848, 0.8690, 0.9391, 0.9861, 1.0000, 0.9905, 0.9733, 0.9500,
        0.7872, 0.5667, 0.9111, 0.5444, 0.9583, 0.9133, 0.8222, 0.9312, 0.8333,
        0.5000, 0.8733, 0.6222, 0.7067, 0.9333, 1.0000, 0.9571, 0.9917, 0.9718,
        0.9333, 0.9500, 0.9652, 0.9111, 0.8778, 0.8833, 0.9444])
tensor([0.7500, 0.9333, 0.9360, 0.9422, 0.9091, 0.8444, 0.8000, 0.8778, 0.9244,
        0.9958, 0.9833, 0.8714, 0.9420, 0.9833, 1.0000, 0.9905, 0.9733, 0.9556,
        0.7949, 0.6167, 0.9222, 0.6000, 0.9750, 0.9467, 0.7444, 0.9333, 0.8222,
        0.5333, 0.8867, 0.6444, 0.6867, 0.9111, 1.0000, 0.9667, 0.9917, 0.9769,
        0.9417, 0.8500, 0.9565, 0.9000, 0.8778, 0.8833, 0.9333])
tensor([0.7167, 0.9264, 0.9333, 0.9378, 0.9136, 0.8508, 0.8000, 0.8822, 0.9222,
        0.9958, 0.9773, 0.8714, 0.9464, 0.9861, 1.0000, 0.9952, 0.9800, 0.9417,
        0.7923, 0.6000, 0.9000, 0.5556, 0.9750, 0.9400, 0.7111, 0.9312, 0.8222,
        0.5333, 0.9000, 0.6778, 0.6667, 0.9148, 1.0000, 0.9905, 0.9917, 0.9718,
        0.9583, 0.8833, 0.9551, 0.8778, 0.8778, 0.8833, 0.9333])
tensor([0.7333, 0.9306, 0.9333, 0.9378, 0.9136, 0.8603, 0.7933, 0.8778, 0.9244,
        0.9958, 0.9803, 0.8548, 0.9420, 0.9833, 1.0000, 0.9905, 0.9733, 0.9361,
        0.7923, 0.6833, 0.9111, 0.5667, 0.9583, 0.9333, 0.7111, 0.9354, 0.8278,
        0.5000, 0.8867, 0.7000, 0.7267, 0.9259, 1.0000, 0.9762, 0.9917, 0.9769,
        0.9500, 0.8667, 0.9609, 0.9111, 0.8667, 0.8833, 0.9333])
tensor([0.7333, 0.9306, 0.9413, 0.9622, 0.9076, 0.8429, 0.7867, 0.8778, 0.9289,
        0.9958, 0.9833, 0.8714, 0.9377, 0.9861, 1.0000, 0.9857, 0.9667, 0.9556,
        0.7821, 0.6833, 0.9444, 0.5667, 0.9500, 0.9667, 0.7667, 0.9354, 0.8389,
        0.5167, 0.9067, 0.6333, 0.6600, 0.9148, 1.0000, 0.9762, 0.9917, 0.9692,
        0.9417, 0.8333, 0.9580, 0.8556, 0.8778, 0.8833, 0.9444])
tensor([0.7333, 0.9333, 0.9293, 0.9533, 0.9182, 0.8619, 0.7800, 0.8711, 0.9111,
        0.9958, 0.9803, 0.8905, 0.9493, 0.9861, 1.0000, 0.9857, 0.9667, 0.9500,
        0.7821, 0.5667, 0.8778, 0.6000, 0.9583, 0.8933, 0.7556, 0.9354, 0.8556,
        0.5167, 0.9000, 0.6556, 0.7133, 0.9259, 1.0000, 0.9810, 0.9917, 0.9718,
        0.9500, 0.8333, 0.9507, 0.8333, 0.8778, 0.8833, 0.9333])
tensor([0.7333, 0.9417, 0.9307, 0.9556, 0.9030, 0.8556, 0.7800, 0.8889, 0.9133,
        0.9958, 0.9727, 0.8857, 0.9377, 0.9861, 1.0000, 0.9810, 0.9733, 0.9472,
        0.7795, 0.5167, 0.9333, 0.6222, 0.9583, 0.9400, 0.7778, 0.9312, 0.8500,
        0.5000, 0.9200, 0.6444, 0.6933, 0.9370, 1.0000, 0.9762, 0.9917, 0.9769,
        0.9333, 0.8333, 0.9522, 0.8889, 0.8778, 0.8833, 0.9333])
tensor([0.7333, 0.9333, 0.9320, 0.9422, 0.9197, 0.8667, 0.7867, 0.8756, 0.9222,
        0.9958, 0.9727, 0.8690, 0.9478, 0.9819, 1.0000, 0.9952, 0.9800, 0.9583,
        0.7821, 0.7000, 0.9333, 0.6000, 0.9583, 0.9667, 0.7889, 0.9333, 0.8444,
        0.5333, 0.9000, 0.6444, 0.6867, 0.9370, 1.0000, 0.9857, 0.9917, 0.9769,
        0.9417, 0.8333, 0.9681, 0.9111, 0.8667, 0.8833, 0.9111])
tensor([0.7333, 0.9347, 0.9320, 0.9511, 0.9167, 0.8587, 0.7933, 0.8889, 0.9200,
        0.9958, 0.9803, 0.8643, 0.9536, 0.9819, 1.0000, 0.9810, 0.9867, 0.9361,
        0.7949, 0.7667, 0.9444, 0.6111, 0.9583, 0.9800, 0.7556, 0.9396, 0.8333,
        0.5833, 0.9067, 0.6444, 0.6933, 0.9296, 1.0000, 0.9714, 0.9917, 0.9795,
        0.9417, 0.8667, 0.9652, 0.9111, 0.8556, 0.8833, 0.9444])
tensor([0.7667, 0.9389, 0.9400, 0.9556, 0.9227, 0.8619, 0.8067, 0.8622, 0.9178,
        0.9958, 0.9773, 0.8881, 0.9536, 0.9861, 1.0000, 0.9905, 0.9867, 0.9444,
        0.7923, 0.8000, 0.9667, 0.6000, 0.9583, 0.9800, 0.7778, 0.9375, 0.8556,
        0.5333, 0.8933, 0.6444, 0.7133, 0.9259, 1.0000, 0.9667, 0.9917, 0.9769,
        0.9333, 0.8833, 0.9681, 0.9111, 0.8556, 0.9167, 0.9333])
tensor([0.7500, 0.9389, 0.9267, 0.9600, 0.9182, 0.8635, 0.7933, 0.9089, 0.9133,
        0.9958, 0.9773, 0.8786, 0.9536, 0.9861, 1.0000, 0.9952, 0.9800, 0.9611,
        0.7744, 0.5833, 0.9333, 0.5667, 0.9583, 0.9133, 0.7667, 0.9396, 0.8444,
        0.6000, 0.9133, 0.7000, 0.7600, 0.9519, 1.0000, 0.9714, 0.9917, 0.9744,
        0.9667, 0.8333, 0.9681, 0.8667, 0.8778, 0.8833, 0.9444])
tensor([0.7333, 0.9514, 0.9373, 0.9467, 0.9197, 0.8603, 0.7933, 0.8800, 0.9178,
        0.9958, 0.9758, 0.8857, 0.9464, 0.9847, 1.0000, 0.9762, 0.9867, 0.9583,
        0.7872, 0.7833, 0.9556, 0.5667, 0.9583, 0.9800, 0.8000, 0.9375, 0.8556,
        0.5167, 0.9133, 0.6778, 0.6933, 0.9407, 1.0000, 0.9905, 0.9917, 0.9795,
        0.9417, 0.8667, 0.9725, 0.9000, 0.8556, 0.8833, 0.9444])
tensor([0.7833, 0.9375, 0.9427, 0.9556, 0.9197, 0.8540, 0.8067, 0.8933, 0.9178,
        0.9958, 0.9788, 0.8810, 0.9435, 0.9861, 1.0000, 0.9952, 0.9667, 0.9611,
        0.7795, 0.7333, 0.9556, 0.5778, 0.9583, 0.9800, 0.7778, 0.9396, 0.8556,
        0.5000, 0.9067, 0.7000, 0.7533, 0.9444, 1.0000, 0.9571, 0.9917, 0.9769,
        0.9417, 0.8333, 0.9783, 0.9111, 0.8778, 0.8833, 0.9444])
tensor([0.8000, 0.9347, 0.9360, 0.9533, 0.9258, 0.8667, 0.7933, 0.8978, 0.9267,
        0.9958, 0.9864, 0.8857, 0.9522, 0.9861, 1.0000, 1.0000, 0.9867, 0.9528,
        0.7872, 0.8333, 0.9667, 0.6333, 0.9583, 0.9733, 0.7889, 0.9375, 0.8556,
        0.5333, 0.8933, 0.7000, 0.7000, 0.9481, 1.0000, 0.9810, 0.9917, 0.9744,
        0.9417, 0.8333, 0.9710, 0.9111, 0.8778, 0.8667, 0.9444])
tensor([0.7667, 0.9500, 0.9360, 0.9556, 0.9167, 0.8730, 0.8133, 0.8711, 0.9222,
        0.9958, 0.9773, 0.8833, 0.9507, 0.9847, 1.0000, 0.9762, 0.9867, 0.9611,
        0.7846, 0.6667, 0.9333, 0.6444, 0.9667, 0.9800, 0.8556, 0.9396, 0.8500,
        0.5000, 0.9067, 0.7444, 0.6800, 0.9556, 1.0000, 0.9619, 0.9917, 0.9821,
        0.9417, 0.7833, 0.9710, 0.8889, 0.8778, 0.9000, 0.9333])
tensor([0.7500, 0.9472, 0.9373, 0.9533, 0.9258, 0.8698, 0.8000, 0.8933, 0.9378,
        0.9958, 0.9803, 0.8976, 0.9551, 0.9833, 1.0000, 0.9762, 0.9867, 0.9639,
        0.7795, 0.8500, 0.9556, 0.6444, 0.9583, 0.9800, 0.7778, 0.9375, 0.8556,
        0.5000, 0.9067, 0.7667, 0.6600, 0.9481, 1.0000, 0.9714, 0.9917, 0.9769,
        0.9417, 0.8333, 0.9681, 0.9111, 0.8778, 0.8667, 0.9222])
tensor([0.7333, 0.9472, 0.9360, 0.9467, 0.9227, 0.8714, 0.8133, 0.9044, 0.9356,
        0.9958, 0.9773, 0.9000, 0.9536, 0.9847, 1.0000, 0.9762, 0.9867, 0.9639,
        0.7897, 0.8333, 0.9667, 0.6667, 0.9583, 0.9800, 0.8222, 0.9396, 0.8556,
        0.5000, 0.8867, 0.8556, 0.6867, 0.9444, 1.0000, 0.9571, 0.9917, 0.9769,
        0.9667, 0.8333, 0.9696, 0.9222, 0.8556, 0.9000, 0.9444])
tensor([0.7833, 0.9500, 0.9373, 0.9533, 0.9227, 0.8635, 0.7933, 0.8867, 0.9400,
        0.9958, 0.9818, 0.9024, 0.9536, 0.9792, 1.0000, 0.9762, 0.9867, 0.9667,
        0.7897, 0.9500, 0.9556, 0.6222, 0.9583, 0.9867, 0.7778, 0.9354, 0.8500,
        0.5500, 0.9067, 0.7333, 0.6867, 0.9407, 1.0000, 0.9762, 0.9917, 0.9769,
        0.9333, 0.8500, 0.9768, 0.8889, 0.8778, 0.9167, 0.9444])
tensor([0.8167, 0.9500, 0.9387, 0.9644, 0.9258, 0.8603, 0.7933, 0.9111, 0.9356,
        0.9958, 0.9803, 0.9024, 0.9638, 0.9847, 1.0000, 0.9905, 0.9867, 0.9611,
        0.7949, 0.9000, 0.9556, 0.6444, 0.9583, 0.9867, 0.8778, 0.9375, 0.8556,
        0.5000, 0.9067, 0.7556, 0.6800, 0.9333, 1.0000, 0.9571, 0.9917, 0.9795,
        0.9500, 0.7833, 0.9754, 0.9000, 0.8556, 0.9000, 0.9444])
tensor([0.7333, 0.9611, 0.9320, 0.9489, 0.9242, 0.8698, 0.8000, 0.8911, 0.9400,
        0.9958, 0.9788, 0.8905, 0.9536, 0.9847, 1.0000, 0.9952, 0.9867, 0.9611,
        0.7949, 0.8167, 0.9556, 0.6556, 0.9583, 0.9800, 0.8556, 0.9417, 0.8556,
        0.5000, 0.9133, 0.7222, 0.6933, 0.9519, 1.0000, 0.9619, 0.9917, 0.9795,
        0.9417, 0.8500, 0.9754, 0.9000, 0.8667, 0.8833, 0.9333])
tensor([0.7500, 0.9403, 0.9360, 0.9467, 0.9258, 0.8794, 0.7933, 0.8933, 0.9378,
        0.9979, 0.9803, 0.8952, 0.9536, 0.9847, 1.0000, 0.9952, 0.9867, 0.9611,
        0.7897, 0.8333, 0.9444, 0.6333, 0.9667, 0.9867, 0.8556, 0.9458, 0.8556,
        0.5000, 0.9067, 0.7000, 0.7000, 0.9481, 1.0000, 0.9714, 0.9917, 0.9769,
        0.9417, 0.8667, 0.9754, 0.8333, 0.8667, 0.8833, 0.9222])
tensor([0.7833, 0.9542, 0.9360, 0.9489, 0.9258, 0.8794, 0.8000, 0.8956, 0.9489,
        0.9958, 0.9818, 0.9024, 0.9536, 0.9833, 1.0000, 0.9952, 0.9867, 0.9639,
        0.8026, 0.9167, 0.9667, 0.6333, 0.9500, 0.9867, 0.8556, 0.9396, 0.8556,
        0.5000, 0.9000, 0.7556, 0.6600, 0.9444, 1.0000, 0.9571, 0.9917, 0.9769,
        0.9333, 0.8000, 0.9739, 0.9222, 0.8667, 0.9000, 0.9333])
tensor([0.8167, 0.9458, 0.9373, 0.9622, 0.9242, 0.8683, 0.8000, 0.9000, 0.9333,
        0.9958, 0.9803, 0.8881, 0.9580, 0.9806, 1.0000, 0.9952, 0.9867, 0.9611,
        0.8026, 0.8000, 0.9667, 0.6444, 0.9500, 0.9867, 0.8667, 0.9396, 0.8556,
        0.5000, 0.9133, 0.7000, 0.6933, 0.9481, 1.0000, 0.9762, 0.9917, 0.9795,
        0.9333, 0.8500, 0.9783, 0.8778, 0.8667, 0.9000, 0.9222])
tensor([0.7833, 0.9458, 0.9347, 0.9622, 0.9303, 0.8762, 0.7867, 0.9111, 0.9244,
        0.9958, 0.9788, 0.9095, 0.9536, 0.9847, 1.0000, 1.0000, 0.9867, 0.9750,
        0.7872, 0.7833, 0.9556, 0.6667, 0.9500, 0.9867, 0.8889, 0.9375, 0.8556,
        0.5000, 0.9067, 0.7222, 0.7133, 0.9481, 1.0000, 0.9762, 0.9917, 0.9769,
        0.9417, 0.8500, 0.9783, 0.9000, 0.8444, 0.9000, 0.9333])
tensor([0.8167, 0.9542, 0.9400, 0.9556, 0.9197, 0.8778, 0.7800, 0.9156, 0.9422,
        0.9958, 0.9803, 0.8976, 0.9594, 0.9861, 1.0000, 0.9952, 0.9867, 0.9722,
        0.7821, 0.7667, 0.9333, 0.6778, 0.9667, 0.9867, 0.8111, 0.9396, 0.8556,
        0.5000, 0.9133, 0.8444, 0.7133, 0.9444, 1.0000, 0.9619, 0.9917, 0.9769,
        0.9250, 0.8500, 0.9768, 0.9111, 0.8556, 0.9167, 0.9222])
tensor([0.7667, 0.9458, 0.9360, 0.9622, 0.9303, 0.8794, 0.8133, 0.9022, 0.9422,
        0.9958, 0.9773, 0.8881, 0.9623, 0.9833, 1.0000, 0.9952, 0.9867, 0.9722,
        0.7974, 0.9500, 0.9778, 0.6667, 0.9500, 0.9867, 0.8778, 0.9375, 0.8556,
        0.5000, 0.9200, 0.7222, 0.7067, 0.9370, 1.0000, 0.9714, 0.9917, 0.9769,
        0.9083, 0.8333, 0.9754, 0.9000, 0.8556, 0.8833, 0.9444])
tensor([0.8333, 0.9514, 0.9480, 0.9600, 0.9258, 0.8778, 0.8067, 0.9133, 0.9244,
        0.9958, 0.9773, 0.8929, 0.9739, 0.9819, 1.0000, 0.9952, 0.9867, 0.9722,
        0.7949, 0.8167, 0.9667, 0.6111, 0.9667, 0.9867, 0.8889, 0.9375, 0.8556,
        0.5000, 0.9067, 0.9444, 0.7067, 0.9481, 1.0000, 0.9762, 0.9917, 0.9769,
        0.9167, 0.8667, 0.9754, 0.8778, 0.8333, 0.8667, 0.9333])
tensor([0.8000, 0.9528, 0.9373, 0.9511, 0.9273, 0.8889, 0.8000, 0.8956, 0.9556,
        0.9958, 0.9788, 0.9095, 0.9652, 0.9764, 1.0000, 0.9952, 0.9867, 0.9722,
        0.7949, 0.9500, 0.9889, 0.6111, 0.9500, 0.9867, 0.8556, 0.9375, 0.8556,
        0.5333, 0.9133, 0.9000, 0.6800, 0.9444, 1.0000, 0.9667, 0.9917, 0.9821,
        0.9417, 0.8000, 0.9754, 0.8778, 0.8333, 0.9000, 0.9444])
tensor([0.8167, 0.9458, 0.9413, 0.9511, 0.9303, 0.8810, 0.8000, 0.9133, 0.9600,
        0.9958, 0.9788, 0.8905, 0.9594, 0.9792, 1.0000, 0.9952, 0.9867, 0.9806,
        0.7897, 0.9667, 0.9667, 0.6111, 0.9583, 0.9867, 0.8556, 0.9375, 0.8556,
        0.5000, 0.9200, 0.8667, 0.7267, 0.9444, 1.0000, 0.9714, 0.9917, 0.9769,
        0.9167, 0.8667, 0.9826, 0.9111, 0.8556, 0.9000, 0.9444])
tensor([0.8167, 0.9514, 0.9413, 0.9644, 0.9303, 0.8825, 0.8000, 0.9067, 0.9489,
        0.9958, 0.9758, 0.9024, 0.9565, 0.9778, 1.0000, 0.9952, 0.9867, 0.9806,
        0.7974, 0.9167, 0.9778, 0.6556, 0.9583, 0.9867, 0.8667, 0.9375, 0.8556,
        0.5333, 0.9133, 0.8889, 0.6933, 0.9481, 1.0000, 0.9667, 0.9917, 0.9769,
        0.9500, 0.8000, 0.9754, 0.9222, 0.8444, 0.9000, 0.9333])
tensor([0.8333, 0.9639, 0.9373, 0.9622, 0.9273, 0.8810, 0.7933, 0.9067, 0.9400,
        0.9958, 0.9788, 0.8857, 0.9594, 0.9806, 1.0000, 0.9952, 0.9800, 0.9806,
        0.8000, 0.9167, 0.9111, 0.6667, 0.9500, 0.9867, 0.8889, 0.9375, 0.8556,
        0.5167, 0.9267, 0.8889, 0.7400, 0.9444, 1.0000, 0.9714, 0.9917, 0.9769,
        0.9167, 0.8333, 0.9754, 0.8889, 0.8444, 0.9167, 0.9222])
tensor([0.8000, 0.9583, 0.9467, 0.9556, 0.9303, 0.8873, 0.8000, 0.9022, 0.9511,
        0.9958, 0.9788, 0.8905, 0.9667, 0.9792, 1.0000, 0.9952, 0.9867, 0.9722,
        0.7923, 0.9500, 0.9778, 0.6889, 0.9500, 0.9867, 0.8889, 0.9375, 0.8667,
        0.5000, 0.9133, 0.8667, 0.6933, 0.9481, 1.0000, 0.9762, 0.9917, 0.9769,
        0.9500, 0.8500, 0.9783, 0.8889, 0.8444, 0.8833, 0.9333])
tensor([0.8667, 0.9569, 0.9387, 0.9667, 0.9288, 0.8889, 0.8000, 0.9044, 0.9533,
        0.9958, 0.9773, 0.8929, 0.9565, 0.9819, 1.0000, 0.9952, 0.9867, 0.9639,
        0.7949, 1.0000, 0.9778, 0.6778, 0.9500, 0.9867, 0.8778, 0.9396, 0.8611,
        0.5000, 0.9067, 0.8889, 0.6867, 0.9444, 1.0000, 0.9619, 0.9917, 0.9769,
        0.9167, 0.8500, 0.9739, 0.9000, 0.8556, 0.9167, 0.9444])
tensor([0.8500, 0.9486, 0.9453, 0.9689, 0.9303, 0.8810, 0.8067, 0.9111, 0.9467,
        0.9958, 0.9788, 0.9024, 0.9536, 0.9806, 1.0000, 0.9952, 0.9867, 0.9750,
        0.7949, 0.9333, 0.9556, 0.6444, 0.9500, 0.9867, 0.8889, 0.9354, 0.8667,
        0.5000, 0.9133, 0.8778, 0.6800, 0.9519, 1.0000, 0.9714, 0.9917, 0.9821,
        0.9250, 0.8500, 0.9826, 0.9000, 0.8667, 0.9167, 0.9111])
tensor([0.8500, 0.9583, 0.9387, 0.9689, 0.9288, 0.8841, 0.7733, 0.9067, 0.9267,
        0.9958, 0.9788, 0.9000, 0.9652, 0.9819, 1.0000, 0.9952, 0.9867, 0.9806,
        0.8000, 0.8500, 0.9778, 0.6444, 0.9500, 0.9867, 0.8889, 0.9375, 0.8556,
        0.5000, 0.9267, 0.8222, 0.6933, 0.9556, 1.0000, 0.9571, 0.9917, 0.9795,
        0.9167, 0.8500, 0.9681, 0.9000, 0.8333, 0.8500, 0.9444])
tensor([0.8500, 0.9611, 0.9453, 0.9644, 0.9227, 0.8873, 0.7933, 0.9156, 0.9222,
        0.9958, 0.9788, 0.9024, 0.9652, 0.9806, 1.0000, 0.9952, 0.9867, 0.9667,
        0.7949, 0.8000, 0.9111, 0.6111, 0.9500, 0.9867, 0.8889, 0.9375, 0.8667,
        0.5167, 0.9333, 0.8889, 0.7200, 0.9593, 1.0000, 0.9619, 0.9917, 0.9769,
        0.9167, 0.8500, 0.9739, 0.8556, 0.8333, 0.8667, 0.9333])
tensor([0.8667, 0.9653, 0.9493, 0.9644, 0.9288, 0.8873, 0.8000, 0.9244, 0.9400,
        0.9958, 0.9803, 0.9048, 0.9681, 0.9792, 1.0000, 0.9952, 0.9867, 0.9806,
        0.7897, 0.9500, 0.9778, 0.6667, 0.9500, 0.9867, 0.8778, 0.9375, 0.8667,
        0.5000, 0.9200, 0.9444, 0.6867, 0.9481, 1.0000, 0.9571, 0.9917, 0.9769,
        0.9417, 0.8500, 0.9812, 0.9444, 0.8556, 0.9167, 0.9111])
tensor([0.8500, 0.9569, 0.9427, 0.9600, 0.9303, 0.8937, 0.8000, 0.9111, 0.9622,
        0.9958, 0.9803, 0.8929, 0.9696, 0.9778, 1.0000, 0.9952, 0.9867, 0.9806,
        0.8051, 1.0000, 0.9667, 0.6889, 0.9583, 0.9867, 0.8889, 0.9354, 0.8611,
        0.5167, 0.9333, 0.9444, 0.6800, 0.9407, 1.0000, 0.9714, 0.9917, 0.9795,
        0.9250, 0.8500, 0.9754, 0.9333, 0.8444, 0.9000, 0.9000])
tensor([0.8333, 0.9597, 0.9533, 0.9689, 0.9303, 0.8873, 0.8067, 0.9200, 0.9467,
        0.9937, 0.9788, 0.8881, 0.9638, 0.9792, 1.0000, 0.9952, 0.9867, 0.9806,
        0.7974, 0.9500, 0.9667, 0.6556, 0.9500, 0.9867, 0.8889, 0.9354, 0.8667,
        0.5167, 0.9267, 0.9333, 0.6933, 0.9556, 1.0000, 0.9667, 0.9917, 0.9769,
        0.9250, 0.8500, 0.9783, 0.9222, 0.8444, 0.9000, 0.9333])
tensor([0.8167, 0.9569, 0.9480, 0.9600, 0.9333, 0.8937, 0.8067, 0.9178, 0.9644,
        0.9958, 0.9788, 0.8929, 0.9710, 0.9792, 1.0000, 0.9952, 0.9867, 0.9806,
        0.8000, 1.0000, 0.9444, 0.6222, 0.9500, 0.9867, 0.8778, 0.9375, 0.8667,
        0.5000, 0.9267, 0.9667, 0.6533, 0.9481, 1.0000, 0.9762, 0.9917, 0.9744,
        0.9167, 0.8500, 0.9783, 0.9333, 0.8444, 0.9000, 0.9000])
tensor([0.8667, 0.9556, 0.9480, 0.9622, 0.9258, 0.9016, 0.8067, 0.9067, 0.9444,
        0.9937, 0.9788, 0.9167, 0.9652, 0.9778, 1.0000, 0.9952, 0.9867, 0.9806,
        0.7974, 0.9333, 0.9667, 0.6444, 0.9500, 0.9867, 0.8889, 0.9396, 0.8611,
        0.5167, 0.9267, 0.9111, 0.6733, 0.9519, 1.0000, 0.9619, 0.9917, 0.9769,
        0.9167, 0.8500, 0.9754, 0.9111, 0.8444, 0.9167, 0.9444])
tensor([0.8333, 0.9625, 0.9400, 0.9667, 0.9333, 0.8937, 0.7933, 0.9200, 0.9467,
        0.9937, 0.9788, 0.9000, 0.9652, 0.9806, 1.0000, 0.9952, 0.9867, 0.9806,
        0.7897, 0.9500, 0.9556, 0.6444, 0.9583, 0.9867, 0.8778, 0.9396, 0.8667,
        0.5167, 0.9267, 0.9556, 0.6867, 0.9481, 1.0000, 0.9714, 0.9917, 0.9769,
        0.9333, 0.8500, 0.9754, 0.9000, 0.8444, 0.9167, 0.9333])
tensor([0.8667, 0.9667, 0.9400, 0.9644, 0.9348, 0.8968, 0.8000, 0.9356, 0.9311,
        0.9958, 0.9788, 0.8881, 0.9681, 0.9792, 1.0000, 0.9857, 0.9867, 0.9806,
        0.7897, 0.9500, 0.9000, 0.5889, 0.9583, 0.9867, 0.8778, 0.9354, 0.8667,
        0.5167, 0.9333, 0.9778, 0.6933, 0.9556, 1.0000, 0.9571, 0.9917, 0.9718,
        0.9083, 0.8167, 0.9783, 0.8667, 0.8444, 0.9000, 0.9444])
tensor([0.8667, 0.9667, 0.9413, 0.9689, 0.9258, 0.8810, 0.8067, 0.9378, 0.9311,
        0.9937, 0.9803, 0.9071, 0.9609, 0.9792, 1.0000, 0.9952, 0.9867, 0.9806,
        0.8026, 0.8333, 0.9333, 0.6333, 0.9583, 0.9867, 0.8889, 0.9396, 0.8667,
        0.5167, 0.9333, 0.9444, 0.6867, 0.9519, 1.0000, 0.9762, 0.9917, 0.9744,
        0.9250, 0.8167, 0.9783, 0.9000, 0.8333, 0.9167, 0.9333])
tensor([0.8667, 0.9653, 0.9560, 0.9667, 0.9273, 0.9000, 0.7933, 0.9311, 0.9422,
        0.9937, 0.9788, 0.8929, 0.9652, 0.9806, 1.0000, 0.9952, 0.9867, 0.9806,
        0.7923, 0.9167, 0.9444, 0.6889, 0.9667, 0.9867, 0.8667, 0.9396, 0.8667,
        0.5000, 0.9267, 0.9778, 0.6733, 0.9593, 1.0000, 0.9619, 0.9750, 0.9769,
        0.9333, 0.8500, 0.9783, 0.9222, 0.8444, 0.9167, 0.9333])
tensor([0.8667, 0.9708, 0.9373, 0.9667, 0.9303, 0.9016, 0.8000, 0.9378, 0.9400,
        0.9937, 0.9788, 0.9048, 0.9652, 0.9792, 1.0000, 0.9952, 0.9867, 0.9806,
        0.8000, 0.9333, 0.9667, 0.6111, 0.9583, 0.9867, 0.8889, 0.9396, 0.8667,
        0.5000, 0.9400, 0.9444, 0.7133, 0.9519, 1.0000, 0.9619, 0.9833, 0.9795,
        0.9167, 0.7667, 0.9841, 0.9000, 0.8333, 0.9167, 0.9333])
tensor([0.8667, 0.9667, 0.9520, 0.9689, 0.9288, 0.8857, 0.8000, 0.9289, 0.9400,
        0.9958, 0.9803, 0.9095, 0.9754, 0.9792, 1.0000, 0.9952, 0.9867, 0.9833,
        0.8051, 0.9167, 0.9333, 0.6000, 0.9500, 0.9867, 0.8778, 0.9417, 0.8667,
        0.5000, 0.9267, 0.9778, 0.6733, 0.9556, 1.0000, 0.9810, 0.9917, 0.9744,
        0.9167, 0.8500, 0.9841, 0.9000, 0.8333, 0.9167, 0.9333])
tensor([0.8333, 0.9639, 0.9400, 0.9667, 0.9318, 0.9000, 0.8067, 0.9333, 0.9378,
        0.9958, 0.9788, 0.8952, 0.9667, 0.9806, 1.0000, 0.9952, 0.9867, 0.9750,
        0.8026, 0.9333, 0.9667, 0.6000, 0.9583, 0.9867, 0.8778, 0.9375, 0.8667,
        0.5000, 0.9333, 0.8667, 0.7133, 0.9444, 1.0000, 0.9476, 0.9917, 0.9744,
        0.9333, 0.8500, 0.9754, 0.9222, 0.8444, 0.9167, 0.9444])
tensor([0.8833, 0.9639, 0.9573, 0.9556, 0.9288, 0.9111, 0.7933, 0.9289, 0.9556,
        0.9937, 0.9788, 0.9048, 0.9725, 0.9819, 1.0000, 0.9952, 0.9867, 0.9806,
        0.7949, 0.9333, 0.9444, 0.6444, 0.9667, 0.9867, 0.8778, 0.9396, 0.8611,
        0.5333, 0.9267, 0.9778, 0.6533, 0.9519, 1.0000, 0.9762, 0.9917, 0.9769,
        0.9333, 0.8500, 0.9812, 0.9222, 0.8444, 0.9167, 0.9333])
tensor([0.8667, 0.9694, 0.9547, 0.9644, 0.9273, 0.9032, 0.8333, 0.9378, 0.9556,
        0.9937, 0.9788, 0.9095, 0.9696, 0.9792, 1.0000, 0.9952, 0.9867, 0.9806,
        0.7974, 0.9333, 0.9667, 0.6111, 0.9583, 0.9867, 0.8778, 0.9396, 0.8667,
        0.5167, 0.9333, 0.9444, 0.6333, 0.9519, 1.0000, 0.9714, 0.9917, 0.9744,
        0.9333, 0.8500, 0.9870, 0.9222, 0.8222, 0.9167, 0.9333])
tensor([0.8667, 0.9681, 0.9427, 0.9689, 0.9303, 0.9016, 0.8200, 0.9267, 0.9311,
        0.9937, 0.9758, 0.9071, 0.9652, 0.9792, 1.0000, 0.9952, 0.9867, 0.9806,
        0.8051, 0.8500, 0.9556, 0.5889, 0.9583, 0.9867, 0.8889, 0.9396, 0.8667,
        0.5833, 0.9333, 0.9556, 0.6867, 0.9593, 1.0000, 0.9667, 0.9917, 0.9769,
        0.9250, 0.8500, 0.9841, 0.9111, 0.8111, 0.9333, 0.9444])
tensor([0.8667, 0.9708, 0.9453, 0.9622, 0.9318, 0.9016, 0.8200, 0.9289, 0.9644,
        0.9937, 0.9803, 0.9095, 0.9652, 0.9833, 1.0000, 0.9952, 0.9867, 0.9778,
        0.8000, 0.9333, 0.9556, 0.5778, 0.9750, 0.9867, 0.8889, 0.9417, 0.8667,
        0.5167, 0.9267, 0.9778, 0.5867, 0.9519, 1.0000, 0.9667, 0.9917, 0.9769,
        0.9250, 0.8667, 0.9812, 0.9333, 0.8556, 0.9333, 0.9444])
tensor([0.8667, 0.9736, 0.9547, 0.9644, 0.9273, 0.8952, 0.8067, 0.9467, 0.9400,
        0.9937, 0.9818, 0.8881, 0.9710, 0.9833, 1.0000, 0.9952, 0.9867, 0.9806,
        0.8154, 0.9500, 0.9556, 0.5889, 0.9500, 0.9867, 0.8778, 0.9417, 0.8667,
        0.5167, 0.9333, 0.9444, 0.7000, 0.9519, 1.0000, 0.9619, 0.9917, 0.9769,
        0.9167, 0.8667, 0.9826, 0.9222, 0.8444, 0.9167, 0.9333])
tensor([0.8667, 0.9694, 0.9547, 0.9600, 0.9303, 0.9016, 0.8000, 0.9311, 0.9600,
        0.9958, 0.9788, 0.8929, 0.9638, 0.9819, 1.0000, 0.9952, 0.9867, 0.9833,
        0.8154, 0.9833, 0.9667, 0.7000, 0.9500, 1.0000, 0.8889, 0.9438, 0.8667,
        0.5000, 0.9333, 0.9444, 0.6267, 0.9481, 1.0000, 0.9762, 0.9750, 0.9795,
        0.9167, 0.8500, 0.9812, 0.8667, 0.8444, 0.9167, 0.9444])
tensor([0.8667, 0.9736, 0.9480, 0.9622, 0.9318, 0.9063, 0.8067, 0.9267, 0.9489,
        0.9937, 0.9788, 0.9167, 0.9739, 0.9833, 1.0000, 0.9857, 0.9867, 0.9667,
        0.8026, 1.0000, 0.9778, 0.6111, 0.9667, 0.9933, 0.8889, 0.9396, 0.8667,
        0.5167, 0.9400, 0.9778, 0.6267, 0.9519, 1.0000, 0.9571, 0.9917, 0.9718,
        0.9167, 0.8167, 0.9797, 0.9222, 0.8556, 0.9333, 0.9333])
tensor([0.8833, 0.9708, 0.9467, 0.9667, 0.9288, 0.9127, 0.8133, 0.9311, 0.9467,
        0.9937, 0.9788, 0.9167, 0.9710, 0.9792, 1.0000, 0.9952, 0.9867, 0.9833,
        0.7949, 0.9333, 0.9556, 0.6111, 0.9500, 0.9867, 0.8778, 0.9417, 0.8667,
        0.5000, 0.9400, 0.9222, 0.6000, 0.9519, 1.0000, 0.9619, 0.9750, 0.9744,
        0.9167, 0.8500, 0.9884, 0.9000, 0.8333, 0.9167, 0.9444])
tensor([0.8833, 0.9708, 0.9613, 0.9667, 0.9273, 0.9048, 0.8000, 0.9356, 0.9467,
        0.9937, 0.9803, 0.9167, 0.9667, 0.9806, 1.0000, 0.9952, 0.9867, 0.9833,
        0.7897, 0.9167, 0.9667, 0.6222, 0.9667, 0.9867, 0.8889, 0.9375, 0.8611,
        0.5500, 0.9333, 0.9556, 0.6933, 0.9519, 1.0000, 0.9762, 0.9917, 0.9744,
        0.9417, 0.8500, 0.9797, 0.9222, 0.8556, 0.9333, 0.9444])
tensor([0.8667, 0.9750, 0.9387, 0.9689, 0.9303, 0.9032, 0.8067, 0.9289, 0.9489,
        0.9937, 0.9773, 0.9190, 0.9667, 0.9819, 1.0000, 0.9952, 0.9867, 0.9833,
        0.8077, 1.0000, 0.9778, 0.5889, 0.9417, 1.0000, 0.8778, 0.9396, 0.8667,
        0.5000, 0.9267, 0.9556, 0.6467, 0.9481, 1.0000, 0.9857, 0.9917, 0.9744,
        0.9250, 0.8667, 0.9855, 0.9000, 0.8333, 0.9333, 0.9333])
tensor([0.8833, 0.9722, 0.9533, 0.9644, 0.9303, 0.9016, 0.7800, 0.9444, 0.9622,
        0.9937, 0.9833, 0.9024, 0.9681, 0.9833, 1.0000, 0.9952, 0.9867, 0.9778,
        0.8026, 0.9833, 0.9556, 0.6222, 0.9667, 1.0000, 0.8889, 0.9396, 0.8667,
        0.5000, 0.9400, 0.9222, 0.6333, 0.9519, 1.0000, 0.9762, 0.9833, 0.9744,
        0.9250, 0.8500, 0.9768, 0.9222, 0.8444, 0.9333, 0.9444])
tensor([0.8833, 0.9722, 0.9480, 0.9644, 0.9303, 0.9127, 0.7800, 0.9378, 0.9511,
        0.9937, 0.9818, 0.9071, 0.9681, 0.9819, 1.0000, 0.9952, 0.9867, 0.9833,
        0.8000, 0.9333, 0.9556, 0.6444, 0.9667, 0.9933, 0.8778, 0.9417, 0.8667,
        0.5167, 0.9333, 0.9667, 0.6733, 0.9481, 1.0000, 0.9667, 0.9917, 0.9718,
        0.9250, 0.8500, 0.9783, 0.9333, 0.8222, 0.9167, 0.9333])
tensor([0.8667, 0.9750, 0.9387, 0.9622, 0.9303, 0.9095, 0.8067, 0.9356, 0.9711,
        0.9937, 0.9803, 0.9095, 0.9638, 0.9792, 1.0000, 0.9952, 0.9867, 0.9833,
        0.7897, 0.9500, 0.9444, 0.5889, 0.9667, 0.9867, 0.8778, 0.9396, 0.8667,
        0.5167, 0.9333, 0.9778, 0.7000, 0.9519, 1.0000, 0.9762, 0.9917, 0.9744,
        0.9333, 0.8500, 0.9826, 0.9333, 0.8444, 0.9333, 0.9444])
tensor([0.8833, 0.9722, 0.9587, 0.9622, 0.9303, 0.9095, 0.8000, 0.9267, 0.9689,
        0.9937, 0.9773, 0.9095, 0.9652, 0.9833, 1.0000, 0.9952, 0.9867, 0.9833,
        0.8077, 0.9333, 0.9556, 0.5778, 0.9417, 0.9933, 0.8889, 0.9396, 0.8667,
        0.5000, 0.9333, 0.9556, 0.6400, 0.9519, 1.0000, 0.9619, 0.9917, 0.9744,
        0.9083, 0.8167, 0.9884, 0.9333, 0.8222, 0.9167, 0.9444])
tensor([0.8833, 0.9708, 0.9533, 0.9644, 0.9303, 0.9143, 0.8067, 0.9400, 0.9556,
        0.9937, 0.9788, 0.9071, 0.9652, 0.9833, 1.0000, 0.9952, 0.9867, 0.9833,
        0.8000, 0.9333, 0.9778, 0.5778, 0.9500, 1.0000, 0.8889, 0.9438, 0.8667,
        0.5000, 0.9333, 0.9333, 0.6333, 0.9519, 1.0000, 0.9667, 0.9917, 0.9744,
        0.9167, 0.8500, 0.9754, 0.9222, 0.8444, 0.9333, 0.9444])
tensor([0.8833, 0.9722, 0.9533, 0.9578, 0.9303, 0.9143, 0.8067, 0.9311, 0.9644,
        0.9958, 0.9818, 0.9452, 0.9754, 0.9819, 1.0000, 0.9952, 0.9867, 0.9694,
        0.8026, 0.9333, 0.9556, 0.6111, 0.9500, 0.9867, 0.8889, 0.9438, 0.8667,
        0.5000, 0.9267, 0.9667, 0.6200, 0.9593, 1.0000, 0.9667, 0.9917, 0.9744,
        0.9167, 0.8500, 0.9783, 0.9222, 0.8222, 0.9000, 0.9333])
tensor([0.8833, 0.9736, 0.9533, 0.9711, 0.9242, 0.9095, 0.7867, 0.9289, 0.9378,
        0.9937, 0.9773, 0.9143, 0.9725, 0.9833, 1.0000, 0.9952, 0.9867, 0.9806,
        0.8051, 0.9333, 0.9556, 0.5889, 0.9750, 0.9933, 0.8778, 0.9417, 0.8667,
        0.5000, 0.9333, 0.9667, 0.6800, 0.9630, 1.0000, 0.9667, 0.9917, 0.9744,
        0.9083, 0.8500, 0.9725, 0.8667, 0.8222, 0.9000, 0.9333])
tensor([0.8833, 0.9736, 0.9560, 0.9689, 0.9212, 0.9127, 0.8067, 0.9400, 0.9711,
        0.9937, 0.9788, 0.9167, 0.9739, 0.9806, 1.0000, 0.9952, 0.9867, 0.9833,
        0.8051, 0.9000, 0.9556, 0.5667, 0.9750, 0.9933, 0.8889, 0.9375, 0.8611,
        0.5000, 0.9333, 0.9556, 0.6800, 0.9519, 1.0000, 0.9667, 0.9917, 0.9744,
        0.9250, 0.8500, 0.9826, 0.9333, 0.8556, 0.9333, 0.9444])
tensor([0.8833, 0.9736, 0.9520, 0.9600, 0.9258, 0.9159, 0.8200, 0.9467, 0.9689,
        0.9958, 0.9788, 0.9214, 0.9710, 0.9833, 1.0000, 0.9952, 0.9867, 0.9833,
        0.8103, 0.8667, 0.9556, 0.5778, 0.9583, 0.9933, 0.8889, 0.9500, 0.8611,
        0.5000, 0.9467, 0.9333, 0.5867, 0.9481, 1.0000, 0.9762, 0.9917, 0.9744,
        0.8833, 0.8333, 0.9812, 0.9111, 0.8444, 0.9333, 0.9333])
tensor([0.8833, 0.9750, 0.9533, 0.9622, 0.9288, 0.9063, 0.8133, 0.9400, 0.9600,
        0.9958, 0.9818, 0.9000, 0.9681, 0.9833, 1.0000, 0.9952, 0.9867, 0.9778,
        0.8103, 0.9333, 0.9556, 0.5778, 0.9667, 1.0000, 0.8889, 0.9417, 0.8556,
        0.5000, 0.9333, 0.9556, 0.6800, 0.9481, 1.0000, 0.9619, 0.9750, 0.9744,
        0.8333, 0.8500, 0.9826, 0.9333, 0.8333, 0.9333, 0.9333])
tensor([0.8833, 0.9736, 0.9493, 0.9733, 0.9273, 0.9127, 0.8267, 0.9356, 0.9400,
        0.9958, 0.9788, 0.9024, 0.9681, 0.9833, 1.0000, 0.9952, 0.9867, 0.9833,
        0.8051, 0.9000, 0.9556, 0.5667, 0.9667, 0.9933, 0.8889, 0.9417, 0.8722,
        0.5000, 0.9333, 0.9556, 0.7067, 0.9667, 1.0000, 0.9762, 0.9917, 0.9744,
        0.9000, 0.8500, 0.9667, 0.8667, 0.8222, 0.9333, 0.9333])
tensor([0.8833, 0.9764, 0.9493, 0.9689, 0.9273, 0.9063, 0.7933, 0.9244, 0.9444,
        0.9937, 0.9742, 0.9095, 0.9681, 0.9833, 1.0000, 0.9952, 0.9733, 0.9806,
        0.8103, 0.7667, 0.9444, 0.5556, 0.9750, 0.9867, 0.8778, 0.9438, 0.8667,
        0.5000, 0.9333, 0.9778, 0.6467, 0.9704, 1.0000, 0.9714, 0.9833, 0.9718,
        0.8833, 0.8500, 0.9812, 0.8667, 0.8222, 0.9167, 0.9333])
tensor([0.8833, 0.9736, 0.9587, 0.9600, 0.9318, 0.9143, 0.8200, 0.9311, 0.9778,
        0.9979, 0.9803, 0.9143, 0.9710, 0.9778, 1.0000, 0.9952, 0.9867, 0.9833,
        0.8051, 0.9833, 0.9556, 0.5556, 0.9750, 1.0000, 0.8889, 0.9375, 0.8667,
        0.5000, 0.9400, 0.9222, 0.5933, 0.9556, 1.0000, 0.9619, 0.9917, 0.9744,
        0.9000, 0.8500, 0.9855, 0.9333, 0.8333, 0.9333, 0.9444])
tensor([0.8833, 0.9750, 0.9507, 0.9622, 0.9303, 0.9095, 0.8067, 0.9533, 0.9667,
        0.9937, 0.9773, 0.9405, 0.9638, 0.9847, 1.0000, 0.9952, 0.9867, 0.9694,
        0.8103, 0.9500, 0.9556, 0.5667, 0.9583, 0.9933, 0.8889, 0.9458, 0.8611,
        0.5000, 0.9333, 0.9556, 0.5933, 0.9481, 1.0000, 0.9714, 0.9917, 0.9744,
        0.8583, 0.8500, 0.9768, 0.9111, 0.8222, 0.9333, 0.9444])
tensor([0.8833, 0.9736, 0.9560, 0.9622, 0.9288, 0.9190, 0.7867, 0.9356, 0.9711,
        0.9937, 0.9833, 0.9286, 0.9681, 0.9833, 1.0000, 0.9952, 0.9867, 0.9611,
        0.7974, 0.9333, 0.9556, 0.5667, 0.9500, 0.9867, 0.9000, 0.9396, 0.8667,
        0.5000, 0.9400, 0.9222, 0.6600, 0.9519, 1.0000, 0.9714, 0.9917, 0.9744,
        0.8417, 0.8500, 0.9812, 0.9222, 0.8222, 0.9333, 0.9444])
tensor([0.8833, 0.9778, 0.9533, 0.9600, 0.9273, 0.9333, 0.7933, 0.9467, 0.9667,
        0.9958, 0.9788, 0.9310, 0.9681, 0.9819, 1.0000, 0.9952, 0.9867, 0.9722,
        0.8026, 0.9000, 0.9444, 0.6000, 0.9750, 0.9867, 0.9000, 0.9396, 0.8611,
        0.5000, 0.9333, 0.9667, 0.6333, 0.9593, 1.0000, 0.9714, 0.9917, 0.9744,
        0.9000, 0.8167, 0.9797, 0.9333, 0.8222, 0.9333, 0.9444])
tensor([0.8833, 0.9736, 0.9453, 0.9578, 0.9318, 0.9302, 0.8000, 0.9533, 0.9733,
        0.9979, 0.9818, 0.9357, 0.9783, 0.9833, 1.0000, 0.9952, 0.9867, 0.9611,
        0.7949, 0.9667, 0.9556, 0.6000, 0.9667, 1.0000, 0.8778, 0.9500, 0.8611,
        0.5000, 0.9333, 0.9556, 0.5600, 0.9519, 1.0000, 0.9714, 0.9833, 0.9744,
        0.9167, 0.8667, 0.9841, 0.9333, 0.8222, 0.9167, 0.9333])
tensor([0.8833, 0.9764, 0.9547, 0.9644, 0.9288, 0.9127, 0.8200, 0.9444, 0.9711,
        0.9937, 0.9818, 0.9119, 0.9609, 0.9819, 1.0000, 0.9952, 0.9867, 0.9861,
        0.8000, 0.9167, 0.9556, 0.6111, 0.9750, 1.0000, 0.8778, 0.9458, 0.8611,
        0.5000, 0.9400, 0.9667, 0.6333, 0.9519, 1.0000, 0.9619, 0.9833, 0.9744,
        0.8500, 0.8000, 0.9826, 0.9333, 0.8222, 0.9333, 0.9444])
tensor([0.8833, 0.9750, 0.9573, 0.9622, 0.9288, 0.9143, 0.8267, 0.9467, 0.9756,
        0.9958, 0.9803, 0.9452, 0.9754, 0.9833, 1.0000, 0.9952, 0.9867, 0.9667,
        0.8051, 0.9833, 0.9556, 0.5667, 0.9583, 1.0000, 0.8889, 0.9375, 0.8667,
        0.5000, 0.9467, 0.9222, 0.5800, 0.9519, 1.0000, 0.9810, 0.9917, 0.9744,
        0.8583, 0.8500, 0.9812, 0.9333, 0.8333, 0.9333, 0.9333])
tensor([0.8833, 0.9750, 0.9507, 0.9600, 0.9273, 0.9270, 0.8200, 0.9444, 0.9711,
        0.9958, 0.9818, 0.9381, 0.9623, 0.9819, 1.0000, 0.9952, 0.9867, 0.9861,
        0.8103, 0.9167, 0.9778, 0.5778, 0.9750, 1.0000, 0.8889, 0.9438, 0.8611,
        0.5000, 0.9333, 0.9778, 0.5933, 0.9556, 1.0000, 0.9714, 0.9917, 0.9744,
        0.8500, 0.8667, 0.9812, 0.9333, 0.8556, 0.9500, 0.9444])
tensor([0.9167, 0.9750, 0.9587, 0.9600, 0.9258, 0.9175, 0.7933, 0.9400, 0.9689,
        0.9979, 0.9803, 0.9190, 0.9768, 0.9819, 1.0000, 0.9952, 0.9867, 0.9833,
        0.8026, 0.8833, 0.9444, 0.5556, 0.9750, 1.0000, 0.8889, 0.9458, 0.8556,
        0.5000, 0.9533, 0.9222, 0.5867, 0.9444, 1.0000, 0.9857, 0.9917, 0.9744,
        0.8417, 0.8667, 0.9797, 0.9222, 0.8333, 0.9333, 0.9444])
tensor([0.9000, 0.9750, 0.9587, 0.9667, 0.9273, 0.9175, 0.8333, 0.9356, 0.9711,
        0.9979, 0.9803, 0.9167, 0.9638, 0.9861, 1.0000, 0.9952, 0.9733, 0.9806,
        0.8103, 0.9333, 0.9556, 0.5778, 0.9750, 0.9933, 0.9000, 0.9396, 0.8667,
        0.5000, 0.9333, 0.9444, 0.6800, 0.9593, 1.0000, 0.9714, 0.9917, 0.9744,
        0.8750, 0.8500, 0.9826, 0.9333, 0.8444, 0.9333, 0.9444])
tensor([0.8833, 0.9778, 0.9533, 0.9622, 0.9227, 0.9206, 0.8133, 0.9444, 0.9489,
        0.9979, 0.9788, 0.9333, 0.9652, 0.9847, 1.0000, 0.9952, 0.9867, 0.9806,
        0.8026, 0.9333, 0.9556, 0.5667, 0.9750, 1.0000, 0.9000, 0.9438, 0.8556,
        0.5000, 0.9400, 0.9778, 0.6133, 0.9593, 1.0000, 0.9714, 0.9833, 0.9744,
        0.8833, 0.8667, 0.9870, 0.8889, 0.8222, 0.9333, 0.9333])
tensor([0.8833, 0.9792, 0.9547, 0.9622, 0.9273, 0.9159, 0.8067, 0.9400, 0.9644,
        0.9979, 0.9803, 0.9381, 0.9725, 0.9847, 1.0000, 0.9952, 0.9733, 0.9806,
        0.8026, 0.9167, 0.9556, 0.5778, 0.9750, 0.9867, 0.9111, 0.9458, 0.8611,
        0.5000, 0.9400, 0.9444, 0.6200, 0.9630, 1.0000, 0.9714, 0.9750, 0.9769,
        0.8750, 0.8667, 0.9855, 0.9222, 0.8556, 0.9333, 0.9000])
tensor([0.8833, 0.9764, 0.9613, 0.9600, 0.9273, 0.9254, 0.8267, 0.9378, 0.9822,
        0.9937, 0.9818, 0.9310, 0.9754, 0.9861, 1.0000, 0.9952, 0.9867, 0.9806,
        0.8077, 0.9167, 0.9444, 0.5889, 0.9750, 1.0000, 0.9111, 0.9458, 0.8667,
        0.5000, 0.9333, 0.9444, 0.6000, 0.9519, 1.0000, 0.9667, 0.9833, 0.9744,
        0.8750, 0.8500, 0.9855, 0.9222, 0.8444, 0.9333, 0.9333])
tensor([0.9000, 0.9764, 0.9547, 0.9689, 0.9288, 0.9206, 0.8133, 0.9356, 0.9733,
        0.9979, 0.9818, 0.9381, 0.9739, 0.9847, 1.0000, 0.9952, 0.9867, 0.9833,
        0.8051, 0.9333, 0.9556, 0.5889, 0.9750, 1.0000, 0.9000, 0.9417, 0.8667,
        0.5167, 0.9333, 0.9444, 0.6200, 0.9519, 1.0000, 0.9714, 0.9917, 0.9744,
        0.8333, 0.8667, 0.9884, 0.9000, 0.8556, 0.9333, 0.9444])
tensor([0.9167, 0.9764, 0.9507, 0.9756, 0.9258, 0.9206, 0.8067, 0.9222, 0.9622,
        0.9979, 0.9773, 0.9095, 0.9652, 0.9861, 1.0000, 0.9952, 0.9867, 0.9861,
        0.8077, 0.9333, 0.9556, 0.5778, 0.9750, 1.0000, 0.9000, 0.9458, 0.8611,
        0.5000, 0.9333, 0.9444, 0.6133, 0.9630, 1.0000, 0.9714, 0.9833, 0.9769,
        0.8667, 0.8500, 0.9826, 0.9333, 0.8444, 0.9333, 0.9444])
tensor([0.9000, 0.9764, 0.9587, 0.9667, 0.9182, 0.9159, 0.8067, 0.9422, 0.9444,
        0.9979, 0.9758, 0.9143, 0.9768, 0.9917, 1.0000, 0.9952, 0.9733, 0.9750,
        0.7923, 0.6333, 0.9444, 0.5889, 0.9750, 1.0000, 0.8889, 0.9438, 0.8500,
        0.5333, 0.9400, 0.9778, 0.6667, 0.9667, 1.0000, 0.9667, 0.9833, 0.9667,
        0.8500, 0.8167, 0.9667, 0.8444, 0.8222, 0.9333, 0.9333])
tensor([0.9167, 0.9750, 0.9547, 0.9622, 0.9258, 0.9270, 0.7933, 0.9444, 0.9889,
        0.9979, 0.9818, 0.9357, 0.9768, 0.9847, 1.0000, 0.9952, 0.9867, 0.9833,
        0.8103, 0.9333, 0.9556, 0.5778, 0.9750, 0.9933, 0.8889, 0.9417, 0.8667,
        0.5167, 0.9333, 0.9444, 0.5800, 0.9556, 1.0000, 0.9714, 0.9917, 0.9744,
        0.8667, 0.8500, 0.9841, 0.9333, 0.8556, 0.9333, 0.9444])
tensor([0.9000, 0.9764, 0.9573, 0.9644, 0.9242, 0.9333, 0.7933, 0.9356, 0.9822,
        0.9979, 0.9818, 0.9262, 0.9667, 0.9875, 1.0000, 0.9952, 0.9867, 0.9806,
        0.8103, 0.9167, 0.9556, 0.5778, 0.9750, 1.0000, 0.8778, 0.9417, 0.8556,
        0.5000, 0.9400, 0.9222, 0.6067, 0.9556, 1.0000, 0.9714, 0.9833, 0.9744,
        0.8417, 0.8333, 0.9710, 0.9333, 0.8222, 0.9333, 0.9444])
tensor([0.9000, 0.9778, 0.9547, 0.9644, 0.9273, 0.9238, 0.8200, 0.9422, 0.9711,
        0.9958, 0.9803, 0.9500, 0.9696, 0.9847, 1.0000, 0.9952, 0.9867, 0.9778,
        0.8051, 0.9167, 0.9556, 0.5778, 0.9750, 1.0000, 0.9000, 0.9375, 0.8611,
        0.5000, 0.9333, 0.9667, 0.5933, 0.9556, 1.0000, 0.9667, 0.9917, 0.9744,
        0.8333, 0.8333, 0.9783, 0.9444, 0.8444, 0.9333, 0.9444])
tensor([0.9167, 0.9764, 0.9640, 0.9644, 0.9227, 0.9238, 0.7933, 0.9489, 0.9644,
        0.9979, 0.9773, 0.9429, 0.9667, 0.9819, 1.0000, 0.9952, 0.9733, 0.9722,
        0.8026, 0.8167, 0.9444, 0.5778, 0.9750, 1.0000, 0.9000, 0.9396, 0.8667,
        0.5000, 0.9333, 0.9333, 0.5933, 0.9593, 1.0000, 0.9762, 0.9917, 0.9744,
        0.8583, 0.8500, 0.9855, 0.9222, 0.8333, 0.9333, 0.9222])
tensor([0.9000, 0.9778, 0.9600, 0.9644, 0.9258, 0.9270, 0.8200, 0.9333, 0.9644,
        0.9979, 0.9788, 0.9238, 0.9580, 0.9889, 1.0000, 0.9952, 0.9733, 0.9806,
        0.8077, 0.7833, 0.9444, 0.5778, 0.9750, 1.0000, 0.9222, 0.9375, 0.8556,
        0.5000, 0.9333, 0.9333, 0.6200, 0.9630, 1.0000, 0.9714, 0.9917, 0.9744,
        0.8083, 0.8167, 0.9855, 0.9333, 0.8444, 0.9333, 0.9444])
tensor([0.9000, 0.9764, 0.9640, 0.9600, 0.9273, 0.9365, 0.8200, 0.9400, 0.9800,
        0.9979, 0.9818, 0.9310, 0.9768, 0.9861, 1.0000, 0.9952, 0.9867, 0.9667,
        0.8077, 0.9333, 0.9556, 0.5667, 0.9750, 1.0000, 0.9000, 0.9417, 0.8611,
        0.5000, 0.9400, 0.9222, 0.6333, 0.9593, 1.0000, 0.9810, 0.9833, 0.9744,
        0.8250, 0.8500, 0.9797, 0.9333, 0.8556, 0.9333, 0.9000])
tensor([0.9000, 0.9764, 0.9573, 0.9644, 0.9273, 0.9286, 0.7867, 0.9511, 0.9689,
        0.9979, 0.9818, 0.9333, 0.9725, 0.9833, 1.0000, 0.9952, 0.9867, 0.9722,
        0.8154, 0.9333, 0.9556, 0.5778, 0.9750, 1.0000, 0.8889, 0.9438, 0.8611,
        0.5000, 0.9400, 0.9222, 0.6333, 0.9593, 1.0000, 0.9714, 0.9833, 0.9769,
        0.8250, 0.8667, 0.9870, 0.9111, 0.8444, 0.9333, 0.9444])
tensor([0.9000, 0.9806, 0.9680, 0.9667, 0.9273, 0.9222, 0.7933, 0.9311, 0.9622,
        0.9979, 0.9818, 0.9524, 0.9768, 0.9903, 1.0000, 0.9952, 0.9867, 0.9722,
        0.7974, 0.9333, 0.9444, 0.5889, 0.9750, 1.0000, 0.9111, 0.9438, 0.8611,
        0.5000, 0.9533, 0.9111, 0.6267, 0.9630, 1.0000, 0.9810, 0.9833, 0.9744,
        0.7833, 0.8667, 0.9754, 0.9222, 0.8556, 0.9333, 0.9222])
tensor([0.9167, 0.9750, 0.9600, 0.9667, 0.9273, 0.9206, 0.8000, 0.9422, 0.9778,
        0.9979, 0.9818, 0.9476, 0.9710, 0.9847, 1.0000, 0.9952, 0.9867, 0.9667,
        0.8051, 0.9833, 0.9556, 0.6000, 0.9750, 1.0000, 0.9111, 0.9354, 0.8611,
        0.5000, 0.9400, 0.9111, 0.5933, 0.9556, 1.0000, 0.9762, 0.9833, 0.9769,
        0.8333, 0.8667, 0.9826, 0.9333, 0.8556, 0.9333, 0.9333])
tensor([0.9000, 0.9792, 0.9547, 0.9644, 0.9318, 0.9365, 0.8200, 0.9489, 0.9689,
        0.9979, 0.9818, 0.9333, 0.9739, 0.9861, 1.0000, 0.9952, 0.9867, 0.9778,
        0.8000, 0.9500, 0.9333, 0.5778, 0.9750, 1.0000, 0.9000, 0.9458, 0.8444,
        0.5000, 0.9400, 0.9333, 0.6533, 0.9630, 1.0000, 0.9714, 0.9750, 0.9769,
        0.8333, 0.8667, 0.9754, 0.9222, 0.8444, 0.9333, 0.9444])
tensor([0.9167, 0.9750, 0.9587, 0.9667, 0.9212, 0.9270, 0.8200, 0.9556, 0.9644,
        0.9979, 0.9818, 0.9286, 0.9710, 0.9847, 1.0000, 0.9952, 0.9867, 0.9806,
        0.8051, 0.9167, 0.9444, 0.5778, 0.9750, 1.0000, 0.9111, 0.9438, 0.8611,
        0.5000, 0.9333, 0.9667, 0.6067, 0.9593, 1.0000, 0.9667, 0.9750, 0.9769,
        0.8417, 0.8500, 0.9841, 0.9111, 0.8444, 0.9333, 0.9333])
tensor([0.9167, 0.9764, 0.9600, 0.9667, 0.9273, 0.9286, 0.8200, 0.9444, 0.9711,
        0.9979, 0.9818, 0.9286, 0.9739, 0.9875, 1.0000, 0.9952, 0.9867, 0.9806,
        0.7974, 0.9333, 0.9556, 0.5667, 0.9750, 1.0000, 0.9000, 0.9438, 0.8611,
        0.5000, 0.9333, 0.9556, 0.6067, 0.9630, 1.0000, 0.9714, 0.9917, 0.9744,
        0.8417, 0.8667, 0.9884, 0.9444, 0.8556, 0.9333, 0.9444])
tensor([0.9167, 0.9792, 0.9467, 0.9644, 0.9288, 0.9286, 0.8200, 0.9311, 0.9800,
        0.9958, 0.9818, 0.9429, 0.9710, 0.9847, 1.0000, 0.9952, 0.9867, 0.9833,
        0.8026, 0.9167, 0.9444, 0.5778, 0.9750, 1.0000, 0.9111, 0.9458, 0.8611,
        0.5667, 0.9333, 0.9667, 0.5733, 0.9593, 1.0000, 0.9714, 0.9833, 0.9744,
        0.8333, 0.8667, 0.9826, 0.9000, 0.8556, 0.9333, 0.9444])
tensor([0.9167, 0.9764, 0.9627, 0.9667, 0.9227, 0.9349, 0.7867, 0.9511, 0.9756,
        0.9979, 0.9848, 0.9286, 0.9725, 0.9903, 1.0000, 0.9952, 0.9867, 0.9833,
        0.8077, 0.9167, 0.9444, 0.5667, 0.9750, 1.0000, 0.9111, 0.9417, 0.8611,
        0.5000, 0.9600, 0.9111, 0.6067, 0.9556, 1.0000, 0.9762, 0.9833, 0.9769,
        0.8667, 0.8667, 0.9870, 0.9111, 0.8222, 0.9333, 0.9444])
tensor([0.9000, 0.9806, 0.9613, 0.9644, 0.9273, 0.9333, 0.8200, 0.9444, 0.9667,
        0.9979, 0.9818, 0.9476, 0.9768, 0.9875, 1.0000, 1.0000, 0.9867, 0.9722,
        0.8051, 0.9167, 0.9667, 0.5667, 0.9667, 1.0000, 0.9111, 0.9417, 0.8611,
        0.5000, 0.9467, 0.9222, 0.5733, 0.9593, 1.0000, 0.9762, 0.9833, 0.9744,
        0.8417, 0.8667, 0.9754, 0.9333, 0.8556, 0.9333, 0.9333])
tensor([0.9167, 0.9819, 0.9627, 0.9622, 0.9242, 0.9413, 0.8133, 0.9533, 0.9800,
        0.9979, 0.9833, 0.9357, 0.9696, 0.9944, 1.0000, 0.9952, 0.9867, 0.9806,
        0.8103, 0.9000, 0.9556, 0.5778, 0.9750, 1.0000, 0.9111, 0.9417, 0.8611,
        0.5000, 0.9467, 0.9222, 0.6733, 0.9630, 1.0000, 0.9667, 0.9833, 0.9744,
        0.8083, 0.8667, 0.9855, 0.9333, 0.8333, 0.9333, 0.9444])
tensor([0.9000, 0.9764, 0.9693, 0.9667, 0.9242, 0.9286, 0.8333, 0.9356, 0.9644,
        0.9958, 0.9803, 0.9429, 0.9739, 0.9944, 1.0000, 0.9952, 0.9867, 0.9778,
        0.8103, 0.9167, 0.9333, 0.5778, 0.9750, 1.0000, 0.9111, 0.9438, 0.8556,
        0.5000, 0.9400, 0.9444, 0.5933, 0.9667, 1.0000, 0.9714, 0.9750, 0.9744,
        0.8417, 0.8667, 0.9754, 0.9111, 0.8556, 0.9333, 0.9444])
tensor([0.9000, 0.9778, 0.9600, 0.9667, 0.9227, 0.9365, 0.8200, 0.9356, 0.9622,
        0.9979, 0.9818, 0.9286, 0.9768, 0.9944, 1.0000, 0.9952, 0.9867, 0.9778,
        0.8128, 0.9000, 0.9333, 0.5889, 0.9750, 1.0000, 0.9111, 0.9438, 0.8611,
        0.5000, 0.9533, 0.9111, 0.6267, 0.9593, 1.0000, 0.9714, 0.9833, 0.9769,
        0.8250, 0.8667, 0.9754, 0.9111, 0.8333, 0.9333, 0.9333])
tensor([0.9000, 0.9778, 0.9600, 0.9578, 0.9318, 0.9413, 0.8200, 0.9467, 0.9844,
        0.9979, 0.9833, 0.9405, 0.9710, 0.9931, 1.0000, 0.9952, 0.9867, 0.9806,
        0.8103, 0.9667, 0.9444, 0.5778, 0.9750, 1.0000, 0.9111, 0.9438, 0.8556,
        0.5000, 0.9333, 0.9667, 0.5867, 0.9593, 1.0000, 0.9905, 0.9750, 0.9744,
        0.8667, 0.8667, 0.9812, 0.9444, 0.8667, 0.9333, 0.9333])
tensor([0.9000, 0.9778, 0.9600, 0.9644, 0.9258, 0.9302, 0.8067, 0.9511, 0.9778,
        0.9958, 0.9818, 0.9429, 0.9754, 0.9944, 1.0000, 1.0000, 0.9867, 0.9750,
        0.8179, 0.8833, 0.9444, 0.6000, 0.9750, 1.0000, 0.9000, 0.9458, 0.8611,
        0.5000, 0.9533, 0.9222, 0.6133, 0.9593, 1.0000, 0.9714, 0.9750, 0.9744,
        0.8250, 0.8667, 0.9797, 0.9222, 0.8667, 0.9333, 0.9333])
tensor([0.9000, 0.9764, 0.9653, 0.9667, 0.9258, 0.9413, 0.8200, 0.9556, 0.9689,
        0.9979, 0.9818, 0.9429, 0.9739, 0.9944, 1.0000, 0.9952, 0.9867, 0.9750,
        0.8026, 0.9333, 0.9444, 0.7111, 0.9750, 1.0000, 0.9222, 0.9458, 0.8667,
        0.5000, 0.9600, 0.9111, 0.6200, 0.9667, 1.0000, 0.9857, 0.9750, 0.9769,
        0.8500, 0.8667, 0.9826, 0.9222, 0.8556, 0.9333, 0.9333])
tensor([0.9000, 0.9792, 0.9560, 0.9667, 0.9288, 0.9286, 0.7933, 0.9556, 0.9756,
        0.9979, 0.9833, 0.9381, 0.9768, 0.9931, 1.0000, 1.0000, 0.9867, 0.9750,
        0.8000, 0.8833, 0.9444, 0.5889, 0.9750, 1.0000, 0.9111, 0.9375, 0.8611,
        0.5000, 0.9333, 0.9667, 0.5933, 0.9593, 1.0000, 0.9810, 0.9833, 0.9718,
        0.8583, 0.8667, 0.9826, 0.9333, 0.8444, 0.9333, 0.9333])
tensor([0.9167, 0.9778, 0.9587, 0.9711, 0.9273, 0.9460, 0.8133, 0.9533, 0.9756,
        0.9979, 0.9818, 0.9476, 0.9783, 0.9875, 1.0000, 1.0000, 0.9867, 0.9833,
        0.8051, 0.9333, 0.9444, 0.6111, 0.9833, 1.0000, 0.9111, 0.9479, 0.8611,
        0.5000, 0.9400, 0.9667, 0.5733, 0.9630, 1.0000, 0.9905, 0.9833, 0.9744,
        0.8417, 0.8667, 0.9797, 0.9222, 0.8667, 0.9333, 0.9222])
tensor([0.9167, 0.9764, 0.9507, 0.9667, 0.9258, 0.9349, 0.7800, 0.9511, 0.9822,
        0.9979, 0.9833, 0.9333, 0.9754, 0.9944, 1.0000, 1.0000, 0.9867, 0.9806,
        0.7974, 0.9833, 0.9444, 0.5889, 0.9750, 1.0000, 0.9000, 0.9458, 0.8556,
        0.5000, 0.9467, 0.9222, 0.6333, 0.9593, 1.0000, 0.9714, 0.9917, 0.9744,
        0.8000, 0.8500, 0.9710, 0.9444, 0.8667, 0.9333, 0.9333])
tensor([0.9167, 0.9861, 0.9613, 0.9622, 0.9242, 0.9413, 0.8067, 0.9533, 0.9844,
        0.9958, 0.9818, 0.9452, 0.9754, 0.9931, 1.0000, 0.9952, 0.9867, 0.9806,
        0.8000, 0.8833, 0.9444, 0.5778, 0.9750, 1.0000, 0.9000, 0.9438, 0.8556,
        0.5000, 0.9333, 0.9444, 0.6067, 0.9630, 1.0000, 0.9905, 0.9833, 0.9744,
        0.8083, 0.8667, 0.9841, 0.9444, 0.8556, 0.9333, 0.9222])
tensor([0.9167, 0.9833, 0.9587, 0.9667, 0.9121, 0.9333, 0.8000, 0.9311, 0.9622,
        0.9979, 0.9864, 0.9405, 0.9710, 0.9944, 1.0000, 1.0000, 0.9800, 0.9750,
        0.8154, 0.8167, 0.9444, 0.6000, 0.9750, 1.0000, 0.9222, 0.9438, 0.8667,
        0.5000, 0.9600, 0.9111, 0.6400, 0.9704, 1.0000, 0.9714, 0.9750, 0.9744,
        0.8333, 0.8667, 0.9609, 0.9111, 0.8222, 0.9333, 0.9333])
tensor([0.9167, 0.9861, 0.9573, 0.9600, 0.9258, 0.9476, 0.8133, 0.9511, 0.9800,
        0.9958, 0.9818, 0.9405, 0.9710, 0.9931, 1.0000, 1.0000, 0.9867, 0.9833,
        0.8077, 0.9167, 0.9444, 0.5778, 0.9833, 1.0000, 0.9111, 0.9458, 0.8667,
        0.5000, 0.9267, 0.9222, 0.6067, 0.9630, 1.0000, 0.9905, 0.9750, 0.9744,
        0.7917, 0.8667, 0.9812, 0.9222, 0.8667, 0.9333, 0.9444])
tensor([0.9167, 0.9792, 0.9600, 0.9667, 0.9288, 0.9349, 0.8000, 0.9467, 0.9844,
        0.9979, 0.9803, 0.9476, 0.9710, 0.9903, 1.0000, 1.0000, 0.9867, 0.9833,
        0.8103, 0.9167, 0.9444, 0.5889, 0.9750, 1.0000, 0.9222, 0.9458, 0.8667,
        0.5000, 0.9467, 0.9111, 0.5933, 0.9630, 1.0000, 0.9857, 0.9833, 0.9744,
        0.8000, 0.8667, 0.9812, 0.9444, 0.8444, 0.9333, 0.9000])
tensor([0.9167, 0.9778, 0.9693, 0.9689, 0.9242, 0.9222, 0.7800, 0.9533, 0.9667,
        0.9979, 0.9803, 0.9452, 0.9681, 0.9931, 1.0000, 1.0000, 0.9867, 0.9778,
        0.8051, 0.9833, 0.9333, 0.6000, 0.9750, 1.0000, 0.9333, 0.9438, 0.8611,
        0.5000, 0.9467, 0.9000, 0.6467, 0.9667, 1.0000, 0.9905, 0.9833, 0.9769,
        0.8250, 0.8667, 0.9797, 0.8889, 0.8667, 0.9333, 0.9333])
