#dataset: yale
#way backdoor looks like: beard
#merge strategy: aggregation
#learning rate: 0.0001
#number of benign sources: 4
#number of malicious sources: 1
#batch size: 16
#distribution of data: equally distributed subset
#percentage of poisoned data in backdoored nodes: 0.25
#order of time backdoors being inserted: no
#model replacement: True
#starttime: 140717
training_type;epoch_number;learn_rate;avg_training_loss;avg_test_loss;test_accuracy;timestamp
backdoor;1;0.0001;2.6953519880771637;2.5566969524730334;30.90909090909091;140738
normal;1;0.0001;2.6900534592568874;2.654365367889404;14.333333333333334;140738
backdoor;2;0.0001;2.385949842631817;1.811805265600031;98.63636363636364;140810
normal;2;0.0001;2.566880628466606;2.50170929590861;9.666666666666666;140810
backdoor;3;0.0001;2.2239038795232773;2.1771566997874867;29.545454545454547;140838
normal;3;0.0001;2.1608327701687813;1.9723964818318684;46.0;140838
backdoor;4;0.0001;1.9420510865747929;2.231510292400013;28.181818181818183;140911
normal;4;0.0001;1.4597284235060215;1.4046286678314208;58.333333333333336;140911
backdoor;5;0.0001;1.7993183061480522;2.6487777363170277;20.454545454545453;140942
normal;5;0.0001;0.9846752369776368;1.0764435982704164;69.0;140942
backdoor;6;0.0001;1.5933201648294926;2.718758114901456;16.818181818181817;141017
normal;6;0.0001;0.7819286407902837;0.9369058203697205;70.66666666666667;141017
backdoor;7;0.0001;1.4004289750009775;2.5694257736206056;20.454545454545453;141050
normal;7;0.0001;0.6454074156936258;0.8321293799082438;74.66666666666667;141050
backdoor;8;0.0001;1.2944824481382966;2.5221962842074306;19.545454545454547;141120
normal;8;0.0001;0.5499432377982885;0.756516870657603;80.33333333333333;141120
backdoor;9;0.0001;1.243835361674428;2.559977973591198;19.545454545454547;141148
normal;9;0.0001;0.4872831318061799;0.6971342277526855;80.33333333333333;141148
backdoor;10;0.0001;1.1797602716833353;2.527391364357688;19.545454545454547;141219
normal;10;0.0001;0.44154396653175354;0.6541941996415456;80.66666666666667;141219
backdoor;11;0.0001;1.1153720770962536;2.4705843578685416;21.363636363636363;141249
normal;11;0.0001;0.4053657673066482;0.6214721965789795;81.0;141249
backdoor;12;0.0001;1.0707029327750206;2.44847432049838;21.818181818181817;141324
normal;12;0.0001;0.3752533026272431;0.594444687962532;81.33333333333333;141324
backdoor;13;0.0001;1.028892574366182;2.430903165990656;23.181818181818183;141350
normal;13;0.0001;0.3509277126286179;0.5725270144144694;81.33333333333333;141350
backdoor;14;0.0001;0.9872665093280375;2.4038141337308017;24.545454545454547;141418
normal;14;0.0001;0.3293241751380265;0.554648755590121;81.33333333333333;141418
backdoor;15;0.0001;0.9489745739847422;2.373964396390048;24.545454545454547;141446
normal;15;0.0001;0.3099405821412802;0.5399238848686219;82.66666666666667;141446
backdoor;16;0.0001;0.9154049684293568;2.3495579372752795;25.0;141516
normal;16;0.0001;0.2930670236237347;0.5263968241214753;82.66666666666667;141516
backdoor;17;0.0001;0.8834623086731881;2.3252244169061833;25.90909090909091;141549
normal;17;0.0001;0.27773654693737626;0.5149096043904623;82.33333333333333;141549
backdoor;18;0.0001;0.8533069815021008;2.3008659102699975;26.363636363636363;141617
normal;18;0.0001;0.2641168833943084;0.5045274569590886;82.66666666666667;141617
backdoor;19;0.0001;0.8261579810641706;2.2813744978471235;27.272727272727273;141647
normal;19;0.0001;0.25159969576634467;0.4950948734084765;83.0;141647
backdoor;20;0.0001;0.79891367838718;2.258569977500222;28.181818181818183;141716
normal;20;0.0001;0.23962122958619148;0.4870806818207105;82.66666666666667;141716
backdoor;21;0.0001;0.7738716574385762;2.2430217829617587;28.636363636363637;141745
normal;21;0.0001;0.2294904317241162;0.47881518085797625;82.66666666666667;141745
backdoor;22;0.0001;0.7497236460912973;2.2202007467096503;28.636363636363637;141816
normal;22;0.0001;0.21920089455670677;0.4722526568174362;82.33333333333333;141816
backdoor;23;0.0001;0.73406095453538;2.1602036476135256;30.454545454545453;141849
normal;23;0.0001;0.20922628536936827;0.46775802383820214;82.33333333333333;141849
backdoor;24;0.0001;0.7186132583301514;2.232085600766269;29.09090909090909;141923
normal;24;0.0001;0.20668262455728836;0.4570021853844325;83.33333333333333;141923
backdoor;25;0.0001;0.6788347165565938;2.1877413749694825;29.09090909090909;141954
normal;25;0.0001;0.19413378508761525;0.4567272583643595;83.0;141954
backdoor;26;0.0001;0.6525286617688835;2.140899736231024;31.363636363636363;142022
normal;26;0.0001;0.18505041481694207;0.4525521264473597;83.0;142022
backdoor;27;0.0001;0.6375213931314647;2.131205368041992;32.27272727272727;142049
normal;27;0.0001;0.17864842410199344;0.44544217209021253;84.0;142049
backdoor;28;0.0001;0.6235666854772717;2.1263658263466576;31.818181818181817;142117
normal;28;0.0001;0.17264986387453973;0.44061814606189725;84.0;142117
backdoor;29;0.0001;0.6075080557493493;2.118806804310192;32.27272727272727;142145
normal;29;0.0001;0.16641234554117545;0.4352870360016823;84.33333333333333;142145
backdoor;30;0.0001;0.5867533867713064;2.10860294862227;32.72727272727273;142213
normal;30;0.0001;0.1611160515458323;0.4317019818226496;85.66666666666667;142213
backdoor;31;0.0001;0.5700614518718794;2.0943755756724967;33.63636363636363;142246
normal;31;0.0001;0.15540924682863988;0.42791397402683895;85.0;142246
backdoor;32;0.0001;0.5550821541110054;2.0762875296852807;32.72727272727273;142320
normal;32;0.0001;0.15009936995920725;0.42418351272741955;85.0;142320
backdoor;33;0.0001;0.5397778115002438;2.0818814451044254;33.18181818181818;142347
normal;33;0.0001;0.14616171963280067;0.4237952944636345;84.66666666666667;142347
backdoor;34;0.0001;0.52591674530413;2.088328890366988;33.63636363636363;142417
normal;34;0.0001;0.1432990773464553;0.42027257283528646;84.66666666666667;142417
backdoor;35;0.0001;0.5128360240487382;2.0870810075239703;34.09090909090909;142444
normal;35;0.0001;0.13783252279972658;0.4167532518009345;85.0;142444
backdoor;36;0.0001;0.4935339547228068;2.0798768563704058;34.09090909090909;142517
normal;36;0.0001;0.13457892078440636;0.41560873806476595;85.33333333333333;142517
backdoor;37;0.0001;0.4795138268964365;2.0638096289201218;34.54545454545455;142551
normal;37;0.0001;0.1301343711966183;0.41473753040035566;85.0;142551
backdoor;38;0.0001;0.46814628108404577;2.0572637037797405;35.0;142621
normal;38;0.0001;0.12695205651107244;0.41227879881858825;85.0;142621
backdoor;39;0.0001;0.45537991903256625;2.0567850546403363;34.54545454545455;142650
normal;39;0.0001;0.12460553969140165;0.40956132223208747;85.33333333333333;142650
backdoor;40;0.0001;0.4453604957088828;2.051863869753751;34.54545454545455;142716
normal;40;0.0001;0.1210767908487469;0.4087175303697586;85.66666666666667;142716
backdoor;41;0.0001;0.4353237055474892;2.0491927580399945;34.09090909090909;142745
normal;41;0.0001;0.11865801704698242;0.4070518145461877;86.33333333333333;142745
backdoor;42;0.0001;0.4224319888744503;2.0534785053946756;34.09090909090909;142815
normal;42;0.0001;0.11673194068134762;0.405128021389246;86.33333333333333;142815
backdoor;43;0.0001;0.4113579437835142;2.0425831361250446;35.90909090909091;142845
normal;43;0.0001;0.11302954639540985;0.4049647671977679;86.33333333333333;142845
backdoor;44;0.0001;0.4024776892038062;2.035231269489635;35.90909090909091;142915
normal;44;0.0001;0.1108499770925846;0.40367315073808036;86.33333333333333;142915
backdoor;45;0.0001;0.3926641645375639;2.041828762401234;36.81818181818182;142946
normal;45;0.0001;0.10956081384210847;0.4015491725504398;86.0;142946
backdoor;46;0.0001;0.38388061593286693;2.0324482917785645;37.27272727272727;143017
normal;46;0.0001;0.10651728656375781;0.40068255508939427;86.0;143017
backdoor;47;0.0001;0.377542634611018;2.025203834880482;38.18181818181818;143050
normal;47;0.0001;0.10479695102549158;0.3987460571030776;86.33333333333333;143050
backdoor;48;0.0001;0.37146826239768416;2.033446112546054;37.72727272727273;143121
normal;48;0.0001;0.10414063918869942;0.3961250821749369;87.33333333333333;143121
backdoor;49;0.0001;0.3653438027249649;2.027742710980502;38.63636363636363;143151
normal;49;0.0001;0.10191793463309295;0.3950083037714163;87.33333333333333;143151
backdoor;50;0.0001;0.3606499424786307;2.024331144853072;38.63636363636363;143221
normal;50;0.0001;0.10074388893553987;0.3932477137943109;87.0;143221
backdoor;51;0.0001;0.3557126543018967;2.031208931316029;37.72727272727273;143249
normal;51;0.0001;0.10021185330697335;0.3907262499630451;87.0;143249
backdoor;52;0.0001;0.3501235051662661;2.027880625291304;38.18181818181818;143320
normal;52;0.0001;0.09853127010865137;0.38915055212875205;87.0;143320
backdoor;53;0.0001;0.34505792561685666;2.026545845378529;38.63636363636363;143352
normal;53;0.0001;0.09751631101244129;0.3873668051014344;87.0;143352
backdoor;54;0.0001;0.34025086305337027;2.029389667510986;38.18181818181818;143423
normal;54;0.0001;0.096715294115711;0.3852683939784765;87.0;143423
backdoor;55;0.0001;0.33462657377822325;2.029942421479659;38.18181818181818;143453
normal;55;0.0001;0.0955440053367056;0.3833045948545138;87.0;143453
backdoor;56;0.0001;0.3286286660004407;2.02984974601052;38.63636363636363;143523
normal;56;0.0001;0.09445386669540312;0.3812494414051374;87.0;143523
backdoor;57;0.0001;0.32271381898317486;2.0292702761563386;38.63636363636363;143550
normal;57;0.0001;0.09337193268584087;0.37912182696163654;87.0;143550
backdoor;58;0.0001;0.3167614888516255;2.0287051460959695;38.63636363636363;143617
normal;58;0.0001;0.09229931661684532;0.37701139830052854;87.0;143617
backdoor;59;0.0001;0.31079835386481136;2.0276741114529697;38.63636363636363;143643
normal;59;0.0001;0.09122937954089139;0.37496120398243266;87.0;143643
backdoor;60;0.0001;0.30517941928701475;2.0268694184043192;40.45454545454545;143709
normal;60;0.0001;0.09019064469612204;0.3729806484033664;87.33333333333333;143709
backdoor;61;0.0001;0.300032667350024;2.02702056277882;40.90909090909091;143742
normal;61;0.0001;0.08922256162622944;0.37117517217993734;87.33333333333333;143742
backdoor;62;0.0001;0.29529360320884734;2.030949540571733;40.45454545454545;143818
normal;62;0.0001;0.08831934866611846;0.3690406562636296;88.0;143818
backdoor;63;0.0001;0.2905275187222287;2.0351332491094416;40.90909090909091;143849
normal;63;0.0001;0.08744447468779981;0.36692717333634695;88.0;143849
backdoor;64;0.0001;0.28554027987411246;2.03897911418568;40.45454545454545;143918
normal;64;0.0001;0.08657365127874073;0.3649581207831701;88.0;143918
backdoor;65;0.0001;0.2804431748809293;2.0428982994773173;40.90909090909091;143945
normal;65;0.0001;0.08568429604929406;0.3630634036660194;88.33333333333333;143945
backdoor;66;0.0001;0.2752652985509485;2.0471304546702993;41.36363636363637;144014
normal;66;0.0001;0.08478479192126542;0.3613011741141478;88.66666666666667;144014
backdoor;67;0.0001;0.2701349208364263;2.0512852148576215;41.36363636363637;144045
normal;67;0.0001;0.08386745330062695;0.35972766381998855;89.0;144045
backdoor;68;0.0001;0.265212012513075;2.0558686863292346;43.63636363636363;144117
normal;68;0.0001;0.0829638469585916;0.3583105676621199;89.0;144117
backdoor;69;0.0001;0.26051043078769;2.063280556418679;43.63636363636363;144148
normal;69;0.0001;0.08211394504178315;0.3569936005274455;89.0;144148
backdoor;70;0.0001;0.25536206481046975;2.0765359184958716;43.18181818181818;144217
normal;70;0.0001;0.08122234093025327;0.3555944381157557;89.33333333333333;144217
backdoor;71;0.0001;0.24834122293395922;2.095913462205367;42.27272727272727;144244
normal;71;0.0001;0.08011288117268123;0.35448133590320746;89.66666666666667;144244
backdoor;72;0.0001;0.23895889415871352;2.0886963324113323;42.27272727272727;144315
normal;72;0.0001;0.07835285441251472;0.3541273169219494;89.33333333333333;144315
backdoor;73;0.0001;0.2342070450540632;2.0848584175109863;43.63636363636363;144345
normal;73;0.0001;0.0767156696820166;0.35370412302513915;89.0;144345
backdoor;74;0.0001;0.2331123884068802;2.090011822093617;43.63636363636363;144410
normal;74;0.0001;0.07626329951744992;0.3528084002435207;88.66666666666667;144410
backdoor;75;0.0001;0.23265413363697007;2.1010798540982334;44.09090909090909;144441
normal;75;0.0001;0.07595822458097246;0.3520567316313585;89.0;144441
backdoor;76;0.0001;0.2308371929684654;2.113721734827215;44.54545454545455;144513
normal;76;0.0001;0.07567833803477697;0.3513385557383299;88.66666666666667;144513
backdoor;77;0.0001;0.22749883524375036;2.125234837965532;45.0;144545
normal;77;0.0001;0.07506840105634183;0.35077066426475845;88.33333333333333;144545
backdoor;78;0.0001;0.22324633767129853;2.134824986891313;45.45454545454545;144614
normal;78;0.0001;0.07422296880395152;0.35037485321362816;88.33333333333333;144614
backdoor;79;0.0001;0.21887095866259187;2.1444496935064143;45.45454545454545;144643
normal;79;0.0001;0.07322023742017336;0.3500345729043086;88.66666666666667;144643
backdoor;80;0.0001;0.21485762757947668;2.154530989040028;45.45454545454545;144709
normal;80;0.0001;0.07211154165270273;0.3494348199913899;88.66666666666667;144709
backdoor;81;0.0001;0.21108795353211462;2.1649175600572064;45.90909090909091;144742
normal;81;0.0001;0.07109104670234956;0.3487339390814304;88.33333333333333;144742
backdoor;82;0.0001;0.207244124438148;2.1729930530894888;46.36363636363637;144816
normal;82;0.0001;0.07017133916087914;0.3480112592627605;88.66666666666667;144816
backdoor;83;0.0001;0.20369087770814076;2.1827511440623892;46.36363636363637;144848
normal;83;0.0001;0.06928480337955989;0.3472946451356014;88.66666666666667;144848
backdoor;84;0.0001;0.20017184532480314;2.190894720771096;46.36363636363637;144920
normal;84;0.0001;0.06841467261256184;0.3469319328169028;88.33333333333333;144920
backdoor;85;0.0001;0.19695651228539646;2.200673328746449;46.36363636363637;144951
normal;85;0.0001;0.06755551413516514;0.34653158761560915;88.66666666666667;144951
backdoor;86;0.0001;0.19342680927366018;2.2079463265158914;46.81818181818182;145020
normal;86;0.0001;0.06673446870991029;0.34636960516373316;88.66666666666667;145020
backdoor;87;0.0001;0.1901355185545981;2.214276274767789;46.81818181818182;145046
normal;87;0.0001;0.06594896457681898;0.34642940290272234;88.66666666666667;145046
backdoor;88;0.0001;0.1871004726854153;2.223661977594549;46.36363636363637;145117
normal;88;0.0001;0.06507908854109701;0.34628511101007464;88.66666666666667;145117
backdoor;89;0.0001;0.18387630890356377;2.2302670738913797;46.36363636363637;145145
normal;89;0.0001;0.06431205666740425;0.34627570745845637;88.33333333333333;145145
backdoor;90;0.0001;0.18063443663413636;2.2365197961980647;46.36363636363637;145214
normal;90;0.0001;0.06353480568213854;0.34656337623794875;88.33333333333333;145214
backdoor;91;0.0001;0.17760820931289345;2.245313921841708;46.36363636363637;145249
normal;91;0.0001;0.0627054797951132;0.346777500162522;88.33333333333333;145249
backdoor;92;0.0001;0.17422095729853027;2.2504470478404652;46.36363636363637;145319
normal;92;0.0001;0.06193444400560111;0.3472195260723432;88.33333333333333;145319
backdoor;93;0.0001;0.1711150247429032;2.2544926209883256;46.36363636363637;145349
normal;93;0.0001;0.06110324685869273;0.3479527873545885;88.0;145349
backdoor;94;0.0001;0.16864069079747424;2.2671959183432837;45.90909090909091;145422
normal;94;0.0001;0.06025512079941109;0.3482718689242999;88.0;145422
backdoor;95;0.0001;0.1650593570084311;2.2686320304870606;45.90909090909091;145454
normal;95;0.0001;0.05959334794897586;0.3488799256334702;88.0;145454
backdoor;96;0.0001;0.16195519611937925;2.2763393835587933;45.90909090909091;145525
normal;96;0.0001;0.05873548236559145;0.3497038534283638;88.0;145525
backdoor;97;0.0001;0.15956023635226302;2.2528413945978336;45.90909090909091;145552
normal;97;0.0001;0.058048922175657935;0.35050654746592047;88.33333333333333;145552
backdoor;98;0.0001;0.1605221026984509;2.306494157964533;44.54545454545455;145620
normal;98;0.0001;0.05735822445421945;0.3524385930597782;88.33333333333333;145620
backdoor;99;0.0001;0.15291483831242658;2.3083268078890713;44.54545454545455;145650
normal;99;0.0001;0.05773988433065824;0.3538797840227683;88.0;145650
backdoor;100;0.0001;0.1459735413955059;2.302964227849787;44.54545454545455;145721
normal;100;0.0001;0.05558919784380123;0.3560488908241192;87.66666666666667;145721
