#dataset: yale
#way backdoor looks like: beard
#merge strategy: sequential
#number of benign sources: 10
#number of malicious sources: 0
#batch size: 16
#distribution of data: equally distributed subset
#percentage of poisoned data in backdoored nodes: 100
#order of time backdoors being inserted: backdoors first
#attack model: basic
#starttime: 091322
training_type;epoch_number;learn_rate;avg_training_loss;avg_test_loss;test_accuracy;timestamp
backdoor;1;0.01;5.656675685535777;5.454545454545454;0000
normal;1;0.01;1.8291679620742798;0.9643820444742839;70.33333333333333;091359
backdoor;2;0.01;7.965605614402078;6.818181818181818;0000
normal;2;0.01;0.2903786301612854;0.30923383593559267;91.0;091447
backdoor;3;0.01;10.401014293323863;6.818181818181818;0000
normal;3;0.01;0.05738293007016182;0.2284813327342272;94.0;091543
backdoor;4;0.01;11.76335352117365;6.818181818181818;0000
normal;4;0.01;0.01920556090772152;0.18757357950011888;96.0;091641
backdoor;5;0.01;12.920783996582031;6.818181818181818;0000
normal;5;0.01;0.007588936947286129;0.19164679532560208;95.66666666666667;091737
backdoor;6;0.01;13.80162055275657;6.818181818181818;0000
normal;6;0.01;0.004176185932010412;0.1983545687717075;95.0;091837
backdoor;7;0.01;14.494170795787465;5.909090909090909;0000
normal;7;0.01;0.002958520781248808;0.20318070905283092;95.0;091941
backdoor;8;0.01;15.054139362681996;5.909090909090909;0000
normal;8;0.01;0.002303569344803691;0.20755885233093674;94.66666666666667;092035
backdoor;9;0.01;15.523757449063387;5.909090909090909;0000
normal;9;0.01;0.0018776997458189726;0.21110921791133783;94.66666666666667;092131
backdoor;10;0.01;15.930595744739879;5.909090909090909;0000
normal;10;0.01;0.0015778954839333892;0.21411202419626837;94.66666666666667;092230
backdoor;11;0.01;16.290053697065872;5.909090909090909;0000
normal;11;0.01;0.0013557473430410028;0.21673170970209563;94.66666666666667;092331
backdoor;12;0.01;16.611862529407848;5.909090909090909;0000
normal;12;0.01;0.001184759195894003;0.2190659548691474;94.66666666666667;092432
backdoor;13;0.01;16.903788271817294;5.909090909090909;0000
normal;13;0.01;0.0010495440801605582;0.22121775622440812;94.66666666666667;092529
backdoor;14;0.01;17.16994989568537;5.909090909090909;0000
normal;14;0.01;0.0009401128627359867;0.22321282473839044;94.66666666666667;092623
backdoor;15;0.01;17.414819821444425;5.909090909090909;0000
normal;15;0.01;0.0008499768446199596;0.2250908020491867;94.66666666666667;092709
backdoor;16;0.01;17.641330510919744;5.909090909090909;0000
normal;16;0.01;0.0007746162009425461;0.22689083403092808;95.0;092802
backdoor;17;0.01;17.85248759876598;5.909090909090909;0000
normal;17;0.01;0.000710698775947094;0.22861377846677594;95.0;092857
backdoor;18;0.01;18.049620819091796;5.909090909090909;0000
normal;18;0.01;0.0006558677414432168;0.23026876522135958;95.0;092951
backdoor;19;0.01;18.234916756369852;5.909090909090909;0000
normal;19;0.01;0.0006083849584683776;0.2318730285341735;95.0;093045
backdoor;20;0.01;18.409266246448862;5.909090909090909;0000
normal;20;0.01;0.0005668735830113292;0.2334261633080314;95.0;093145
backdoor;21;0.01;18.573678866299716;5.909090909090909;0000
normal;21;0.01;0.0005303338402882218;0.2349281910599287;95.0;093245
backdoor;22;0.01;18.72938163063743;5.909090909090909;0000
normal;22;0.01;0.000497957575134933;0.23638152460140796;95.0;093337
backdoor;23;0.01;18.87734909057617;5.909090909090909;0000
normal;23;0.01;0.0004690721689257771;0.23779561250577294;95.0;093434
backdoor;24;0.01;19.018287936123933;5.909090909090909;0000
normal;24;0.01;0.0004431325360201299;0.2391807958469144;95.0;093539
backdoor;25;0.01;19.152932253750887;5.909090909090909;0000
normal;25;0.01;0.00041974117630161345;0.24053905552772145;95.0;093635
backdoor;26;0.01;19.281490395285868;5.909090909090909;0000
normal;26;0.01;0.0003985389193985611;0.24186066567061063;94.66666666666667;093734
backdoor;27;0.01;19.404807142777877;5.909090909090909;0000
normal;27;0.01;0.00037924497155472636;0.2431498292039032;94.66666666666667;093837
backdoor;28;0.01;19.523089599609374;5.909090909090909;0000
normal;28;0.01;0.00036161273601464927;0.2444118874022873;94.66666666666667;093932
backdoor;29;0.01;19.63683589588512;5.909090909090909;0000
normal;29;0.01;0.0003454581892583519;0.24565309640655567;94.33333333333333;094022
backdoor;30;0.01;19.746265827525747;5.909090909090909;0000
normal;30;0.01;0.0003305923019070178;0.24686482404390214;94.0;094117
backdoor;31;0.01;19.85161333951083;5.909090909090909;0000
normal;31;0.01;0.0003168793045915663;0.24804918164122985;94.0;094207
backdoor;32;0.01;19.95321211381392;5.909090909090909;0000
normal;32;0.01;0.00030420240364037454;0.2492113293853011;94.0;094253
backdoor;33;0.01;20.0513652454723;5.909090909090909;0000
normal;33;0.01;0.0002924411674030125;0.250350474700402;93.66666666666667;094351
backdoor;34;0.01;20.146348987926135;5.909090909090909;0000
normal;34;0.01;0.00028150007710792124;0.2514668660556587;93.66666666666667;094445
backdoor;35;0.01;20.23826148293235;5.909090909090909;0000
normal;35;0.01;0.0002712906280066818;0.2525638753494665;93.66666666666667;094545
backdoor;36;0.01;20.327428089488638;5.909090909090909;0000
normal;36;0.01;0.000261761830188334;0.25364491917596754;93.66666666666667;094641
backdoor;37;0.01;20.414037253639915;5.909090909090909;0000
normal;37;0.01;0.0002528276527300477;0.2547113528748984;93.66666666666667;094736
backdoor;38;0.01;20.498036887428977;5.909090909090909;0000
normal;38;0.01;0.00024444758309982717;0.2557581199211563;93.66666666666667;094828
backdoor;39;0.01;20.579799444025213;5.909090909090909;0000
normal;39;0.01;0.0002365705877309665;0.2567932673430429;93.66666666666667;094922
backdoor;40;0.01;20.659145840731533;5.909090909090909;0000
normal;40;0.01;0.0002291487471666187;0.2578094214522692;93.66666666666667;095012
backdoor;41;0.01;20.73639082475142;5.909090909090909;0000
normal;41;0.01;0.00022215691569726914;0.25880790451272334;93.66666666666667;095105
backdoor;42;0.01;20.81160389293324;5.909090909090909;0000
normal;42;0.01;0.00021555261628236622;0.2597906269300317;93.66666666666667;095158
backdoor;43;0.01;20.8849140514027;5.909090909090909;0000
normal;43;0.01;0.00020930430036969483;0.2607581874367922;93.66666666666667;095256
backdoor;44;0.01;20.956378243186258;5.909090909090909;0000
normal;44;0.01;0.00020338621106930077;0.26171186294065896;93.66666666666667;095354
backdoor;45;0.01;21.026090587269177;5.909090909090909;0000
normal;45;0.01;0.00019777465786319226;0.26265208490709485;93.66666666666667;095446
backdoor;46;0.01;21.094174610484732;5.909090909090909;0000
normal;46;0.01;0.00019244510622229427;0.26357923103548575;93.33333333333333;095542
backdoor;47;0.01;21.16063260165128;5.909090909090909;0000
normal;47;0.01;0.00018737802747637033;0.2644937482349633;93.33333333333333;095639
backdoor;48;0.01;21.22559287331321;5.909090909090909;0000
normal;48;0.01;0.00018255376198794693;0.26539722072792454;93.33333333333333;095738
backdoor;49;0.01;21.28911465731534;5.909090909090909;0000
normal;49;0.01;0.00017795839812606573;0.266289037739031;93.33333333333333;095839
backdoor;50;0.01;21.351279172030363;5.909090909090909;0000
normal;50;0.01;0.0001735740661388263;0.2671698329161154;93.33333333333333;095942
backdoor;51;0.01;21.412228670987215;5.909090909090909;0000
normal;51;0.01;0.00016938392946030945;0.2680427133305663;93.33333333333333;100043
backdoor;52;0.01;21.471854192560368;5.909090909090909;0000
normal;52;0.01;0.00016538199270144105;0.2689044828563783;93.33333333333333;100136
backdoor;53;0.01;21.5302678194913;5.909090909090909;0000
normal;53;0.01;0.00016155297635123134;0.26975549807756277;93.33333333333333;100232
backdoor;54;0.01;21.587505826083095;5.909090909090909;0000
normal;54;0.01;0.00015788522432558239;0.27059573167765244;93.33333333333333;100333
backdoor;55;0.01;21.643655534224077;5.909090909090909;0000
normal;55;0.01;0.00015437204274348915;0.2714265951939645;93.33333333333333;100425
backdoor;56;0.01;21.698682542280718;5.909090909090909;0000
normal;56;0.01;0.00015100202290341258;0.27224721224111514;93.33333333333333;100521
backdoor;57;0.01;21.752681454745208;5.909090909090909;0000
normal;57;0.01;0.00014776851458009332;0.27305803904375353;93.33333333333333;100617
backdoor;58;0.01;21.80570865977894;5.909090909090909;0000
normal;58;0.01;0.00014465877029579133;0.2738605382486336;93.33333333333333;100706
backdoor;59;0.01;21.857778791947798;5.909090909090909;0000
normal;59;0.01;0.00014167056360747665;0.27465480895314004;93.33333333333333;100759
backdoor;60;0.01;21.908935754949397;5.909090909090909;0000
normal;60;0.01;0.00013879632751923054;0.27544071748997645;93.33333333333333;100844
backdoor;61;0.01;21.95915659124201;5.909090909090909;0000
normal;61;0.01;0.0001360284659313038;0.27621701166800144;93.33333333333333;100926
backdoor;62;0.01;22.008535627885298;5.909090909090909;0000
normal;62;0.01;0.0001333621039520949;0.2769848715357815;93.33333333333333;101022
backdoor;63;0.01;22.057064195112748;5.909090909090909;0000
normal;63;0.01;0.00013078973279334605;0.2777447618349197;93.33333333333333;101125
backdoor;64;0.01;22.104775029962713;5.909090909090909;0000
normal;64;0.01;0.00012831159983761609;0.2784958287281097;93.33333333333333;101228
backdoor;65;0.01;22.15173235806552;5.909090909090909;0000
normal;65;0.01;0.00012591990525834262;0.2792401387611547;93.33333333333333;101327
backdoor;66;0.01;22.19789248379794;5.909090909090909;0000
normal;66;0.01;0.00012360936671029776;0.27997536270638496;93.33333333333333;101426
backdoor;67;0.01;22.243363120339133;5.909090909090909;0000
normal;67;0.01;0.00012137839803472161;0.28070408522299356;93.33333333333333;101520
backdoor;68;0.01;22.288102999600497;5.909090909090909;0000
normal;68;0.01;0.0001192193667520769;0.2814262987335011;93.33333333333333;101617
backdoor;69;0.01;22.332145205411045;5.909090909090909;0000
normal;69;0.01;0.00011713226558640599;0.28214144340321584;93.33333333333333;101715
backdoor;70;0.01;22.375503678755326;5.909090909090909;0000
normal;70;0.01;0.00011511291813803837;0.28284987988992116;93.33333333333333;101806
backdoor;71;0.01;22.41823106245561;5.909090909090909;0000
normal;71;0.01;0.00011315885785734281;0.28355083097270833;93.33333333333333;101902
backdoor;72;0.01;22.460293371027166;5.909090909090909;0000
normal;72;0.01;0.00011126384924864396;0.2842441528584853;93.33333333333333;101959
backdoor;73;0.01;22.501777857000178;5.909090909090909;0000
normal;73;0.01;0.00010943103552563116;0.28493098220549656;93.33333333333333;102050
backdoor;74;0.01;22.542666764692825;5.909090909090909;0000
normal;74;0.01;0.00010764932812890038;0.28561113975277297;93.33333333333333;102139
backdoor;75;0.01;22.58298769864169;5.909090909090909;0000
normal;75;0.01;0.00010592535545583814;0.2862844500911403;93.33333333333333;102235
backdoor;76;0.01;22.622748773748224;5.909090909090909;0000
normal;76;0.01;0.00010424970969324932;0.28695211278735466;93.33333333333333;102320
backdoor;77;0.01;22.661986472389916;5.909090909090909;0000
normal;77;0.01;0.00010262306750519201;0.2876151018321525;93.33333333333333;102415
backdoor;78;0.01;22.700680819424715;5.909090909090909;0000
normal;78;0.01;0.00010104526882059872;0.2882715809542697;93.33333333333333;102511
backdoor;79;0.01;22.738873013583095;5.909090909090909;0000
normal;79;0.01;9.951317770173773e-05;0.28892304084220694;93.33333333333333;102607
backdoor;80;0.01;22.776547449285335;5.909090909090909;0000
normal;80;0.01;9.80208715191111e-05;0.2895688288996037;93.33333333333333;102703
backdoor;81;0.01;22.813776258988813;5.909090909090909;0000
normal;81;0.01;9.657017653807998e-05;0.29020983462567224;93.33333333333333;102752
backdoor;82;0.01;22.850495425137606;5.909090909090909;0000
normal;82;0.01;9.515953570371494e-05;0.2908442560241504;93.33333333333333;102848
backdoor;83;0.01;22.88676494251598;5.909090909090909;0000
normal;83;0.01;9.378682443639264e-05;0.2914742080905732;93.33333333333333;102951
backdoor;84;0.01;22.922599931196732;5.909090909090909;0000
normal;84;0.01;9.2450572992675e-05;0.29210009171623824;93.33333333333333;103048
backdoor;85;0.01;22.957975907759234;5.909090909090909;0000
normal;85;0.01;9.115056309383363e-05;0.2927202692895298;93.33333333333333;103145
backdoor;86;0.01;22.992938232421874;5.909090909090909;0000
normal;86;0.01;8.988179615698755e-05;0.2933353235684778;93.0;103241
backdoor;87;0.01;23.027457774769175;5.909090909090909;0000
normal;87;0.01;8.864715346135199e-05;0.2939443531077207;93.0;103338
backdoor;88;0.01;23.0615610296076;5.909090909090909;0000
normal;88;0.01;8.744411024963483e-05;0.29454823819374115;93.33333333333333;103433
backdoor;89;0.01;23.095280942049893;5.909090909090909;0000
normal;89;0.01;8.627343049738556e-05;0.2951484888613231;93.33333333333333;103535
backdoor;90;0.01;23.12858754938299;5.909090909090909;0000
normal;90;0.01;8.513067587045953e-05;0.29574372791914966;93.0;103630
backdoor;91;0.01;23.16152995716442;5.909090909090909;0000
normal;91;0.01;8.401519880862907e-05;0.29633422227185596;93.0;103721
backdoor;92;0.01;23.194087357954544;5.909090909090909;0000
normal;92;0.01;8.292668644571677e-05;0.29692013538595047;93.0;103814
backdoor;93;0.01;23.226279934969817;5.909090909090909;0000
normal;93;0.01;8.186486957129091e-05;0.29750200519335823;93.0;103908
backdoor;94;0.01;23.25811531760476;5.909090909090909;0000
normal;94;0.01;8.08272889116779e-05;0.2980792479414716;93.0;104008
backdoor;95;0.01;23.289616810191763;5.909090909090909;0000
normal;95;0.01;7.981677481438965e-05;0.29865226278157025;93.0;104110
backdoor;96;0.01;23.320766657049006;5.909090909090909;0000
normal;96;0.01;7.882746285758913e-05;0.29922173290821774;93.0;104206
backdoor;97;0.01;23.351573874733663;5.909090909090909;0000
normal;97;0.01;7.78607718530111e-05;0.299786757470165;93.0;104303
backdoor;98;0.01;23.382069951837714;5.909090909090909;0000
normal;98;0.01;7.691563223488629e-05;0.30034830189113865;93.0;104356
backdoor;99;0.01;23.412231722745027;5.909090909090909;0000
normal;99;0.01;7.599351374665275e-05;0.30090547229898523;93.0;104443
backdoor;100;0.01;23.44206404252486;5.909090909090909;0000
normal;100;0.01;7.509239367209375e-05;0.30145886685115175;93.0;104540
