#dataset: yale
#way backdoor looks like: glasses
#merge strategy: aggregation
#learning rate: 0.0001
#number of benign sources: 7
#number of malicious sources: 3
#batch size: 16
#distribution of data: equally distributed subset
#percentage of poisoned data in backdoored nodes: 1.0
#order of time backdoors being inserted: no
#model replacement: False
#starttime: 173612
training_type;epoch_number;learn_rate;avg_training_loss;avg_test_loss;test_accuracy;timestamp
backdoor;1;0.0001;2.635609024100834;2.5248390870935777;100.0;173627
normal;1;0.0001;3.834765141918546;2.6990548451741536;6.666666666666667;173627
backdoor;2;0.0001;2.3624045848846436;2.133335079866297;100.0;173646
normal;2;0.0001;3.6954404995554966;2.6763123830159503;6.666666666666667;173646
backdoor;3;0.0001;1.9558378623591528;1.7716492260203642;100.0;173705
normal;3;0.0001;3.473138850359689;2.630926793416341;6.666666666666667;173705
backdoor;4;0.0001;1.7183642652299669;1.6864804772769704;94.11764705882354;173725
normal;4;0.0001;3.259346084935325;2.5048881848653157;9.666666666666666;173725
backdoor;5;0.0001;1.7203377783298492;1.836792766346651;72.3529411764706;173745
normal;5;0.0001;3.017357343719119;2.2344400278727212;21.666666666666668;173745
backdoor;6;0.0001;1.9208903047773573;2.1806108025943534;34.11764705882353;173804
normal;6;0.0001;2.70330802599589;1.8658411629994711;44.666666666666664;173804
backdoor;7;0.0001;2.188704106542799;2.5203839582555436;20.58823529411765;173824
normal;7;0.0001;2.3869287854149226;1.56302565574646;50.333333333333336;173824
backdoor;8;0.0001;2.499419311682383;2.88459612902473;14.117647058823529;173844
normal;8;0.0001;2.1927454858308746;1.3546115382512411;57.0;173844
backdoor;9;0.0001;2.8126571045981508;3.1621730131261487;12.941176470588236;173903
normal;9;0.0001;2.1188388821624575;1.2351848220825195;61.0;173903
backdoor;10;0.0001;3.0638251139058004;3.3422917758717254;13.529411764705882;173923
normal;10;0.0001;2.098428305593275;1.1632707413037617;61.666666666666664;173923
backdoor;11;0.0001;3.246193170547485;3.4657152736888213;13.529411764705882;173942
normal;11;0.0001;2.091929551923559;1.1141782490412395;65.0;173942
backdoor;12;0.0001;3.3784216046333313;3.5522221957936004;12.941176470588236;174001
normal;12;0.0001;2.0882480602179254;1.0770428129037222;65.66666666666667;174001
backdoor;13;0.0001;3.478257338205974;3.6175502328311695;12.941176470588236;174020
normal;13;0.0001;2.085215658126842;1.0476504460970562;67.66666666666667;174020
backdoor;14;0.0001;3.563275913397471;3.6833366618436925;12.941176470588236;174039
normal;14;0.0001;2.085078137438922;1.0237871718406677;69.33333333333333;174039
backdoor;15;0.0001;3.6400502920150752;3.7378021240234376;13.529411764705882;174058
normal;15;0.0001;2.0876281390942277;1.003434076309204;70.0;174058
backdoor;16;0.0001;3.7062375810411243;3.7884682374842025;13.529411764705882;174117
normal;16;0.0001;2.0905206889091503;0.986260530948639;71.33333333333333;174117
backdoor;17;0.0001;3.767588065730201;3.8363075256347656;13.529411764705882;174136
normal;17;0.0001;2.0947800754081634;0.9713508017857869;71.33333333333333;174136
backdoor;18;0.0001;3.8224112921290927;3.8800889744478115;13.529411764705882;174155
normal;18;0.0001;2.0991093620125736;0.958101993004481;71.66666666666667;174155
backdoor;19;0.0001;3.873686114947001;3.921540854958927;14.117647058823529;174215
normal;19;0.0001;2.1040897435020836;0.9463888645172119;72.33333333333333;174215
backdoor;20;0.0001;3.921005792087979;3.9587088640998394;14.705882352941176;174233
normal;20;0.0001;2.109064169405472;0.9359444900353749;72.66666666666667;174233
backdoor;21;0.0001;3.959214170773824;3.9934241350959327;14.117647058823529;174253
normal;21;0.0001;2.111912847540918;0.9263914293050766;73.0;174253
backdoor;22;0.0001;3.998063623905182;4.0285350350772635;14.117647058823529;174312
normal;22;0.0001;2.1159943950672946;0.9174923821290334;73.66666666666667;174312
backdoor;23;0.0001;4.034649994638231;4.059787032183479;14.117647058823529;174332
normal;23;0.0001;2.119872767123438;0.9085774173339208;73.66666666666667;174332
backdoor;24;0.0001;4.070963773462507;4.107900036082548;14.117647058823529;174351
normal;24;0.0001;2.124085989470283;0.8994460837046305;74.33333333333333;174351
backdoor;25;0.0001;4.115438613626693;4.142125657025505;14.117647058823529;174410
normal;25;0.0001;2.133281255584387;0.8942631701628367;74.66666666666667;174410
backdoor;26;0.0001;4.152846720483567;4.1714018429026885;14.117647058823529;174429
normal;26;0.0001;2.1405744963281212;0.8887260556221008;74.33333333333333;174429
backdoor;27;0.0001;4.187063952287038;4.210412866928998;14.117647058823529;174448
normal;27;0.0001;2.1470320419009243;0.8829935230811436;74.33333333333333;174448
backdoor;28;0.0001;4.221408214834001;4.242026037328383;13.529411764705882;174508
normal;28;0.0001;2.1539369422410215;0.8779819466670354;75.33333333333333;174508
backdoor;29;0.0001;4.254108958774143;4.274077359367819;13.529411764705882;174527
normal;29;0.0001;2.1607751313242174;0.8737574948867162;75.33333333333333;174527
backdoor;30;0.0001;4.285839219888051;4.306163900038776;13.529411764705882;174547
normal;30;0.0001;2.1676277378130533;0.8696977927287419;75.33333333333333;174547
backdoor;31;0.0001;4.315413044558631;4.336953443639419;13.529411764705882;174606
normal;31;0.0001;2.1739755725221976;0.8659333109855651;75.66666666666667;174606
backdoor;32;0.0001;4.344707687695821;4.367507979449104;13.529411764705882;174625
normal;32;0.0001;2.1805122417530844;0.8625372908512752;76.0;174625
backdoor;33;0.0001;4.371788567966885;4.39545041252585;13.529411764705882;174645
normal;33;0.0001;2.186425901062432;0.8593404346704483;76.33333333333333;174645
backdoor;34;0.0001;4.398008353180356;4.42420275071088;13.529411764705882;174703
normal;34;0.0001;2.192235470438997;0.8564357107877731;76.33333333333333;174703
backdoor;35;0.0001;4.42213835981157;4.450813674926758;13.529411764705882;174723
normal;35;0.0001;2.1973548697396406;0.8533725056052208;76.33333333333333;174723
backdoor;36;0.0001;4.4447892970508995;4.474646557078642;13.529411764705882;174742
normal;36;0.0001;2.202024321249199;0.8507390091816585;76.33333333333333;174742
backdoor;37;0.0001;4.463828490840064;4.498968303904814;13.529411764705882;174802
normal;37;0.0001;2.205332538955623;0.8478347213069598;76.33333333333333;174802
backdoor;38;0.0001;4.479154414600796;4.521218804752126;13.529411764705882;174821
normal;38;0.0001;2.2072853665089327;0.8452226782838503;76.66666666666667;174821
backdoor;39;0.0001;4.501709904935624;4.557911637250115;13.529411764705882;174840
normal;39;0.0001;2.21205737854221;0.8427536430954933;76.66666666666667;174840
backdoor;40;0.0001;4.52666230334176;4.5781199062571805;13.529411764705882;174859
normal;40;0.0001;2.2184254542614026;0.8412498062849045;76.66666666666667;174859
backdoor;41;0.0001;4.545241687032911;4.606045621984145;13.529411764705882;174919
normal;41;0.0001;2.2219800954418525;0.8397921320796012;76.66666666666667;174919
backdoor;42;0.0001;4.573708560731676;4.645057947495404;13.529411764705882;174938
normal;42;0.0001;2.2299474106569375;0.8380053915580113;76.66666666666667;174938
backdoor;43;0.0001;4.603654404481252;4.669439607508043;13.529411764705882;174957
normal;43;0.0001;2.2386372502272325;0.8367157493034999;76.33333333333333;174957
backdoor;44;0.0001;4.626046511862013;4.695468408921186;13.529411764705882;175017
normal;44;0.0001;2.244338438447033;0.8353492778539657;76.33333333333333;175017
backdoor;45;0.0001;4.647866778903537;4.720368194580078;13.529411764705882;175036
normal;45;0.0001;2.249950168299533;0.833663141131401;76.33333333333333;175036
backdoor;46;0.0001;4.669825070434147;4.744946087107939;13.529411764705882;175056
normal;46;0.0001;2.2557368203997616;0.8322881560524305;76.33333333333333;175056
backdoor;47;0.0001;4.6885613666640396;4.765779932807473;13.529411764705882;175115
normal;47;0.0001;2.2603470445832325;0.8306242404381434;76.33333333333333;175115
backdoor;48;0.0001;4.708981235822042;4.789593763912426;13.529411764705882;175134
normal;48;0.0001;2.26574289953957;0.8293135730425517;76.33333333333333;175134
backdoor;49;0.0001;4.727159778277079;4.8085542791029985;13.529411764705882;175154
normal;49;0.0001;2.27034701637569;0.8276289755105972;76.33333333333333;175154
backdoor;50;0.0001;4.743258721298642;4.829268040376551;13.529411764705882;175213
normal;50;0.0001;2.274190767313398;0.826049820582072;76.33333333333333;175213
backdoor;51;0.0001;4.759766287273831;4.8464831183938415;13.529411764705882;175232
normal;51;0.0001;2.278321581582228;0.8243560232718785;77.0;175232
backdoor;52;0.0001;4.773949616485171;4.863392549402573;13.529411764705882;175252
normal;52;0.0001;2.281592919579929;0.8226284535725912;77.33333333333333;175252
backdoor;53;0.0001;4.788567947016822;4.879361343383789;13.529411764705882;175311
normal;53;0.0001;2.285143076442182;0.8208359323938688;77.33333333333333;175311
backdoor;54;0.0001;4.801137864589691;4.895416349523208;13.529411764705882;175331
normal;54;0.0001;2.2879402399772686;0.8188876834511757;77.33333333333333;175331
backdoor;55;0.0001;4.81329165564643;4.907805027681238;13.529411764705882;175351
normal;55;0.0001;2.2906682181748605;0.8169645390907924;77.33333333333333;175351
backdoor;56;0.0001;4.823217398590512;4.91942055646111;13.529411764705882;175410
normal;56;0.0001;2.2925634942061843;0.8149367135763168;77.66666666666667;175410
backdoor;57;0.0001;4.83168821864658;4.929970146627987;12.941176470588236;175430
normal;57;0.0001;2.293962044375283;0.8126695714394252;77.66666666666667;175430
backdoor;58;0.0001;4.840757760736677;4.939295757518095;12.941176470588236;175449
normal;58;0.0001;2.295695941540457;0.8105026638507843;78.33333333333333;175449
backdoor;59;0.0001;4.846330444018046;4.94580623402315;12.941176470588236;175509
normal;59;0.0001;2.2960693311567106;0.8080769504110018;79.0;175509
backdoor;60;0.0001;4.852287504408094;4.952779365988339;12.941176470588236;175528
normal;60;0.0001;2.296688987962192;0.805702296346426;79.0;175528
backdoor;61;0.0001;4.856300916936663;4.95677541844985;12.941176470588236;175548
normal;61;0.0001;2.296590449377185;0.8030974895258745;79.0;175548
backdoor;62;0.0001;4.860167874230279;4.961020952112534;12.941176470588236;175607
normal;62;0.0001;2.2965106207966093;0.8005577990909417;79.33333333333333;175607
backdoor;63;0.0001;4.861793782975939;4.961943592744715;12.941176470588236;175626
normal;63;0.0001;2.2955890273941413;0.7977626119057337;79.33333333333333;175626
backdoor;64;0.0001;4.862037367290921;4.961995315551758;12.941176470588236;175645
normal;64;0.0001;2.2941416498451006;0.794907727787892;79.66666666666667;175645
backdoor;65;0.0001;4.862790087858835;4.962115074606503;12.941176470588236;175704
normal;65;0.0001;2.2929811666143083;0.7920176296432813;79.66666666666667;175704
backdoor;66;0.0001;4.86120409435696;4.959692988676183;12.941176470588236;175723
normal;66;0.0001;2.290917966559175;0.7889303650955359;79.66666666666667;175723
backdoor;67;0.0001;4.85896725124783;4.956733277264763;12.941176470588236;175742
normal;67;0.0001;2.288628108489017;0.78586302647988;79.66666666666667;175742
backdoor;68;0.0001;4.856819510459901;4.952922596650965;12.941176470588236;175802
normal;68;0.0001;2.2864298641326886;0.7827471285065015;80.0;175802
backdoor;69;0.0001;4.852268404430814;4.946928697473862;12.941176470588236;175821
normal;69;0.0001;2.28328771237284;0.7794526088734468;80.0;175821
backdoor;70;0.0001;4.847456653912862;4.9407722697538485;12.941176470588236;175840
normal;70;0.0001;2.280066461612781;0.776180539081494;80.0;175840
backdoor;71;0.0001;4.842391080326505;4.934030106488396;12.941176470588236;175859
normal;71;0.0001;2.276772882966768;0.7728496012091637;80.0;175859
backdoor;72;0.0001;4.8371743824746884;4.926735934089212;12.941176470588236;175919
normal;72;0.0001;2.2734391218760894;0.7695870021979014;80.33333333333333;175919
backdoor;73;0.0001;4.831860687997605;4.920161348230699;12.941176470588236;175938
normal;73;0.0001;2.270104349324746;0.7660494223237038;80.0;175938
backdoor;74;0.0001;4.826413565211825;4.911821971220129;12.941176470588236;175958
normal;74;0.0001;2.2667011285112015;0.762623630464077;79.66666666666667;175958
backdoor;75;0.0001;4.820644484625922;4.90915491440717;12.941176470588236;180017
normal;75;0.0001;2.263242173984292;0.758873260517915;79.66666666666667;180017
backdoor;76;0.0001;4.8216240008672075;4.908333879358628;12.941176470588236;180037
normal;76;0.0001;2.2623585101571826;0.7553354297578335;79.66666666666667;180037
backdoor;77;0.0001;4.820432603359222;4.908487521900851;12.941176470588236;180056
normal;77;0.0001;2.2605748825396104;0.7515133888026079;79.66666666666667;180056
backdoor;78;0.0001;4.818241404162514;4.904662300558651;12.352941176470589;180115
normal;78;0.0001;2.2584463200487552;0.7476796458661557;79.66666666666667;180115
backdoor;79;0.0001;4.81646548377143;4.900655073278091;12.352941176470589;180135
normal;79;0.0001;2.2565263879618476;0.7439868543545405;79.66666666666667;180135
backdoor;80;0.0001;4.8099375234709845;4.896571372537052;12.352941176470589;180154
normal;80;0.0001;2.2526867774625616;0.7397821875909965;79.66666666666667;180154
backdoor;81;0.0001;4.806932548681895;4.8916459251852595;12.352941176470589;180209
normal;81;0.0001;2.250355894189505;0.7359635165333748;80.0;180209
backdoor;82;0.0001;4.802535023954179;4.8845656002269076;11.764705882352942;180222
normal;82;0.0001;2.2474957575489367;0.7320759000877539;80.0;180222
backdoor;83;0.0001;4.798579401440089;4.878089927224552;11.764705882352942;180235
normal;83;0.0001;2.244898091114703;0.7282771716515223;80.0;180235
backdoor;84;0.0001;4.791996737321217;4.871014651130228;11.764705882352942;180248
normal;84;0.0001;2.2412071511415492;0.7243195939064025;79.66666666666667;180248
backdoor;85;0.0001;4.791537894142999;4.8657716414507695;11.764705882352942;180301
normal;85;0.0001;2.2400495840147845;0.7208200047910214;80.33333333333333;180301
backdoor;86;0.0001;4.787296149465773;4.859926762300379;11.764705882352942;180315
normal;86;0.0001;2.2373516252707866;0.7168896826108296;80.33333333333333;180315
backdoor;87;0.0001;4.784011662006378;4.852491244147806;11.764705882352942;180328
normal;87;0.0001;2.2350351939953508;0.7133875442544619;81.0;180328
backdoor;88;0.0001;4.784062392181821;4.847861301197725;11.176470588235293;180342
normal;88;0.0001;2.2340424237329333;0.7100054346521696;80.66666666666667;180342
backdoor;89;0.0001;4.780206865734525;4.840816430484547;11.176470588235293;180355
normal;89;0.0001;2.2314814494124473;0.7064229092995326;81.0;180355
backdoor;90;0.0001;4.777193850941129;4.835044614006491;11.176470588235293;180409
normal;90;0.0001;2.2291936736908697;0.7031645087401072;81.0;180409
backdoor;91;0.0001;4.777208818329704;4.828731581744026;10.588235294117647;180422
normal;91;0.0001;2.2281612928601957;0.7001442100604375;81.33333333333333;180422
backdoor;92;0.0001;4.774098747306399;4.820177998262293;10.588235294117647;180436
normal;92;0.0001;2.2258287802161205;0.6972256963451703;81.33333333333333;180436
backdoor;93;0.0001;4.77493111954795;4.818190855138442;10.588235294117647;180449
normal;93;0.0001;2.225029632582197;0.6946361318727334;82.0;180449
backdoor;94;0.0001;4.776428136560653;4.816833092184628;11.176470588235293;180502
normal;94;0.0001;2.22456349073244;0.6918543699880441;82.0;180502
backdoor;95;0.0001;4.78224798043569;4.814730700324564;11.176470588235293;180516
normal;95;0.0001;2.2258317449263165;0.6893010220925013;82.0;180516
backdoor;96;0.0001;4.783499134911431;4.812061399572036;11.176470588235293;180529
normal;96;0.0001;2.22515137236388;0.6867648024360339;82.0;180529
backdoor;97;0.0001;4.786852995554606;4.8116959291345935;11.176470588235293;180543
normal;97;0.0001;2.2253405747580386;0.6845086479683717;82.0;180543
backdoor;98;0.0001;4.791331708431243;4.814286602244658;11.176470588235293;180557
normal;98;0.0001;2.226014751541827;0.6823521727820238;82.0;180557
backdoor;99;0.0001;4.798163745138381;4.812411925371955;11.764705882352942;180610
normal;99;0.0001;2.2277305997198535;0.6807377028961976;82.33333333333333;180610
backdoor;100;0.0001;4.8003096448050595;4.8132181952981385;11.764705882352942;180623
normal;100;0.0001;2.2274627095265758;0.6792263619601726;82.66666666666667;180623
