#dataset: yale
#way backdoor looks like: beard
#merge strategy: aggregation
#learning rate: 0.0001
#number of benign sources: 8
#number of malicious sources: 2
#batch size: 16
#distribution of data: equally distributed subset
#percentage of poisoned data in backdoored nodes: 1.0
#order of time backdoors being inserted: no
#model replacement: False
#starttime: 182046
training_type;epoch_number;learn_rate;avg_training_loss;avg_test_loss;test_accuracy;timestamp
backdoor;1;0.0001;2.679172360897064;2.639561011574485;100.0;182108
normal;1;0.0001;3.375468856096268;2.699263521830241;6.666666666666667;182108
backdoor;2;0.0001;2.573757195472717;2.475001170418479;100.0;182134
normal;2;0.0001;3.3265655785799026;2.670985959370931;6.666666666666667;182134
backdoor;3;0.0001;2.3653659343719484;2.2595667839050293;92.72727272727273;182159
normal;3;0.0001;3.216514539718628;2.6039282925923666;12.666666666666666;182159
backdoor;4;0.0001;2.2007914423942565;2.2684352874755858;58.18181818181818;182227
normal;4;0.0001;3.043662002682686;2.458748315175374;19.666666666666668;182227
backdoor;5;0.0001;2.319552648067474;2.6389572490345348;14.090909090909092;182252
normal;5;0.0001;2.8201397374272346;2.206734561920166;35.333333333333336;182252
backdoor;6;0.0001;2.644408869743347;3.011503115567294;8.181818181818182;182318
normal;6;0.0001;2.548240375518799;1.903120288848877;48.666666666666664;182318
backdoor;7;0.0001;2.9073830962181093;3.3601112365722656;14.090909090909092;182344
normal;7;0.0001;2.238569165766239;1.6126282914479573;56.333333333333336;182344
backdoor;8;0.0001;3.3602654457092287;3.9042245518077503;11.818181818181818;182410
normal;8;0.0001;2.021910575777292;1.3846197080612184;61.0;182410
backdoor;9;0.0001;3.830079138278961;4.341130343350497;12.272727272727273;182435
normal;9;0.0001;1.8979779869318008;1.2355250151952109;62.0;182435
backdoor;10;0.0001;4.269987714290619;4.703655607050115;12.272727272727273;182502
normal;10;0.0001;1.843254091963172;1.1354859105745951;65.33333333333333;182502
backdoor;11;0.0001;4.609805834293366;4.965142631530762;12.272727272727273;182527
normal;11;0.0001;1.814206090569496;1.0649837779998779;66.33333333333333;182527
backdoor;12;0.0001;4.867473149299622;5.133377387306907;13.181818181818182;182552
normal;12;0.0001;1.7973937667906283;1.0145680272579194;67.0;182552
backdoor;13;0.0001;5.057670545578003;5.265571784973145;13.181818181818182;182617
normal;13;0.0001;1.7841545552015305;0.975402623017629;68.0;182617
backdoor;14;0.0001;5.201758599281311;5.375284749811346;13.636363636363637;182643
normal;14;0.0001;1.7727435564622283;0.9443576395511627;69.0;182643
backdoor;15;0.0001;5.321436023712158;5.45324259671298;13.636363636363637;182709
normal;15;0.0001;1.7641649141907692;0.9188063406944275;71.33333333333333;182709
backdoor;16;0.0001;5.425134611129761;5.539092670787465;13.636363636363637;182736
normal;16;0.0001;1.7580108925700189;0.8976771672566731;72.33333333333333;182736
backdoor;17;0.0001;5.516957712173462;5.608247167413885;13.636363636363637;182801
normal;17;0.0001;1.753470505401492;0.8794242719809214;73.0;182801
backdoor;18;0.0001;5.601762795448304;5.6802327069369225;13.636363636363637;182825
normal;18;0.0001;1.7508524258621037;0.8644289489587148;74.33333333333333;182825
backdoor;19;0.0001;5.679970860481262;5.747909476540306;13.636363636363637;182851
normal;19;0.0001;1.7493066648952662;0.8511606911818187;76.33333333333333;182851
backdoor;20;0.0001;5.755845642089843;5.8159609361128375;13.636363636363637;182916
normal;20;0.0001;1.7494210643693804;0.8402397861083348;76.33333333333333;182916
backdoor;21;0.0001;5.8260022640228275;5.879282223094593;13.636363636363637;182939
normal;21;0.0001;1.7500225643627345;0.8308552742004395;76.66666666666667;182939
backdoor;22;0.0001;5.896330237388611;5.946384360573509;14.090909090909092;183003
normal;22;0.0001;1.7521365997381508;0.8230161058902741;76.66666666666667;183003
backdoor;23;0.0001;5.9607422828674315;6.0086450923572885;13.181818181818182;183027
normal;23;0.0001;1.7541259905323385;0.8163715881109238;76.66666666666667;183027
backdoor;24;0.0001;6.020533347129822;6.064778969504617;13.181818181818182;183052
normal;24;0.0001;1.7560046205297113;0.8104681865374247;76.66666666666667;183052
backdoor;25;0.0001;6.069408226013183;6.110794518210671;13.181818181818182;183117
normal;25;0.0001;1.7558086852543056;0.8043465148409208;76.66666666666667;183117
backdoor;26;0.0001;6.152271795272827;6.200861011851917;13.181818181818182;183141
normal;26;0.0001;1.7647775342222303;0.8018236912290255;77.33333333333333;183141
backdoor;27;0.0001;6.201941585540771;6.260556983947754;13.181818181818182;183205
normal;27;0.0001;1.7676395590417087;0.7986995713909467;77.66666666666667;183205
backdoor;28;0.0001;6.2642851114273075;6.316026618263939;13.181818181818182;183230
normal;28;0.0001;1.774099399521947;0.7975144511461258;77.66666666666667;183230
backdoor;29;0.0001;6.326891660690308;6.381578913601962;13.181818181818182;183254
normal;29;0.0001;1.7809856611769646;0.7961881425976753;78.0;183254
backdoor;30;0.0001;6.37763032913208;6.437933592362837;13.181818181818182;183318
normal;30;0.0001;1.7857855250593275;0.7953703906138738;78.0;183318
backdoor;31;0.0001;6.43301215171814;6.495435021140358;13.181818181818182;183341
normal;31;0.0001;1.7922381068579853;0.7953327359755834;78.0;183341
backdoor;32;0.0001;6.4820822954177855;6.547004734386097;12.727272727272727;183405
normal;32;0.0001;1.7975696271751076;0.7953034538030624;78.66666666666667;183405
backdoor;33;0.0001;6.53129472732544;6.600500592318448;13.181818181818182;183429
normal;33;0.0001;1.8033740861341356;0.7957083334525427;78.66666666666667;183429
backdoor;34;0.0001;6.576068949699402;6.649781816655939;13.181818181818182;183453
normal;34;0.0001;1.8085262307431549;0.7963236072659492;79.0;183453
backdoor;35;0.0001;6.61977915763855;6.697802352905273;13.181818181818182;183517
normal;35;0.0001;1.8137895022518933;0.7971873490015665;79.0;183517
backdoor;36;0.0001;6.6614590883255005;6.744831085205078;13.181818181818182;183542
normal;36;0.0001;1.8188612076919526;0.7981133796771367;79.0;183542
backdoor;37;0.0001;6.7024112939834595;6.791276793046431;13.181818181818182;183611
normal;37;0.0001;1.8240721797570587;0.7992166341344515;79.33333333333333;183611
backdoor;38;0.0001;6.738727569580078;6.830725340409712;14.545454545454545;183635
normal;38;0.0001;1.828445407282561;0.800392702370882;79.33333333333333;183635
backdoor;39;0.0001;6.775148916244507;6.87410717010498;14.545454545454545;183700
normal;39;0.0001;1.8330900535453112;0.8016399498283863;79.33333333333333;183700
backdoor;40;0.0001;6.807104563713073;6.910870881514116;14.545454545454545;183724
normal;40;0.0001;1.8368896178668366;0.8028600066900253;79.33333333333333;183724
backdoor;41;0.0001;6.839317989349365;6.947964650934392;14.545454545454545;183749
normal;41;0.0001;1.8409861492924393;0.804246305723985;79.66666666666667;183749
backdoor;42;0.0001;6.868170833587646;6.981135385686701;14.545454545454545;183813
normal;42;0.0001;1.8444530748762191;0.8055566954116027;79.66666666666667;183813
backdoor;43;0.0001;6.8977010488510135;7.017381980202415;14.545454545454545;183837
normal;43;0.0001;1.8482956916559488;0.8069246817628543;79.66666666666667;183837
backdoor;44;0.0001;6.922950673103332;7.046451117775657;14.545454545454545;183901
normal;44;0.0001;1.8512723824009298;0.80822634841005;80.0;183901
backdoor;45;0.0001;6.9480689525604244;7.0781801397150215;14.545454545454545;183926
normal;45;0.0001;1.8543884127633645;0.8095676965514819;80.33333333333333;183926
backdoor;46;0.0001;6.970063924789429;7.105330970070579;14.545454545454545;183954
normal;46;0.0001;1.8568896386772393;0.8107934472958247;80.33333333333333;183954
backdoor;47;0.0001;6.992410349845886;7.132042000510475;14.545454545454545;184018
normal;47;0.0001;1.8596393053187057;0.8121633214255174;80.33333333333333;184018
backdoor;48;0.0001;7.011797142028809;7.156045826998624;15.0;184043
normal;48;0.0001;1.8617888124892488;0.8133979804813862;80.33333333333333;184043
backdoor;49;0.0001;7.029850125312805;7.178248110684481;15.0;184109
normal;49;0.0001;1.863761863624677;0.814679075901707;80.33333333333333;184109
backdoor;50;0.0001;7.04827184677124;7.201089130748402;15.0;184133
normal;50;0.0001;1.8659302117070182;0.8158646433303753;80.33333333333333;184133
backdoor;51;0.0001;7.064083409309387;7.2218355699018995;15.0;184157
normal;51;0.0001;1.8675851150648668;0.8170307097832362;80.33333333333333;184157
backdoor;52;0.0001;7.079566192626953;7.241060569069602;15.0;184221
normal;52;0.0001;1.8692732002353296;0.8182164536913236;80.0;184221
backdoor;53;0.0001;7.095073795318603;7.260379895296964;15.0;184246
normal;53;0.0001;1.8710516235558317;0.8194373308370511;80.33333333333333;184246
backdoor;54;0.0001;7.108423662185669;7.277530930259011;15.0;184310
normal;54;0.0001;1.8724053202196955;0.8205258528888225;80.33333333333333;184310
backdoor;55;0.0001;7.121051168441772;7.295555843006481;15.0;184335
normal;55;0.0001;1.8736628490965814;0.821582284818093;81.0;184335
backdoor;56;0.0001;7.134892010688782;7.31087251143022;15.0;184400
normal;56;0.0001;1.8753101006615907;0.8226569239795208;81.33333333333333;184400
backdoor;57;0.0001;7.145546317100525;7.326220633766868;15.0;184426
normal;57;0.0001;1.8762380613712595;0.8235508306324482;81.0;184426
backdoor;58;0.0001;7.157347822189331;7.339729274402965;15.0;184452
normal;58;0.0001;1.8775521837407723;0.8245373040437698;81.0;184452
backdoor;59;0.0001;7.168029689788819;7.353466103293679;15.0;184516
normal;59;0.0001;1.878632065677084;0.8254621964941422;81.0;184516
backdoor;60;0.0001;7.178009653091431;7.366348925503817;15.0;184540
normal;60;0.0001;1.879625152447261;0.8262829565008482;80.66666666666667;184540
backdoor;61;0.0001;7.18889102935791;7.380007310347124;15.0;184605
normal;61;0.0001;1.8808831879403443;0.8271950709323088;80.66666666666667;184605
backdoor;62;0.0001;7.197361326217651;7.389398470791903;15.0;184630
normal;62;0.0001;1.881622445071116;0.8279760677615802;80.66666666666667;184630
backdoor;63;0.0001;7.206350326538086;7.4002772591330785;15.0;184655
normal;63;0.0001;1.882544058188796;0.8287163446843624;80.66666666666667;184655
backdoor;64;0.0001;7.215684008598328;7.4120341907848015;15.0;184721
normal;64;0.0001;1.883600968378596;0.82942602917552;80.66666666666667;184721
backdoor;65;0.0001;7.225837850570679;7.422673693570224;15.0;184745
normal;65;0.0001;1.884916288824752;0.8301722847173612;80.66666666666667;184745
backdoor;66;0.0001;7.234866333007813;7.431450479680842;15.0;184810
normal;66;0.0001;1.88599192291731;0.8307800061255693;80.66666666666667;184810
backdoor;67;0.0001;7.241551446914673;7.442444229125977;15.0;184835
normal;67;0.0001;1.8865354881971144;0.8311777353783448;81.0;184835
backdoor;68;0.0001;7.249715089797974;7.4487844987349074;15.0;184900
normal;68;0.0001;1.8875085365725681;0.8317882321526607;81.0;184900
backdoor;69;0.0001;7.2579309940338135;7.4570450175892224;14.545454545454545;184926
normal;69;0.0001;1.8885209283209405;0.8322540543600917;81.0;184926
backdoor;70;0.0001;7.263889932632447;7.46375846862793;14.545454545454545;184951
normal;70;0.0001;1.8890161133836956;0.8326392773911357;81.0;184951
backdoor;71;0.0001;7.27098445892334;7.472098367864436;14.545454545454545;185016
normal;71;0.0001;1.8898385379114189;0.8330005259190997;81.0;185016
backdoor;72;0.0001;7.279828071594238;7.477363829179244;14.545454545454545;185044
normal;72;0.0001;1.8911295520840212;0.8334857260187467;81.0;185044
backdoor;73;0.0001;7.283649158477783;7.483401697332209;14.545454545454545;185107
normal;73;0.0001;1.891207886231132;0.8336135731264949;81.0;185107
backdoor;74;0.0001;7.291639876365662;7.487812631780451;14.545454545454545;185132
normal;74;0.0001;1.8923708802787587;0.8339889857421319;81.0;185132
backdoor;75;0.0001;7.29658453464508;7.490875105424361;14.545454545454545;185157
normal;75;0.0001;1.8927811381290667;0.8341352880870303;81.0;185157
backdoor;76;0.0001;7.30161600112915;7.496656348488548;14.545454545454545;185222
normal;76;0.0001;1.8932628659415058;0.8342387420808276;81.0;185222
backdoor;77;0.0001;7.307221865653991;7.4980838428844105;14.545454545454545;185255
normal;77;0.0001;1.893908121495042;0.8343398973718286;81.0;185255
backdoor;78;0.0001;7.310423135757446;7.5011105277321555;14.545454545454545;185320
normal;78;0.0001;1.893992052169051;0.8343324833984176;81.0;185320
backdoor;79;0.0001;7.317510557174683;7.503322809392755;14.545454545454545;185346
normal;79;0.0001;1.895067777018994;0.8345036207263669;81.0;185346
backdoor;80;0.0001;7.32024929523468;7.503506781838157;14.545454545454545;185413
normal;80;0.0001;1.8950793960015289;0.834500616962711;81.0;185413
backdoor;81;0.0001;7.324521446228028;7.50618202903054;14.090909090909092;185439
normal;81;0.0001;1.8955020933877678;0.8345265357320507;80.66666666666667;185439
backdoor;82;0.0001;7.327842569351196;7.504444087635387;14.545454545454545;185505
normal;82;0.0001;1.895708664425183;0.8345757629846533;80.66666666666667;185505
backdoor;83;0.0001;7.330349016189575;7.504356661709872;14.545454545454545;185531
normal;83;0.0001;1.8957344494760036;0.8345409196615219;80.66666666666667;185531
backdoor;84;0.0001;7.332435083389282;7.500644926591353;14.545454545454545;185557
normal;84;0.0001;1.895688886649441;0.8344947015866637;80.66666666666667;185557
backdoor;85;0.0001;7.332325005531311;7.499102471091531;14.545454545454545;185623
normal;85;0.0001;1.8951031627249904;0.8343451429158449;80.66666666666667;185623
backdoor;86;0.0001;7.3342842817306515;7.4954919294877485;14.090909090909092;185650
normal;86;0.0001;1.895055606670212;0.8343612744038303;80.66666666666667;185650
backdoor;87;0.0001;7.335606074333191;7.492158855091442;14.090909090909092;185716
normal;87;0.0001;1.8948604343575426;0.8343457057078679;80.66666666666667;185716
backdoor;88;0.0001;7.332731795310974;7.4871007052334875;14.090909090909092;185742
normal;88;0.0001;1.8936522699776106;0.8341563001399239;80.33333333333333;185742
backdoor;89;0.0001;7.333502531051636;7.48115761496804;14.090909090909092;185808
normal;89;0.0001;1.893367942783516;0.8341943221663435;80.33333333333333;185808
backdoor;90;0.0001;7.330334401130676;7.474075508117676;14.090909090909092;185832
normal;90;0.0001;1.8921160093857907;0.8340597740933299;80.33333333333333;185832
backdoor;91;0.0001;7.329047107696534;7.467791678688743;14.090909090909092;185857
normal;91;0.0001;1.8913501426577568;0.8340020792434613;80.33333333333333;185857
backdoor;92;0.0001;7.326005530357361;7.4594002810391515;13.636363636363637;185922
normal;92;0.0001;1.8901615160168148;0.8339339509233832;80.33333333333333;185922
backdoor;93;0.0001;7.322475886344909;7.4502847151322795;13.636363636363637;185947
normal;93;0.0001;1.888862729165703;0.8339376355583469;80.33333333333333;185947
backdoor;94;0.0001;7.315937471389771;7.4420224970037285;13.181818181818182;190013
normal;94;0.0001;1.8868398240651003;0.8337242919765413;80.33333333333333;190013
backdoor;95;0.0001;7.315430045127869;7.432404015280984;13.181818181818182;190036
normal;95;0.0001;1.886339572200086;0.8339333643081287;80.33333333333333;190036
backdoor;96;0.0001;7.305806422233582;7.4203085812655365;13.181818181818182;190101
normal;96;0.0001;1.8835611285059712;0.8336878659576178;80.0;190101
backdoor;97;0.0001;7.302371311187744;7.4094325325705785;13.181818181818182;190125
normal;97;0.0001;1.882355153944809;0.8337376306268076;80.0;190125
backdoor;98;0.0001;7.291337275505066;7.397188533436168;12.727272727272727;190149
normal;98;0.0001;1.87925350345904;0.8334812856713931;80.0;190149
backdoor;99;0.0001;7.287370944023133;7.3836418151855465;12.727272727272727;190214
normal;99;0.0001;1.8779542716336437;0.8336108385274807;80.0;190214
backdoor;100;0.0001;7.276999139785767;7.369435570456765;12.727272727272727;190239
normal;100;0.0001;1.8750559876672923;0.8334708000843724;80.0;190239
