#dataset: yale
#way backdoor looks like: beard
#merge strategy: aggregation
#learning rate: 0.0001
#number of benign sources: 9
#number of malicious sources: 1
#batch size: 16
#distribution of data: equally distributed subset
#percentage of poisoned data in backdoored nodes: 0.5
#order of time backdoors being inserted: no
#model replacement: True
#starttime: 142724
training_type;epoch_number;learn_rate;avg_training_loss;avg_test_loss;test_accuracy;timestamp
backdoor;1;0.0001;2.73137167096138;2.724253273010254;0.0;142740
normal;1;0.0001;2.703997522592545;2.697401428222656;10.666666666666666;142740
backdoor;2;0.0001;2.6380490958690643;2.496321660822088;7.2727272727272725;142802
normal;2;0.0001;2.6853627661863966;2.678344554901123;12.0;142802
backdoor;3;0.0001;2.43305042386055;1.9556697065179998;79.54545454545455;142823
normal;3;0.0001;2.653503123256895;2.6791373443603517;15.0;142823
backdoor;4;0.0001;2.184091717004776;1.554354867068204;94.0909090909091;142845
normal;4;0.0001;2.6006488137774997;2.635353444417318;11.0;142845
backdoor;5;0.0001;2.0127048939466476;1.4899014472961425;86.81818181818181;142906
normal;5;0.0001;2.442247258292304;2.448109270731608;14.666666666666666;142906
backdoor;6;0.0001;1.8614502400159836;1.6622732595963912;59.54545454545455;142927
normal;6;0.0001;2.1286326812373266;2.116447614034017;34.333333333333336;142927
backdoor;7;0.0001;1.6766445338726044;1.8612238363786178;35.45454545454545;142950
normal;7;0.0001;1.699776714046796;1.7865940348307292;45.666666666666664;142950
backdoor;8;0.0001;1.4488731250166893;1.8307664351029829;34.54545454545455;143011
normal;8;0.0001;1.32513786935144;1.5899132537841796;51.666666666666664;143011
backdoor;9;0.0001;1.3645424880087376;2.019883719357577;31.363636363636363;143033
normal;9;0.0001;1.068600195977423;1.4075110681851706;57.666666666666664;143033
backdoor;10;0.0001;1.2392896972596645;1.9510789090936833;31.818181818181817;143054
normal;10;0.0001;0.9002263359725475;1.3507084592183431;57.666666666666664;143054
backdoor;11;0.0001;1.1765622831881046;1.951464791731401;32.27272727272727;143116
normal;11;0.0001;0.8170628928475909;1.2993201470375062;59.0;143116
backdoor;12;0.0001;1.102572651579976;1.8923105066472834;33.63636363636363;143137
normal;12;0.0001;0.7594044042958155;1.2554560883839925;60.0;143137
backdoor;13;0.0001;1.052099097520113;1.8471237962896174;34.54545454545455;143158
normal;13;0.0001;0.7176427704592545;1.2247599347432454;61.0;143158
backdoor;14;0.0001;1.0096225664019585;1.8081489736383611;35.45454545454545;143220
normal;14;0.0001;0.6866119226647747;1.192483626206716;61.333333333333336;143220
backdoor;15;0.0001;0.9755609314888716;1.7750808715820312;35.90909090909091;143241
normal;15;0.0001;0.6591860887904962;1.1687064083417256;62.333333333333336;143241
backdoor;16;0.0001;0.9483972396701574;1.7510540702126243;35.90909090909091;143303
normal;16;0.0001;0.6378830574038956;1.1482782649993897;62.666666666666664;143303
backdoor;17;0.0001;0.9222692977637053;1.7271936763416638;36.36363636363637;143324
normal;17;0.0001;0.6191233340650797;1.1291839289665222;63.0;143324
backdoor;18;0.0001;0.9036100767552853;1.7147538835352116;36.36363636363637;143346
normal;18;0.0001;0.6028708991491132;1.1132464369138082;63.0;143346
backdoor;19;0.0001;0.8845317922532558;1.6997911973433062;37.27272727272727;143409
normal;19;0.0001;0.5881802938464615;1.098596714337667;63.666666666666664;143409
backdoor;20;0.0001;0.8685120139271021;1.6837726766412908;38.18181818181818;143431
normal;20;0.0001;0.5754667164550887;1.0859606099128722;64.0;143431
backdoor;21;0.0001;0.8541057761758566;1.6783347043124113;38.18181818181818;143453
normal;21;0.0001;0.5648024053209358;1.0712485607465108;64.66666666666667;143453
backdoor;22;0.0001;0.8400226905941963;1.6667715159329501;38.63636363636363;143516
normal;22;0.0001;0.5535726946675115;1.058191009759903;65.33333333333333;143516
backdoor;23;0.0001;0.8278254624456167;1.6572894963351164;37.72727272727273;143539
normal;23;0.0001;0.5432632824199067;1.0462008062998454;66.33333333333333;143539
backdoor;24;0.0001;0.8164251148700714;1.6473139849576084;37.72727272727273;143602
normal;24;0.0001;0.5336520363473229;1.0352478325366974;68.33333333333333;143602
backdoor;25;0.0001;0.8037859443575144;1.6332229180769486;37.72727272727273;143625
normal;25;0.0001;0.5256364707731538;1.0253709801038107;68.66666666666667;143625
backdoor;26;0.0001;0.7957474179565907;1.6273669416254217;38.63636363636363;143648
normal;26;0.0001;0.5179748996678325;1.0144718853632608;69.0;143648
backdoor;27;0.0001;0.7859001168981194;1.6152020584453235;40.0;143711
normal;27;0.0001;0.5107934023771021;1.0065155267715453;69.66666666666667;143711
backdoor;28;0.0001;0.7786950757727027;1.6087776964361018;40.45454545454545;143734
normal;28;0.0001;0.5041088468084732;0.9970652945836385;70.0;143734
backdoor;29;0.0001;0.7703614877536893;1.5990235025232489;40.90909090909091;143758
normal;29;0.0001;0.4975127492927842;0.9891119996706644;70.0;143758
backdoor;30;0.0001;0.7638295730575919;1.593078006397594;40.90909090909091;143821
normal;30;0.0001;0.49130772840645576;0.9808304703235626;70.66666666666667;143821
backdoor;31;0.0001;0.7553062988445163;1.5829409079118208;40.90909090909091;143844
normal;31;0.0001;0.48533959914412755;0.9738102543354035;71.0;143844
backdoor;32;0.0001;0.7494218684732914;1.5774471109563655;40.90909090909091;143907
normal;32;0.0001;0.47934151792691815;0.965841666062673;71.66666666666667;143907
backdoor;33;0.0001;0.7429354758933187;1.5713989994742654;41.36363636363637;143930
normal;33;0.0001;0.47347194535864723;0.959307355483373;71.66666666666667;143930
backdoor;34;0.0001;0.7349276291206479;1.5633772546594793;41.81818181818182;143952
normal;34;0.0001;0.46778683240214985;0.9525149309635162;72.0;143952
backdoor;35;0.0001;0.7294869441539049;1.5609486146406695;42.72727272727273;144015
normal;35;0.0001;0.4619773816731241;0.9446337819099426;71.66666666666667;144015
backdoor;36;0.0001;0.7199741443619132;1.5522797931324352;43.18181818181818;144037
normal;36;0.0001;0.4561160960131221;0.9380133652687073;71.66666666666667;144037
backdoor;37;0.0001;0.7127161072567105;1.548273329301314;43.18181818181818;144100
normal;37;0.0001;0.4503893601811594;0.9301169323921203;71.33333333333333;144100
backdoor;38;0.0001;0.7039848947897553;1.5415108984166925;43.18181818181818;144123
normal;38;0.0001;0.44437138405111104;0.9234834245840708;71.33333333333333;144123
backdoor;39;0.0001;0.6946814302355051;1.5346641237085517;43.63636363636363;144146
normal;39;0.0001;0.4387410074058506;0.9158850693702698;71.66666666666667;144146
backdoor;40;0.0001;0.6856905808672309;1.5280609477650036;43.63636363636363;144209
normal;40;0.0001;0.43301277959512346;0.9086706161499023;71.66666666666667;144209
backdoor;41;0.0001;0.6753826551139355;1.5173171476884322;44.09090909090909;144231
normal;41;0.0001;0.42753300960693097;0.9014008438587189;72.33333333333333;144231
backdoor;42;0.0001;0.667315224185586;1.5116119991649282;43.63636363636363;144254
normal;42;0.0001;0.4221219099644158;0.8930318558216095;72.33333333333333;144254
backdoor;43;0.0001;0.6570262731984258;1.501156117699363;44.09090909090909;144317
normal;43;0.0001;0.41672246530652046;0.8860434472560883;72.66666666666667;144317
backdoor;44;0.0001;0.6456826319918036;1.4926023613322865;44.54545454545455;144339
normal;44;0.0001;0.4118736669835117;0.8784201622009278;72.66666666666667;144339
backdoor;45;0.0001;0.6362386541441083;1.4879001834175802;45.0;144402
normal;45;0.0001;0.40703201128376854;0.8702172692616781;72.66666666666667;144402
backdoor;46;0.0001;0.6265670359134674;1.4789892240004106;45.0;144424
normal;46;0.0001;0.4022052070746819;0.8639790185292562;72.66666666666667;144424
backdoor;47;0.0001;0.6182828219607472;1.4756519577719949;45.0;144447
normal;47;0.0001;0.3977251679946979;0.8559952425956726;72.66666666666667;144447
backdoor;48;0.0001;0.608503196388483;1.4684003439816562;44.09090909090909;144510
normal;48;0.0001;0.39298193198111325;0.8491602659225463;73.0;144510
backdoor;49;0.0001;0.5980630973353982;1.4620817184448243;44.54545454545455;144534
normal;49;0.0001;0.3883293598062462;0.8412808060646058;73.33333333333333;144534
backdoor;50;0.0001;0.5896975807845592;1.4574447545138272;45.0;144557
normal;50;0.0001;0.3831402584910392;0.8337969366709391;73.33333333333333;144557
backdoor;51;0.0001;0.5773077392950654;1.4528271631761032;45.0;144619
normal;51;0.0001;0.37824465779380667;0.8254842034975688;73.33333333333333;144619
backdoor;52;0.0001;0.5647827982902527;1.444229862906716;45.90909090909091;144642
normal;52;0.0001;0.3729838216677308;0.8179246068000794;74.0;144642
backdoor;53;0.0001;0.5596254682168365;1.4456805792721834;47.27272727272727;144706
normal;53;0.0001;0.36711375653329825;0.8087060940265656;74.0;144706
backdoor;54;0.0001;0.5414406899362803;1.4291752858595415;47.27272727272727;144733
normal;54;0.0001;0.36264408679885995;0.8023278812567393;74.0;144733
backdoor;55;0.0001;0.5406251978129148;1.4367827415466308;46.36363636363637;144806
normal;55;0.0001;0.35651708456377185;0.791544357140859;74.0;144806
backdoor;56;0.0001;0.5182992136105895;1.4147004907781429;47.72727272727273;144833
normal;56;0.0001;0.35256433869815534;0.7848324759801228;74.33333333333333;144833
backdoor;57;0.0001;0.518423764500767;1.4210337205366654;46.81818181818182;144903
normal;57;0.0001;0.34606932786603767;0.7744496703147888;74.66666666666667;144903
backdoor;58;0.0001;0.4974743025377393;1.4015508391640403;48.18181818181818;144928
normal;58;0.0001;0.3426937844811214;0.7678702175617218;74.66666666666667;144928
backdoor;59;0.0001;0.4977444759570062;1.4043276960199529;48.18181818181818;144955
normal;59;0.0001;0.33584537771013045;0.7582899244626363;75.0;144955
backdoor;60;0.0001;0.4805883625522256;1.3939953587271952;48.63636363636363;145022
normal;60;0.0001;0.33291245448506546;0.7509381643931071;75.0;145022
backdoor;61;0.0001;0.4751418847590685;1.3912538615140049;49.54545454545455;145057
normal;61;0.0001;0.3264973453349537;0.7427321795622508;75.66666666666667;145057
backdoor;62;0.0001;0.45850605610758066;1.3829327149824662;50.90909090909091;145129
normal;62;0.0001;0.32320307484931415;0.7347076125939687;75.66666666666667;145129
backdoor;63;0.0001;0.4583725854754448;1.3797420328313654;50.90909090909091;145203
normal;63;0.0001;0.31637639997320044;0.7279312169551849;75.66666666666667;145203
backdoor;64;0.0001;0.444639437366277;1.3716741345145487;50.90909090909091;145234
normal;64;0.0001;0.3137975223362446;0.7219104301929474;75.66666666666667;145234
backdoor;65;0.0001;0.43956435238942504;1.3680634238503195;50.90909090909091;145306
normal;65;0.0001;0.3081625289180213;0.7147642056147258;75.66666666666667;145306
backdoor;66;0.0001;0.4291155533865094;1.366235806725242;50.90909090909091;145339
normal;66;0.0001;0.30506153787589735;0.7082454133033752;75.66666666666667;145339
backdoor;67;0.0001;0.41963158547878265;1.3593112642114813;51.81818181818182;145411
normal;67;0.0001;0.2996740341186524;0.7026889582475027;76.0;145411
backdoor;68;0.0001;0.4143528756685555;1.358283537084406;51.81818181818182;145443
normal;68;0.0001;0.2960950890555978;0.6971131759881973;76.0;145443
backdoor;69;0.0001;0.4109231634065509;1.3599751169031316;53.18181818181818;145516
normal;69;0.0001;0.29170821079363424;0.6920341547330221;76.33333333333333;145516
backdoor;70;0.0001;0.4016451700590551;1.3578315951607445;53.63636363636363;145547
normal;70;0.0001;0.2884665562046899;0.6870979557434718;76.33333333333333;145547
backdoor;71;0.0001;0.395911674015224;1.3571622501720082;53.63636363636363;145618
normal;71;0.0001;0.2846713200625446;0.6827411572138469;76.33333333333333;145618
backdoor;72;0.0001;0.3905770997516811;1.3589764053171332;53.18181818181818;145649
normal;72;0.0001;0.2813380632756485;0.6796660419305166;76.33333333333333;145649
backdoor;73;0.0001;0.3852768400683999;1.35735446323048;53.18181818181818;145721
normal;73;0.0001;0.277607766393986;0.6767381666103999;76.66666666666667;145721
backdoor;74;0.0001;0.3818726995959878;1.3648902589624579;52.72727272727273;145753
normal;74;0.0001;0.27429767449696857;0.6730538602670034;77.0;145753
backdoor;75;0.0001;0.374276636634022;1.368847045031461;52.27272727272727;145825
normal;75;0.0001;0.27077822739051444;0.6688579072554907;77.33333333333333;145825
backdoor;76;0.0001;0.36726749688386917;1.3679956912994384;53.18181818181818;145858
normal;76;0.0001;0.26660303140266073;0.6652628664175669;77.66666666666667;145858
backdoor;77;0.0001;0.36295580584555864;1.3752874331040816;53.18181818181818;145930
normal;77;0.0001;0.26284236926585436;0.6616783912976583;77.33333333333333;145930
backdoor;78;0.0001;0.35562106873840094;1.3813192714344371;53.18181818181818;150001
normal;78;0.0001;0.2595002944063809;0.6587291181087493;78.0;150001
backdoor;79;0.0001;0.34993556421250105;1.385232977433638;53.18181818181818;150031
normal;79;0.0001;0.2553502759999699;0.6566134615739186;77.66666666666667;150031
backdoor;80;0.0001;0.3458665320649743;1.3960912227630615;53.18181818181818;150102
normal;80;0.0001;0.2520019362370173;0.6535230320692063;77.33333333333333;150102
backdoor;81;0.0001;0.33642366994172335;1.404196565801447;52.72727272727273;150133
normal;81;0.0001;0.2489620493724942;0.6495897509654363;77.66666666666667;150133
backdoor;82;0.0001;0.33100094459950924;1.4033322290940717;52.72727272727273;150205
normal;82;0.0001;0.2446340560499165;0.6476657048861185;77.66666666666667;150205
backdoor;83;0.0001;0.3343215608038008;1.4151548559015448;53.63636363636363;150237
normal;83;0.0001;0.24071005028155115;0.6461707778771718;78.33333333333333;150237
backdoor;84;0.0001;0.32141767907887697;1.4326992641795766;52.27272727272727;150307
normal;84;0.0001;0.23950677478892934;0.6408757704496384;78.33333333333333;150307
backdoor;85;0.0001;0.31377330515533686;1.426958638971502;53.18181818181818;150337
normal;85;0.0001;0.23437395743611786;0.6413311682144801;78.0;150337
backdoor;86;0.0001;0.31527378549799323;1.4365553682500667;53.63636363636363;150408
normal;86;0.0001;0.23097776890628866;0.6393084851900737;78.33333333333333;150408
backdoor;87;0.0001;0.3092840500175953;1.455889857899059;53.18181818181818;150439
normal;87;0.0001;0.22853637310779756;0.6357257882754008;78.33333333333333;150439
backdoor;88;0.0001;0.300570375751704;1.4636037436398592;52.72727272727273;150506
normal;88;0.0001;0.22455624620326692;0.6341092610359191;77.66666666666667;150506
backdoor;89;0.0001;0.29696212941780686;1.4672502647746692;53.18181818181818;150530
normal;89;0.0001;0.22043117999823558;0.6318989990154902;78.0;150530
backdoor;90;0.0001;0.29116156697273254;1.4817205992611973;52.72727272727273;150555
normal;90;0.0001;0.21753181744780806;0.6280739122629165;78.0;150555
backdoor;91;0.0001;0.2857570955529809;1.4904951659115877;53.18181818181818;150618
normal;91;0.0001;0.21329648684089383;0.6269866997003555;77.66666666666667;150618
backdoor;92;0.0001;0.27992108184844255;1.4991621580990877;54.09090909090909;150641
normal;92;0.0001;0.20999991205624405;0.6246735874811808;77.33333333333333;150641
backdoor;93;0.0001;0.2759349658153951;1.5100120067596436;54.09090909090909;150704
normal;93;0.0001;0.2058872995484206;0.6231729006767273;77.33333333333333;150704
backdoor;94;0.0001;0.26964177703484893;1.5242358511144465;54.09090909090909;150727
normal;94;0.0001;0.20286620170291927;0.619765213727951;77.66666666666667;150727
backdoor;95;0.0001;0.2640572558157146;1.5291912512345747;53.63636363636363;150751
normal;95;0.0001;0.19849326316681173;0.6179082367817561;78.0;150751
backdoor;96;0.0001;0.26034280518069863;1.5410380666906183;53.63636363636363;150815
normal;96;0.0001;0.19506799315826762;0.6166467307011286;78.0;150815
backdoor;97;0.0001;0.25422739307396114;1.557147758657282;52.72727272727273;150838
normal;97;0.0001;0.19203355556560886;0.613793751001358;78.0;150838
backdoor;98;0.0001;0.24863585061393678;1.5651402646845036;52.27272727272727;150902
normal;98;0.0001;0.1881560813118186;0.6130048151810964;78.0;150902
backdoor;99;0.0001;0.245677653234452;1.577858205275102;51.81818181818182;150927
normal;99;0.0001;0.18437936545039216;0.6115011994043986;78.0;150927
backdoor;100;0.0001;0.24011753872036934;1.5985911629416727;51.81818181818182;150951
normal;100;0.0001;0.18159890402522352;0.6077586011091868;78.0;150951
