#dataset: yale
#way backdoor looks like: glasses
#merge strategy: aggregation
#learning rate: 0.0001
#number of benign sources: 9
#number of malicious sources: 1
#batch size: 16
#distribution of data: equally distributed subset
#percentage of poisoned data in backdoored nodes: 0.5
#order of time backdoors being inserted: no
#model replacement: True
#starttime: 190323
training_type;epoch_number;learn_rate;avg_training_loss;avg_test_loss;test_accuracy;timestamp
backdoor;1;0.0001;2.731712371110916;2.720886589499081;0.0;190332
normal;1;0.0001;2.7033438086509705;2.695410067240397;6.666666666666667;190332
backdoor;2;0.0001;2.618060827255249;2.4431752709781422;25.88235294117647;190346
normal;2;0.0001;2.6795604825019836;2.6686908467610677;9.666666666666666;190346
backdoor;3;0.0001;2.371228739619255;1.8591195723589728;75.29411764705883;190401
normal;3;0.0001;2.6359736058447094;2.6602315457661945;14.0;190401
backdoor;4;0.0001;2.1071553379297256;1.5531411114860982;86.47058823529412;190416
normal;4;0.0001;2.5587829318311477;2.5861321258544923;12.0;190416
backdoor;5;0.0001;1.9486002326011658;1.679979907765108;63.529411764705884;190431
normal;5;0.0001;2.3449850247965918;2.3460872586568198;27.333333333333332;190431
backdoor;6;0.0001;1.8131111562252045;1.9641337226418887;32.35294117647059;190446
normal;6;0.0001;1.9970528566175034;2.050254500706991;38.333333333333336;190446
backdoor;7;0.0001;1.6102050766348839;2.005480743856991;27.647058823529413;190501
normal;7;0.0001;1.642004571027226;1.8230040327707926;44.333333333333336;190501
backdoor;8;0.0001;1.4662349745631218;2.0831910974839154;27.058823529411764;190516
normal;8;0.0001;1.3471481717295117;1.6206025902430217;48.666666666666664;190516
backdoor;9;0.0001;1.3996405340731144;2.159066514407887;26.470588235294116;190531
normal;9;0.0001;1.118384415904681;1.4702845827738444;53.333333333333336;190531
backdoor;10;0.0001;1.3363995887339115;2.1657375223496382;27.058823529411764;190545
normal;10;0.0001;0.9775699223909112;1.3899564027786255;56.333333333333336;190545
backdoor;11;0.0001;1.2837845273315907;2.174190038793227;24.705882352941178;190600
normal;11;0.0001;0.8882213777138127;1.3322255710760753;57.0;190600
backdoor;12;0.0001;1.2342136316001415;2.142183146757238;25.294117647058822;190615
normal;12;0.0001;0.830413319170475;1.2999220263957978;59.0;190615
backdoor;13;0.0001;1.2012831401079893;2.135708090838264;25.294117647058822;190629
normal;13;0.0001;0.7845241870317193;1.258616512219111;60.0;190629
backdoor;14;0.0001;1.1665272861719131;2.1009710536283603;24.705882352941178;190644
normal;14;0.0001;0.7466996154851384;1.2290126224358877;62.333333333333336;190644
backdoor;15;0.0001;1.139604540541768;2.0845357221715592;24.705882352941178;190658
normal;15;0.0001;0.7176732594768206;1.201875361998876;64.66666666666667;190658
backdoor;16;0.0001;1.11432040669024;2.06207597395953;24.705882352941178;190712
normal;16;0.0001;0.6931045982572768;1.1798820586999257;66.33333333333333;190712
backdoor;17;0.0001;1.0943010598421097;2.0498570386101216;25.294117647058822;190727
normal;17;0.0001;0.670756322849128;1.1577164542675018;67.0;190727
backdoor;18;0.0001;1.0737195238471031;2.0306086147532745;25.294117647058822;190741
normal;18;0.0001;0.6508166479567687;1.1397311784823736;67.66666666666667;190741
backdoor;19;0.0001;1.056593542918563;2.0184089997235466;24.705882352941178;190756
normal;19;0.0001;0.6324199111097388;1.120417852004369;68.0;190756
backdoor;20;0.0001;1.0411878563463688;2.0070597480325136;24.705882352941178;190811
normal;20;0.0001;0.6150664327045281;1.1029904222488403;68.66666666666667;190811
backdoor;21;0.0001;1.0260320957750082;1.9955740872551413;24.705882352941178;190826
normal;21;0.0001;0.5988698022233114;1.0860830960671106;68.66666666666667;190826
backdoor;22;0.0001;1.0123126152902842;1.9845275654512293;24.705882352941178;190841
normal;22;0.0001;0.583727008352677;1.0698557221889495;69.0;190841
backdoor;23;0.0001;1.0006498731672764;1.977923853257123;25.294117647058822;190856
normal;23;0.0001;0.5692373478992118;1.053990775148074;69.33333333333333;190856
backdoor;24;0.0001;0.9889102801680565;1.9695538240320543;25.88235294117647;190911
normal;24;0.0001;0.5555466080291404;1.039835057159265;69.66666666666667;190911
backdoor;25;0.0001;0.9790035039186478;1.9655442125657026;25.294117647058822;190926
normal;25;0.0001;0.5427017836934991;1.0257690672079722;70.33333333333333;190926
backdoor;26;0.0001;0.968991981819272;1.960667823342716;25.294117647058822;190942
normal;26;0.0001;0.530370386938254;1.0126724064350128;70.33333333333333;190942
backdoor;27;0.0001;0.9589956291019917;1.9562238188350902;24.705882352941178;190957
normal;27;0.0001;0.518603077158332;1.0003178896506628;72.0;190957
backdoor;28;0.0001;0.9504042323678732;1.9549467535579905;24.11764705882353;191012
normal;28;0.0001;0.5073386629422506;0.9884076031049093;72.66666666666667;191012
backdoor;29;0.0001;0.9414209444075823;1.9528513740090763;24.11764705882353;191027
normal;29;0.0001;0.4965889994055033;0.9774973728259404;73.66666666666667;191027
backdoor;30;0.0001;0.9336463138461113;1.9535749435424805;24.705882352941178;191042
normal;30;0.0001;0.4863999065839582;0.9667587493856747;74.0;191042
backdoor;31;0.0001;0.9259368740022182;1.9552084922790527;24.11764705882353;191058
normal;31;0.0001;0.47659350310762727;0.9572035328547159;74.33333333333333;191058
backdoor;32;0.0001;0.9183615054935217;1.9582454681396484;24.11764705882353;191115
normal;32;0.0001;0.46736770537164474;0.9480325457453728;74.33333333333333;191115
backdoor;33;0.0001;0.9119446910917759;1.964926326976103;23.529411764705884;191130
normal;33;0.0001;0.45862427043418086;0.9396143105626106;74.66666666666667;191130
backdoor;34;0.0001;0.9059776216745377;1.9743937660666073;23.529411764705884;191145
normal;34;0.0001;0.4502814217574067;0.933118503789107;74.66666666666667;191145
backdoor;35;0.0001;0.8987937718629837;1.982307108710794;23.529411764705884;191201
normal;35;0.0001;0.44210126561423146;0.9265680762132009;74.66666666666667;191201
backdoor;36;0.0001;0.8898834176361561;1.9876237981459675;23.529411764705884;191216
normal;36;0.0001;0.43406806368794715;0.9199187952280045;75.33333333333333;191216
backdoor;37;0.0001;0.8812582232058048;1.993630038990694;22.941176470588236;191231
normal;37;0.0001;0.4262552842911747;0.9133219496409098;75.33333333333333;191231
backdoor;38;0.0001;0.8724676631391048;1.999451390434714;22.352941176470587;191246
normal;38;0.0001;0.41864394479327727;0.9075093202789625;75.0;191246
backdoor;39;0.0001;0.8630572548136115;2.004832783867331;22.941176470588236;191301
normal;39;0.0001;0.4114758953866032;0.9021237801512082;75.33333333333333;191301
backdoor;40;0.0001;0.853463844396174;2.0092906839707316;22.941176470588236;191317
normal;40;0.0001;0.4047407731413841;0.8971595931549867;75.0;191317
backdoor;41;0.0001;0.8448343202471733;2.01418358297909;23.529411764705884;191332
normal;41;0.0001;0.398068484539787;0.8923856686552366;75.0;191332
backdoor;42;0.0001;0.8358829747885466;2.020709486568675;23.529411764705884;191347
normal;42;0.0001;0.3917164550059371;0.8875346199174722;75.0;191347
backdoor;43;0.0001;0.8274759715422988;2.027461882198558;22.941176470588236;191402
normal;43;0.0001;0.3852390694535441;0.8832524696985881;74.66666666666667;191402
backdoor;44;0.0001;0.8187240902334452;2.0343604480519013;22.941176470588236;191418
normal;44;0.0001;0.3790705907675955;0.8794586405158042;75.33333333333333;191418
backdoor;45;0.0001;0.8087246771901846;2.038436799890855;22.941176470588236;191433
normal;45;0.0001;0.3732262602489856;0.8763302690784136;76.0;191433
backdoor;46;0.0001;0.7998664611950517;2.044588919246898;22.941176470588236;191449
normal;46;0.0001;0.3676057109195325;0.8731175871690114;76.33333333333333;191449
backdoor;47;0.0001;0.7906159926205873;2.050017031501321;22.941176470588236;191504
normal;47;0.0001;0.36211250484403634;0.8703984152277311;76.33333333333333;191504
backdoor;48;0.0001;0.7819299474358559;2.0560672086827894;22.352941176470587;191519
normal;48;0.0001;0.3567090034484863;0.8677319859464964;76.33333333333333;191519
backdoor;49;0.0001;0.772817094810307;2.061093947466682;22.941176470588236;191534
normal;49;0.0001;0.35146503367771703;0.865403003791968;76.33333333333333;191534
backdoor;50;0.0001;0.7640821160748601;2.0664669710047106;22.941176470588236;191550
normal;50;0.0001;0.3463524655542439;0.8629515596230825;76.33333333333333;191550
backdoor;51;0.0001;0.7545826090499759;2.0700540935291962;23.529411764705884;191605
normal;51;0.0001;0.34144293216781485;0.8607491177817186;76.0;191605
backdoor;52;0.0001;0.7455804795026779;2.0740972855511832;22.941176470588236;191620
normal;52;0.0001;0.336742765787575;0.8585854479173819;77.0;191620
backdoor;53;0.0001;0.7369902534410357;2.078357730192297;22.941176470588236;191636
normal;53;0.0001;0.3320866334769461;0.8564957322676977;77.0;191636
backdoor;54;0.0001;0.7277222173288465;2.0810922734877644;22.352941176470587;191651
normal;54;0.0001;0.32765510895599925;0.8545997908214727;76.66666666666667;191651
backdoor;55;0.0001;0.7186037255451083;2.080527698292452;22.352941176470587;191706
normal;55;0.0001;0.3233697323335542;0.8529088809589545;77.33333333333333;191706
backdoor;56;0.0001;0.7123716548085213;2.089679953631233;22.352941176470587;191721
normal;56;0.0001;0.3193636867735121;0.8489521529277165;78.33333333333333;191721
backdoor;57;0.0001;0.7033185930922627;2.0890786114860984;22.352941176470587;191736
normal;57;0.0001;0.31475718660900986;0.8485122644901275;78.33333333333333;191736
backdoor;58;0.0001;0.6943467268720269;2.0918412040261662;22.352941176470587;191751
normal;58;0.0001;0.31129366087002885;0.8469978732864062;78.33333333333333;191751
backdoor;59;0.0001;0.6825743140652776;2.086957505170037;21.764705882352942;191806
normal;59;0.0001;0.3077692828244633;0.8453093925118447;78.33333333333333;191806
backdoor;60;0.0001;0.6738904574885964;2.088567116681267;21.764705882352942;191820
normal;60;0.0001;0.30431657522502875;0.8426339403291543;78.0;191820
backdoor;61;0.0001;0.6663980009034276;2.0924299127915327;21.176470588235293;191834
normal;61;0.0001;0.3004908942513995;0.8406163345774015;78.0;191834
backdoor;62;0.0001;0.6558536263182759;2.090242565379423;22.352941176470587;191849
normal;62;0.0001;0.29704289935115313;0.8394330549736818;78.66666666666667;191849
backdoor;63;0.0001;0.6487635774537921;2.0930928735172047;22.352941176470587;191904
normal;63;0.0001;0.29364329669624567;0.8371213719248771;78.33333333333333;191904
backdoor;64;0.0001;0.6412983695045114;2.094394526762121;21.764705882352942;191918
normal;64;0.0001;0.29042768343869185;0.8359456171095371;78.33333333333333;191918
backdoor;65;0.0001;0.6345063475891948;2.0958194844862996;21.764705882352942;191933
normal;65;0.0001;0.2874368813095821;0.8347325680653254;78.0;191933
backdoor;66;0.0001;0.6276407390832901;2.096957133798038;21.764705882352942;191947
normal;66;0.0001;0.28467216601388323;0.8334988029797872;78.33333333333333;191947
backdoor;67;0.0001;0.6222607912495732;2.1006511463838464;21.176470588235293;192002
normal;67;0.0001;0.28190243678788346;0.832208895633618;79.0;192002
backdoor;68;0.0001;0.6164534157142043;2.10349978278665;21.764705882352942;192016
normal;68;0.0001;0.27929748460236525;0.8313555320103964;79.33333333333333;192016
backdoor;69;0.0001;0.6117335502058268;2.109643476149615;21.764705882352942;192031
normal;69;0.0001;0.27670445013791317;0.8301459082961082;79.66666666666667;192031
backdoor;70;0.0001;0.6060526417568326;2.1134895156411564;21.764705882352942;192046
normal;70;0.0001;0.27420144704067045;0.8295138228436311;79.66666666666667;192046
backdoor;71;0.0001;0.6019769934937358;2.120390566657571;21.764705882352942;192100
normal;71;0.0001;0.27168944509079057;0.8285655226310095;79.66666666666667;192100
backdoor;72;0.0001;0.5978057952597737;2.1280518026912913;21.764705882352942;192115
normal;72;0.0001;0.2692416331006421;0.8281324630479018;79.66666666666667;192115
backdoor;73;0.0001;0.5934166954830289;2.1357197144452265;21.764705882352942;192129
normal;73;0.0001;0.26686975701401633;0.8278617059191068;79.66666666666667;192129
backdoor;74;0.0001;0.5893592657521367;2.144202366997214;21.764705882352942;192144
normal;74;0.0001;0.264530948880646;0.8276300783455371;79.33333333333333;192144
backdoor;75;0.0001;0.5858521107584238;2.153520309223848;22.941176470588236;192158
normal;75;0.0001;0.262236707429919;0.8277835970620314;79.33333333333333;192158
backdoor;76;0.0001;0.5819402188062668;2.1623877805822036;22.941176470588236;192212
normal;76;0.0001;0.26011635207881534;0.8283754775424799;78.66666666666667;192212
backdoor;77;0.0001;0.5780942430719733;2.1718366735121784;22.941176470588236;192227
normal;77;0.0001;0.2581054859070314;0.8290005096296469;78.66666666666667;192227
backdoor;78;0.0001;0.5739577123895288;2.180861001856187;22.941176470588236;192241
normal;78;0.0001;0.2562145228601164;0.8296586531649033;78.66666666666667;192241
backdoor;79;0.0001;0.5703053446486592;2.191001521839815;22.352941176470587;192255
normal;79;0.0001;0.25436297917945516;0.8302075147628785;78.66666666666667;192255
backdoor;80;0.0001;0.5669530341401696;2.2012164620792163;21.764705882352942;192310
normal;80;0.0001;0.25246860335270566;0.8310878539830446;78.66666666666667;192310
backdoor;81;0.0001;0.5636106412857771;2.2115128573249367;21.764705882352942;192324
normal;81;0.0001;0.2507157660503354;0.831950530881683;78.66666666666667;192324
backdoor;82;0.0001;0.5606209523975849;2.222860179227941;21.764705882352942;192338
normal;82;0.0001;0.24895731028583315;0.8323155053953329;79.0;192338
backdoor;83;0.0001;0.5571738611906767;2.232890308604521;21.764705882352942;192353
normal;83;0.0001;0.24717256711382005;0.8327746340880792;78.66666666666667;192353
backdoor;84;0.0001;0.5536438152194023;2.2433018964879654;22.352941176470587;192407
normal;84;0.0001;0.2456242750502295;0.8330375842998425;79.0;192407
backdoor;85;0.0001;0.5505781499668956;2.2536037108477425;21.764705882352942;192422
normal;85;0.0001;0.24401894175551003;0.8335485654572646;78.66666666666667;192422
backdoor;86;0.0001;0.5476430272683501;2.264391506419462;21.764705882352942;192436
normal;86;0.0001;0.24259192920807335;0.83400817292432;78.66666666666667;192436
backdoor;87;0.0001;0.5450024865567684;2.2752062629250918;21.764705882352942;192451
normal;87;0.0001;0.2411092076347106;0.8345542777081331;78.66666666666667;192451
backdoor;88;0.0001;0.5420275223441422;2.2852121353149415;21.764705882352942;192505
normal;88;0.0001;0.23982586913431683;0.835174828817447;78.66666666666667;192505
backdoor;89;0.0001;0.5394233041442931;2.295833105199477;22.352941176470587;192520
normal;89;0.0001;0.2385504556716316;0.8358203478405873;78.66666666666667;192520
backdoor;90;0.0001;0.537057576701045;2.3065159292782056;21.764705882352942;192534
normal;90;0.0001;0.23733027341465157;0.8365140966077645;78.66666666666667;192534
backdoor;91;0.0001;0.5337238302454352;2.3161796121036304;21.764705882352942;192549
normal;91;0.0001;0.23622802582879862;0.8371845187743505;78.33333333333333;192549
backdoor;92;0.0001;0.5316477767191827;2.327119961906882;22.352941176470587;192603
normal;92;0.0001;0.23492662427533;0.8376747569690148;78.66666666666667;192603
backdoor;93;0.0001;0.5298086507245898;2.3384764839621153;22.352941176470587;192618
normal;93;0.0001;0.2339008232164714;0.8379621213674545;78.66666666666667;192618
backdoor;94;0.0001;0.5262804352678359;2.3485811906702376;21.764705882352942;192632
normal;94;0.0001;0.2329121726151142;0.8383053879191478;79.0;192632
backdoor;95;0.0001;0.5242233341559768;2.3594905965468462;22.352941176470587;192647
normal;95;0.0001;0.23162305732775065;0.8384019023428361;79.0;192647
backdoor;96;0.0001;0.5226262928918004;2.3711613823385798;22.352941176470587;192701
normal;96;0.0001;0.23053394925470155;0.838818843588233;79.0;192701
backdoor;97;0.0001;0.5182743389159441;2.3799675324383904;22.352941176470587;192716
normal;97;0.0001;0.2297179827777048;0.8393147381643454;79.0;192716
backdoor;98;0.0001;0.5168196903541684;2.3918068829704735;21.764705882352942;192731
normal;98;0.0001;0.22834567839486736;0.8391828079770008;79.0;192731
backdoor;99;0.0001;0.5134847345761955;2.403464911965763;21.176470588235293;192745
normal;99;0.0001;0.22728523110143012;0.8394141203910113;78.66666666666667;192745
backdoor;100;0.0001;0.5091013349592686;2.4124393575331746;21.176470588235293;192759
normal;100;0.0001;0.22610850399360058;0.8399073764681816;78.66666666666667;192759
