#dataset: yale
#way backdoor looks like: beard
#merge strategy: aggregation
#learning rate: 0.0001
#number of benign sources: 4
#number of malicious sources: 1
#batch size: 16
#distribution of data: equally distributed subset
#percentage of poisoned data in backdoored nodes: 0.5
#order of time backdoors being inserted: no
#model replacement: True
#starttime: 142106
training_type;epoch_number;learn_rate;avg_training_loss;avg_test_loss;test_accuracy;timestamp
backdoor;1;0.0001;2.621325731277466;2.183339448408647;100.0;142128
normal;1;0.0001;2.6938582621514797;2.6811930465698244;6.666666666666667;142128
backdoor;2;0.0001;2.1095878705382347;1.2336297728798606;100.0;142202
normal;2;0.0001;2.647668670862913;2.7112646102905273;6.666666666666667;142202
backdoor;3;0.0001;2.039662055671215;1.2753062464974143;100.0;142229
normal;3;0.0001;2.4800147637724876;2.464688669840495;6.666666666666667;142229
backdoor;4;0.0001;1.7872532531619072;0.9886624292893843;92.27272727272727;142252
normal;4;0.0001;2.105128476396203;2.1960292561848958;17.333333333333332;142252
backdoor;5;0.0001;1.7416720390319824;0.963048284704035;78.18181818181819;142314
normal;5;0.0001;1.6027725618332624;1.821155049006144;36.666666666666664;142314
backdoor;6;0.0001;1.5951091758906841;0.883952184156938;75.0;142337
normal;6;0.0001;1.232635318301618;1.5605189832051596;43.666666666666664;142337
backdoor;7;0.0001;1.4983541294932365;0.9003292950716886;71.36363636363636;142359
normal;7;0.0001;1.0168763380497694;1.3951733191808064;51.333333333333336;142359
backdoor;8;0.0001;1.351489245891571;0.8833637454292991;70.0;142421
normal;8;0.0001;0.8947340296581388;1.287512272198995;54.333333333333336;142421
backdoor;9;0.0001;1.2496540658175945;0.8336676727641713;70.45454545454545;142444
normal;9;0.0001;0.8053049016743898;1.2244354828198751;55.666666666666664;142444
backdoor;10;0.0001;1.184091717004776;0.812782959504561;70.45454545454545;142506
normal;10;0.0001;0.7408111914992332;1.16440221230189;57.333333333333336;142506
backdoor;11;0.0001;1.1073277611285448;0.784506513855674;71.36363636363636;142529
normal;11;0.0001;0.6922818380407989;1.1119777743021648;59.666666666666664;142529
backdoor;12;0.0001;1.0464930888265371;0.7587246071208608;71.81818181818181;142551
normal;12;0.0001;0.6479119984433055;1.0829872528711955;60.666666666666664;142551
backdoor;13;0.0001;0.9930226858705282;0.7417356426065619;72.72727272727273;142614
normal;13;0.0001;0.6151873336639255;1.0424446606636046;62.0;142614
backdoor;14;0.0001;0.9432957898825407;0.6992354436354203;73.63636363636364;142637
normal;14;0.0001;0.584035255247727;1.0316919136047362;62.666666666666664;142637
backdoor;15;0.0001;0.9089846527203918;0.696335202997381;73.18181818181819;142701
normal;15;0.0001;0.5606176878791302;0.9943901268641154;64.0;142701
backdoor;16;0.0001;0.8617295371368527;0.688802812316201;74.54545454545455;142730
normal;16;0.0001;0.5370775412302464;0.9710871466000874;66.0;142730
backdoor;17;0.0001;0.8174120122566819;0.66745313947851;76.81818181818181;142757
normal;17;0.0001;0.5156201475765556;0.9508878620465596;66.0;142757
backdoor;18;0.0001;0.7853787317872047;0.6451157093048095;77.27272727272727;142826
normal;18;0.0001;0.4942508767126128;0.9410794035593668;67.33333333333333;142826
backdoor;19;0.0001;0.7592719830572605;0.6332875902002508;77.72727272727273;142853
normal;19;0.0001;0.4788896734826267;0.9273758995532989;67.66666666666667;142853
backdoor;20;0.0001;0.7292040465399623;0.6191634351556952;77.72727272727273;142918
normal;20;0.0001;0.46513166080694646;0.9143611923853556;68.33333333333333;142918
backdoor;21;0.0001;0.7040286930277944;0.6182321375066584;77.72727272727273;142942
normal;21;0.0001;0.4498201383976266;0.90014066974322;68.66666666666667;142942
backdoor;22;0.0001;0.6728583690710366;0.6049206777052446;78.18181818181819;143007
normal;22;0.0001;0.43777802179101855;0.8848978098233541;69.66666666666667;143007
backdoor;23;0.0001;0.6490822983905673;0.591443792256442;79.0909090909091;143035
normal;23;0.0001;0.4223520252853632;0.8790917559464773;69.0;143035
backdoor;24;0.0001;0.6274384423159063;0.5791470831090754;80.0;143105
normal;24;0.0001;0.41103604779345915;0.8743273170789083;68.66666666666667;143105
backdoor;25;0.0001;0.6081533068791032;0.5780565305189653;80.0;143149
normal;25;0.0001;0.40132069401443005;0.8605484982331594;69.0;143149
backdoor;26;0.0001;0.5865005878731608;0.5711558623747393;80.0;143231
normal;26;0.0001;0.3907683076686226;0.8513464939594269;69.0;143231
backdoor;27;0.0001;0.5664333933964372;0.5680243730545044;80.45454545454545;143258
normal;27;0.0001;0.3792252784478478;0.842725563844045;69.66666666666667;143258
backdoor;28;0.0001;0.5451461211778224;0.5536048098043962;80.9090909090909;143321
normal;28;0.0001;0.3701835599495098;0.8372018337249756;70.0;143321
backdoor;29;0.0001;0.532854916062206;0.5451440085064281;81.81818181818181;143342
normal;29;0.0001;0.35943788866279647;0.8382397552331289;70.0;143342
backdoor;30;0.0001;0.5189319560304284;0.5339360941540111;82.27272727272727;143404
normal;30;0.0001;0.3531175834941678;0.8342163109779358;70.0;143404
backdoor;31;0.0001;0.5062316996045411;0.5278780330311168;82.27272727272727;143425
normal;31;0.0001;0.3449338566279039;0.8294262373447419;70.33333333333333;143425
backdoor;32;0.0001;0.4939642164390534;0.5193652987480164;82.27272727272727;143446
normal;32;0.0001;0.3378984591108747;0.8254637161890666;70.66666666666667;143446
backdoor;33;0.0001;0.48286653123795986;0.5115510897202925;81.81818181818181;143508
normal;33;0.0001;0.33054816542426124;0.8215554936726888;70.66666666666667;143508
backdoor;34;0.0001;0.47068887180648744;0.508052227713845;81.81818181818181;143529
normal;34;0.0001;0.3235233149607666;0.815455577770869;71.33333333333333;143529
backdoor;35;0.0001;0.4597529557067901;0.5045651425014842;81.81818181818181;143550
normal;35;0.0001;0.3165916213183664;0.8082809607187907;71.0;143550
backdoor;36;0.0001;0.44754336425103247;0.49766038764606824;81.81818181818181;143612
normal;36;0.0001;0.3101822917815298;0.8050671617190043;71.33333333333333;143612
backdoor;37;0.0001;0.43741502799093723;0.49503019560467115;81.81818181818181;143633
normal;37;0.0001;0.3032010021561291;0.803312692642212;71.66666666666667;143633
backdoor;38;0.0001;0.4274930115789175;0.4928635553880171;82.27272727272727;143654
normal;38;0.0001;0.2985159417439718;0.8005066231886546;71.66666666666667;143654
backdoor;39;0.0001;0.4172194027341902;0.48814916719089857;82.27272727272727;143716
normal;39;0.0001;0.29383385699475184;0.7996388093630473;71.66666666666667;143716
backdoor;40;0.0001;0.4089966043829918;0.4892081694169478;82.27272727272727;143738
normal;40;0.0001;0.288429822656326;0.7991325465838114;71.33333333333333;143738
backdoor;41;0.0001;0.40019555925391614;0.49200325337323275;82.27272727272727;143759
normal;41;0.0001;0.28496028354857117;0.7940983394781749;71.33333333333333;143759
backdoor;42;0.0001;0.38992531201802194;0.4897458249872381;82.27272727272727;143821
normal;42;0.0001;0.2805788522819057;0.7923520497481028;70.66666666666667;143821
backdoor;43;0.0001;0.3803754022810608;0.49470299590717665;82.27272727272727;143842
normal;43;0.0001;0.2754665510728955;0.7917682413260142;71.33333333333333;143842
backdoor;44;0.0001;0.37148642737884074;0.49713013822382146;82.27272727272727;143904
normal;44;0.0001;0.27276807610178366;0.7969144225120545;71.33333333333333;143904
backdoor;45;0.0001;0.35921560146380216;0.485505427013744;83.63636363636364;143925
normal;45;0.0001;0.2700932267762255;0.8108693540096283;71.0;143925
backdoor;46;0.0001;0.3569212011061609;0.4790893457152627;84.0909090909091;143946
normal;46;0.0001;0.26715361526294146;0.8321457465489706;70.66666666666667;143946
backdoor;47;0.0001;0.35524612211156636;0.4791299884969538;84.54545454545455;144008
normal;47;0.0001;0.267549348573084;0.8482849244276682;69.66666666666667;144008
backdoor;48;0.0001;0.3521684048464522;0.480143759467385;84.0909090909091;144029
normal;48;0.0001;0.2675896395376185;0.862201239267985;69.0;144029
backdoor;49;0.0001;0.35305088525637984;0.480829964984547;84.0909090909091;144050
normal;49;0.0001;0.26676351607602555;0.8782875315348307;69.0;144050
backdoor;50;0.0001;0.3515062137739733;0.4856431776827032;84.54545454545455;144112
normal;50;0.0001;0.2665010523778619;0.8881765107313792;68.66666666666667;144112
backdoor;51;0.0001;0.35249539522919804;0.48737894567576323;84.54545454545455;144133
normal;51;0.0001;0.26699617529811803;0.8981278967857361;68.0;144133
backdoor;52;0.0001;0.3486775738419965;0.49196856970136815;84.54545454545455;144155
normal;52;0.0001;0.26672453719947953;0.905743921995163;68.0;144155
backdoor;53;0.0001;0.3459251766325906;0.5063145139000632;85.0;144216
normal;53;0.0001;0.26480620342772454;0.9061829129854838;67.66666666666667;144216
backdoor;54;0.0001;0.34254981065168977;0.5177170883525501;85.0;144237
normal;54;0.0001;0.2638959089672426;0.9026434938112895;68.0;144237
backdoor;55;0.0001;0.3354890407063067;0.5263859567317095;85.0;144259
normal;55;0.0001;0.26204024557955563;0.8980020256837209;68.0;144259
backdoor;56;0.0001;0.32969968440011144;0.5320824102921919;84.54545454545455;144321
normal;56;0.0001;0.25918158718559425;0.8974268591403961;68.0;144321
backdoor;57;0.0001;0.32085424778051674;0.543861880085685;85.0;144343
normal;57;0.0001;0.25636188813950866;0.8929257277647654;69.0;144343
backdoor;58;0.0001;0.3182129136985168;0.5561799927191301;84.54545454545455;144404
normal;58;0.0001;0.25326696687261574;0.8857750856876373;69.0;144404
backdoor;59;0.0001;0.3085540001047775;0.5742094920440154;84.54545454545455;144426
normal;59;0.0001;0.25001232148497365;0.8755342161655426;71.0;144426
backdoor;60;0.0001;0.2998370189452544;0.584762103991075;84.54545454545455;144447
normal;60;0.0001;0.2458491481083911;0.8660182873408;71.33333333333333;144447
backdoor;61;0.0001;0.29020458448212594;0.5897940015250986;84.54545454545455;144508
normal;61;0.0001;0.2417974999116268;0.862644876241684;70.66666666666667;144508
backdoor;62;0.0001;0.2818728074198589;0.602682314677672;84.54545454545455;144530
normal;62;0.0001;0.23721277143340558;0.8600098824501038;70.33333333333333;144530
backdoor;63;0.0001;0.2769410298205912;0.6169758775017479;84.0909090909091;144551
normal;63;0.0001;0.23426079702039715;0.8533807416756948;70.66666666666667;144551
backdoor;64;0.0001;0.26717796665616333;0.6181670134717768;84.54545454545455;144612
normal;64;0.0001;0.2311695007228991;0.8508932324250539;71.0;144612
backdoor;65;0.0001;0.2633759749587625;0.6335702272978696;84.0909090909091;144633
normal;65;0.0001;0.2259241043793736;0.8486083269119262;71.33333333333333;144633
backdoor;66;0.0001;0.25221849512308836;0.6459673491391269;83.63636363636364;144655
normal;66;0.0001;0.22356532816775143;0.8431991716225942;72.0;144655
backdoor;67;0.0001;0.248145010904409;0.6384232854301279;84.0909090909091;144716
normal;67;0.0001;0.21978591667721048;0.8512005356947581;71.33333333333333;144716
backdoor;68;0.0001;0.24289020360447466;0.650412252816287;84.0909090909091;144737
normal;68;0.0001;0.21708353982830886;0.8563132913907369;71.66666666666667;144737
backdoor;69;0.0001;0.2415070182760246;0.6690701918168501;83.18181818181819;144758
normal;69;0.0001;0.21500286408991087;0.8522955330212911;72.66666666666667;144758
backdoor;70;0.0001;0.23299153323750943;0.6787779634649104;83.18181818181819;144820
normal;70;0.0001;0.21356921998085454;0.851603033542633;72.66666666666667;144820
backdoor;71;0.0001;0.23089424381032586;0.6754807125438343;83.63636363636364;144842
normal;71;0.0001;0.2102051059846417;0.8583952049414317;72.66666666666667;144842
backdoor;72;0.0001;0.2252581436187029;0.6829102047465064;84.0909090909091;144903
normal;72;0.0001;0.20876821047568228;0.8660429346561432;72.0;144903
backdoor;73;0.0001;0.22760793898487464;0.6916129914197054;84.0909090909091;144924
normal;73;0.0001;0.20689006794418674;0.867658105691274;73.0;144924
backdoor;74;0.0001;0.22055686567910016;0.6962161215868863;83.63636363636364;144945
normal;74;0.0001;0.20705307229945902;0.8692165664831797;73.0;144945
backdoor;75;0.0001;0.22179226367734373;0.697662108594721;84.54545454545455;145006
normal;75;0.0001;0.2039854625618318;0.8737508104244868;73.0;145006
backdoor;76;0.0001;0.2140353737049736;0.6908979697660966;84.0909090909091;145028
normal;76;0.0001;0.2046356061109691;0.8778369597593944;72.33333333333333;145028
backdoor;77;0.0001;0.21445737715112045;0.6595663395794955;85.0;145049
normal;77;0.0001;0.203697548036871;0.9112688644727072;72.33333333333333;145049
backdoor;78;0.0001;0.2177243659971282;0.6495118433778936;85.0;145110
normal;78;0.0001;0.20316664442361798;0.926711210012436;70.66666666666667;145110
backdoor;79;0.0001;0.21702259022276849;0.6697405788031492;84.54545454545455;145131
normal;79;0.0001;0.20173790166154504;0.9245403393109639;71.0;145131
backdoor;80;0.0001;0.21700464899186045;0.7095112686807459;83.18181818181819;145152
normal;80;0.0001;0.20041702955495566;0.9106335059801738;72.33333333333333;145152
backdoor;81;0.0001;0.21011406311299652;0.7333370831879702;82.27272727272727;145213
normal;81;0.0001;0.19939335073286202;0.9016875972350439;72.0;145213
backdoor;82;0.0001;0.21019030112074688;0.7435085079886696;82.72727272727273;145234
normal;82;0.0001;0.19686503382399678;0.8987305559714636;72.66666666666667;145234
backdoor;83;0.0001;0.20396490790881217;0.7515901999040083;83.18181818181819;145256
normal;83;0.0001;0.19750064669642597;0.8890139329433441;74.33333333333333;145256
backdoor;84;0.0001;0.20208923547761515;0.7322366627779874;83.18181818181819;145317
normal;84;0.0001;0.19659310617134906;0.9060956807931264;72.66666666666667;145317
backdoor;85;0.0001;0.20297843811567873;0.7289937593720176;83.18181818181819;145338
normal;85;0.0001;0.19683246159547707;0.9106468041737874;73.33333333333333;145338
backdoor;86;0.0001;0.1990388807025738;0.7342819116332314;83.18181818181819;145359
normal;86;0.0001;0.19697315606026677;0.9131185650825501;73.66666666666667;145359
backdoor;87;0.0001;0.1958776277024299;0.7421747435222973;83.18181818181819;145420
normal;87;0.0001;0.19527723469946068;0.9189601822694142;73.66666666666667;145420
backdoor;88;0.0001;0.19135396811179817;0.749803719737313;82.27272727272727;145441
normal;88;0.0001;0.19316773404716514;0.9235506025950114;73.0;145441
backdoor;89;0.0001;0.18695932731498033;0.7607450653206218;82.27272727272727;145503
normal;89;0.0001;0.19088672987709288;0.9277747229735056;73.33333333333333;145503
backdoor;90;0.0001;0.1825960164424032;0.7706836700439453;82.27272727272727;145524
normal;90;0.0001;0.18853661821049172;0.9309095025062561;73.66666666666667;145524
backdoor;91;0.0001;0.1784460591734387;0.7810639988292347;82.27272727272727;145548
normal;91;0.0001;0.1867627851679572;0.9354784456888835;73.66666666666667;145548
backdoor;92;0.0001;0.17579674208536744;0.7888045007532293;81.81818181818181;145613
normal;92;0.0001;0.18477070178778376;0.9407707065343857;73.33333333333333;145613
backdoor;93;0.0001;0.17240003717597574;0.7968396818095987;82.27272727272727;145636
normal;93;0.0001;0.18366249097744003;0.9449322702487309;73.66666666666667;145636
backdoor;94;0.0001;0.17036792315775529;0.8046519236131148;82.27272727272727;145657
normal;94;0.0001;0.1823895416018786;0.9494877342383067;73.66666666666667;145657
backdoor;95;0.0001;0.1673580014030449;0.8074210020628843;82.72727272727273;145719
normal;95;0.0001;0.181872659632063;0.9564939322074254;73.33333333333333;145719
backdoor;96;0.0001;0.16717818687902763;0.8160714137283238;82.27272727272727;145740
normal;96;0.0001;0.18145430894219317;0.9646453569332759;73.0;145740
backdoor;97;0.0001;0.16417136992095038;0.8127114556052468;82.27272727272727;145802
normal;97;0.0001;0.18215028487611562;0.9753535451491674;73.0;145802
backdoor;98;0.0001;0.16646900598425418;0.8168409585952758;82.27272727272727;145823
normal;98;0.0001;0.18213098672276828;0.9941271372636159;73.0;145823
backdoor;99;0.0001;0.1642468178179115;0.8195179310711947;82.27272727272727;145844
normal;99;0.0001;0.18372897828157875;1.003595628341039;72.66666666666667;145844
backdoor;100;0.0001;0.16561517131049186;0.8157418955456127;82.27272727272727;145906
normal;100;0.0001;0.1843870245211292;1.022061934073766;72.33333333333333;145906
