#dataset: yale
#way backdoor looks like: glasses
#merge strategy: sequential
#number of benign sources: 9
#number of malicious sources: 1
#batch size: 16
#distribution of data: equally distributed subset
#percentage of poisoned data in backdoored nodes: 100
#order of time backdoors being inserted: backdoors first
#attack model: basic
#starttime: 212541
training_type;epoch_number;learn_rate;avg_training_loss;avg_test_loss;test_accuracy;timestamp
backdoor;1;0.01;0.4977482557296753;in_between;0.004068759149488281;100.0;5.5846943350399245;7.0588235294117645;212543
normal;1;0.01;in_between;7.871356210708618;6.666666666666667;1.9322715997695923;0.9286147491137187;66.33333333333333;212555
backdoor;2;0.01;0.63187575340271;in_between;0.002218756569987711;100.0;8.486998883415671;2.9411764705882355;212600
normal;2;0.01;in_between;10.54270771330533;6.666666666666667;0.9800108671188354;0.5313416643937429;82.33333333333333;212613
backdoor;3;0.01;0.8015577793121338;in_between;4.1792245560693975e-07;100.0;7.870076841466567;2.3529411764705883;212618
normal;3;0.01;in_between;41.86292246500651;6.666666666666667;1.3003145456314087;0.5125793101390202;82.33333333333333;212631
backdoor;4;0.01;0.8208982944488525;in_between;0.00014632079509724731;100.0;5.355250728831572;1.7647058823529411;212636
normal;4;0.01;in_between;19.779249180555315;6.666666666666667;0.9657171964645386;0.617738188036407;83.33333333333333;212649
backdoor;5;0.01;0.5898195505142212;in_between;0.00034959628905840767;100.0;7.010284782858456;21.764705882352942;212654
normal;5;0.01;in_between;15.79202079333525;7.0;1.0595130920410156;1.095414263010025;64.0;212707
backdoor;6;0.01;0.8370231986045837;in_between;0.09242160495589762;100.0;9.34303409352022;4.117647058823529;212713
normal;6;0.01;in_between;46.67705486498773;6.666666666666667;0.9040949940681458;0.5328847912730028;84.66666666666667;212726
backdoor;7;0.01;0.6913712024688721;in_between;0.0;100.0;12.071663082347197;1.1764705882352942;212733
normal;7;0.01;in_between;61.417219441731774;6.666666666666667;0.8851128220558167;0.5533460236340761;81.66666666666667;212745
backdoor;8;0.01;1.054389476776123;in_between;0.0044019099332110595;100.0;13.144427490234374;1.1764705882352942;212750
normal;8;0.01;in_between;21.364648642142615;7.333333333333333;0.8112986087799072;0.6165795296989381;84.33333333333333;212803
backdoor;9;0.01;0.8624840974807739;in_between;3.545068791410699e-05;100.0;13.92007697610294;2.3529411764705883;212809
normal;9;0.01;in_between;28.21032658894857;7.666666666666667;0.41711410880088806;0.5914645356141651;82.33333333333333;212821
backdoor;10;0.01;1.100928783416748;in_between;0.011105667234069723;99.41176470588235;13.416175124224495;3.5294117647058822;212827
normal;10;0.01;in_between;14.348215059384044;8.333333333333334;0.3903818130493164;0.5463310771156102;83.0;212839
backdoor;11;0.01;0.9232738018035889;in_between;0.025943883140494377;98.82352941176471;11.802092159495635;4.705882352941177;212844
normal;11;0.01;in_between;15.610542515913645;9.666666666666666;0.2850373387336731;0.5303891345796485;84.0;212857
backdoor;12;0.01;0.7072681784629822;in_between;0.08507851128849914;96.47058823529412;12.056278857062845;4.117647058823529;212903
normal;12;0.01;in_between;9.88137092037437;18.0;0.20271877944469452;0.5638202838785946;83.0;212916
backdoor;13;0.01;0.6760048270225525;in_between;0.11494848684352987;97.6470588235294;12.064681243896484;2.9411764705882355;212921
normal;13;0.01;in_between;13.976399684349666;14.666666666666666;0.1464502513408661;0.5719305866095238;83.33333333333333;212933
backdoor;14;0.01;0.6905952095985413;in_between;0.03827371862443055;98.82352941176471;13.723402584300322;3.5294117647058822;212939
normal;14;0.01;in_between;26.966073742310062;8.333333333333334;0.2543642520904541;0.5973428234520057;83.33333333333333;212952
backdoor;15;0.01;1.0316072702407837;in_between;0.05668042631929412;95.29411764705883;11.834507437313304;4.705882352941177;212957
normal;15;0.01;in_between;9.818525270606552;19.666666666666668;0.1733640730381012;0.5759346583473962;83.33333333333333;213011
backdoor;16;0.01;0.8098008036613464;in_between;0.08460277299275143;94.11764705882354;11.26294501809513;6.470588235294118;213016
normal;16;0.01;in_between;11.522329561708247;18.0;0.15743602812290192;0.5435489634296391;82.33333333333333;213029
backdoor;17;0.01;0.6133599877357483;in_between;0.12486428214675363;94.11764705882354;10.894290520163143;5.882352941176471;213034
normal;17;0.01;in_between;11.92381586551665;20.333333333333332;0.1220635324716568;0.47882008250259483;84.0;213048
backdoor;18;0.01;0.5911259055137634;in_between;0.12440349871621412;93.52941176470588;10.482317217658547;8.235294117647058;213053
normal;18;0.01;in_between;9.896397833824064;23.0;0.09581124782562256;0.4898442037686861;83.0;213106
backdoor;19;0.01;0.5519731044769287;in_between;0.07818919271778535;96.47058823529412;10.328956918155447;8.823529411764707;213111
normal;19;0.01;in_between;10.186424265305074;23.333333333333332;0.08797304332256317;0.4868802443189391;82.33333333333333;213125
backdoor;20;0.01;0.45829132199287415;in_between;0.1788842040223672;94.11764705882354;10.055861618939568;10.0;213130
normal;20;0.01;in_between;8.012734675009803;27.333333333333332;0.08536704629659653;0.45059924767391446;83.66666666666667;213143
backdoor;21;0.01;0.4246363937854767;in_between;0.1739500443725025;94.11764705882354;9.9698314891142;9.411764705882353;213148
normal;21;0.01;in_between;7.485846555630208;28.333333333333332;0.06847968697547913;0.4315197606235355;82.66666666666667;213202
backdoor;22;0.01;0.41591525077819824;in_between;0.15728786039330503;94.11764705882354;10.101632825066062;10.588235294117647;213206
normal;22;0.01;in_between;7.598400452931649;28.0;0.058024149388074875;0.423142738538639;84.0;213220
backdoor;23;0.01;0.41283512115478516;in_between;0.08986008306417395;95.29411764705883;9.940302231732536;10.588235294117647;213225
normal;23;0.01;in_between;8.597874445120482;26.0;0.06462536752223969;0.4394109482721736;83.33333333333333;213238
backdoor;24;0.01;0.41693100333213806;in_between;0.09013132710995919;95.29411764705883;9.662822139964383;10.588235294117647;213243
normal;24;0.01;in_between;8.83946191072461;26.666666666666668;0.06031927093863487;0.44802089073559426;83.0;213256
backdoor;25;0.01;0.3974303901195526;in_between;0.15738384216366447;91.76470588235294;9.780606348374311;11.176470588235293;213301
normal;25;0.01;in_between;7.66372873624164;28.333333333333332;0.051532402634620667;0.450621090059091;83.66666666666667;213315
backdoor;26;0.01;0.3753553628921509;in_between;0.2175568644395646;91.17647058823529;9.711605341294232;10.588235294117647;213319
normal;26;0.01;in_between;7.350979755322131;30.0;0.04498983174562454;0.4517158832721179;84.0;213333
backdoor;27;0.01;0.35674044489860535;in_between;0.2978092477602117;90.58823529411765;9.736072271010455;11.764705882352942;213338
normal;27;0.01;in_between;7.161566924651452;31.666666666666668;0.03937223181128502;0.4522211863207243;83.0;213351
backdoor;28;0.01;0.34272992610931396;in_between;0.3458551087800194;90.58823529411765;9.82593271592084;12.352941176470589;213356
normal;28;0.01;in_between;7.032425848245605;32.333333333333336;0.0359213724732399;0.45425596239510924;82.66666666666667;213409
backdoor;29;0.01;0.3320917785167694;in_between;0.38412205164923385;90.0;9.791738308177274;13.529411764705882;213414
normal;29;0.01;in_between;6.829961880048089;33.0;0.0334286205470562;0.45004582528830117;83.33333333333333;213427
backdoor;30;0.01;0.30878347158432007;in_between;0.43814558013999727;90.0;9.701906361299402;14.117647058823529;213432
normal;30;0.01;in_between;6.607821230888312;34.666666666666664;0.030991211533546448;0.4573167489678599;83.0;213445
backdoor;31;0.01;0.29091593623161316;in_between;0.5295356667217086;88.82352941176471;9.589776970358455;14.117647058823529;213450
normal;31;0.01;in_between;6.231573199828412;35.0;0.028790583834052086;0.4592068554127278;83.66666666666667;213503
backdoor;32;0.01;0.2948845624923706;in_between;0.3328554828021237;90.0;9.197112184412338;14.705882352941176;213508
normal;32;0.01;in_between;8.129929159084954;32.0;0.043058041483163834;0.49774743724691994;83.66666666666667;213521
backdoor;33;0.01;0.24841345846652985;in_between;0.5914058914955924;89.41176470588235;9.385822430778953;15.882352941176471;213526
normal;33;0.01;in_between;6.266339596509818;37.0;0.02786007523536682;0.48099202624890797;84.33333333333333;213539
backdoor;34;0.01;0.2515093982219696;in_between;0.5453525941161549;89.41176470588235;9.345031872917625;17.058823529411764;213544
normal;34;0.01;in_between;6.266900444825363;38.666666666666664;0.02743564546108246;0.4811170092474398;84.0;213557
backdoor;35;0.01;0.21870888769626617;in_between;0.5690574412590221;88.82352941176471;9.414332535687615;17.647058823529413;213602
normal;35;0.01;in_between;6.13537171681705;37.333333333333336;0.024942342191934586;0.4944953111305949;84.0;213615
backdoor;36;0.01;0.21212953329086304;in_between;0.6240751478821039;88.82352941176471;9.381256148394417;18.235294117647058;213620
normal;36;0.01;in_between;6.16201327164949;38.666666666666664;0.02351790852844715;0.49419965025464385;83.33333333333333;213632
backdoor;37;0.01;0.20619064569473267;in_between;0.5700090120820438;88.23529411764706;9.360394287109376;18.235294117647058;213637
normal;37;0.01;in_between;6.118205298582555;38.666666666666664;0.022368716076016426;0.5142952203506623;82.66666666666667;213650
backdoor;38;0.01;0.20012140274047852;in_between;0.6438663224963581;88.23529411764706;9.322751213522519;18.235294117647058;213655
normal;38;0.01;in_between;5.890125878254342;39.333333333333336;0.02208186686038971;0.5139641026466173;82.33333333333333;213708
backdoor;39;0.01;0.18628846108913422;in_between;0.6979042919243084;87.05882352941177;9.16390313541188;18.823529411764707;213713
normal;39;0.01;in_between;5.653563019036816;40.666666666666664;0.021859431639313698;0.5347649260218895;82.66666666666667;213725
backdoor;40;0.01;0.17905168235301971;in_between;0.5986920349738177;88.23529411764706;9.273124246036305;18.823529411764707;213731
normal;40;0.01;in_between;6.139856309890529;39.0;0.020511647686362267;0.545955804179636;83.0;213743
backdoor;41;0.01;0.17712673544883728;in_between;0.7165422945776406;87.05882352941177;9.021585038129022;18.823529411764707;213748
normal;41;0.01;in_between;5.665293870766412;42.333333333333336;0.020848339423537254;0.555897809257561;81.66666666666667;213800
backdoor;42;0.01;0.16371889412403107;in_between;0.8034445694264244;86.47058823529412;8.94457312191234;18.823529411764707;213806
normal;42;0.01;in_between;5.379391334055617;42.0;0.02095765992999077;0.569398981722164;81.33333333333333;213818
backdoor;43;0.01;0.15214113891124725;in_between;0.9219258855370914;85.88235294117646;8.912920200123507;18.823529411764707;213823
normal;43;0.01;in_between;5.110753050642913;45.0;0.019586309790611267;0.583510948015731;81.33333333333333;213836
backdoor;44;0.01;0.14846080541610718;in_between;0.9897076080827152;85.29411764705883;8.833265012853285;18.823529411764707;213841
normal;44;0.01;in_between;4.903193599777103;46.666666666666664;0.018737545236945152;0.6033539640845023;81.0;213853
backdoor;45;0.01;0.14453695714473724;in_between;1.0409877580754898;85.29411764705883;8.75924067777746;19.41176470588235;213859
normal;45;0.01;in_between;4.774374679323106;47.0;0.01800849661231041;0.6145147128847991;81.0;213911
backdoor;46;0.01;0.1397886425256729;in_between;1.083834676181569;83.52941176470588;8.710832169476678;18.823529411764707;213917
normal;46;0.01;in_between;4.677578814025037;47.666666666666664;0.017459286376833916;0.618449861601257;81.0;213929
backdoor;47;0.01;0.13667504489421844;in_between;1.1248418793958777;83.52941176470588;8.649731265797335;18.823529411764707;213935
normal;47;0.01;in_between;4.59066391666187;48.666666666666664;0.016727106645703316;0.6265246184626692;81.0;213947
backdoor;48;0.01;0.1323874145746231;in_between;1.1610597495427903;82.3529411764706;8.615144886690027;19.41176470588235;213953
normal;48;0.01;in_between;4.526259885821831;49.0;0.015936335548758507;0.6317185787325191;80.66666666666667;214005
backdoor;49;0.01;0.1291072517633438;in_between;1.1778753357775071;82.3529411764706;8.635184703153723;20.0;214010
normal;49;0.01;in_between;4.513488069965485;49.0;0.015106855891644955;0.6342253367077744;81.0;214023
backdoor;50;0.01;0.12915456295013428;in_between;1.1756354640511906;82.3529411764706;8.668070378023035;20.58823529411765;214028
normal;50;0.01;in_between;4.524746103678529;49.333333333333336;0.014638802967965603;0.6426722065581756;81.0;214041
backdoor;51;0.01;0.13218773901462555;in_between;1.2078833061106065;82.3529411764706;8.78528787949506;20.58823529411765;214046
normal;51;0.01;in_between;4.486039602352806;49.666666666666664;0.014624406583607197;0.6317541205855862;80.0;214059
backdoor;52;0.01;0.1293310523033142;in_between;1.2630279912668116;80.58823529411765;8.736784138399011;21.764705882352942;214104
normal;52;0.01;in_between;4.4924055711359445;50.333333333333336;0.015452883206307888;0.631560641524496;80.33333333333333;214117
backdoor;53;0.01;0.13245873153209686;in_between;1.296923377934624;80.58823529411765;8.664959492402918;21.764705882352942;214122
normal;53;0.01;in_between;4.453307385534766;51.333333333333336;0.015717361122369766;0.626659559009034;80.33333333333333;214135
backdoor;54;0.01;0.12999683618545532;in_between;1.344568725193248;80.58823529411765;8.58933074053596;21.764705882352942;214140
normal;54;0.01;in_between;4.4165877894443595;51.666666666666664;0.014942187815904617;0.6299723939080892;80.33333333333333;214153
backdoor;55;0.01;0.12809103727340698;in_between;1.3844180377090678;80.58823529411765;8.495550267836627;22.352941176470587;214159
normal;55;0.01;in_between;4.367240474207695;51.666666666666664;0.01419975608587265;0.6352309449496413;80.33333333333333;214212
backdoor;56;0.01;0.12421873211860657;in_between;1.4346725895124324;79.41176470588235;8.410409411262064;22.941176470588236;214217
normal;56;0.01;in_between;4.298272270037123;51.666666666666664;0.013324391096830368;0.6423583495602604;80.33333333333333;214230
backdoor;57;0.01;0.11933115869760513;in_between;1.4886567256029914;77.05882352941177;8.313986789478975;22.941176470588236;214235
normal;57;0.01;in_between;4.230712105642015;52.333333333333336;0.012451909482479095;0.653065036136771;80.0;214248
backdoor;58;0.01;0.11373057961463928;in_between;1.5435310209498685;76.47058823529412;8.211365890502929;25.294117647058822;214253
normal;58;0.01;in_between;4.16762692252271;53.0;0.011454875580966473;0.6676056953262984;80.0;214307
backdoor;59;0.01;0.10677297413349152;in_between;1.5971095926621381;75.88235294117646;8.065077388987822;27.058823529411764;214312
normal;59;0.01;in_between;4.111174245927832;53.666666666666664;0.010375970043241978;0.6790299904341858;80.0;214325
backdoor;60;0.01;0.09880098700523376;in_between;1.6022874285193052;75.88235294117646;7.83779676100787;29.41176470588235;214330
normal;60;0.01;in_between;4.177830063901104;54.0;0.00955671165138483;0.7006657320259364;80.0;214344
backdoor;61;0.01;0.09460748732089996;in_between;1.6489071256974164;77.05882352941177;7.699639847699333;30.58823529411765;214348
normal;61;0.01;in_between;4.019725443635932;54.666666666666664;0.009301803074777126;0.752680741349756;79.66666666666667;214402
backdoor;62;0.01;0.09815394878387451;in_between;1.6721746977637797;76.47058823529412;7.613053535012638;31.176470588235293;214407
normal;62;0.01;in_between;3.9194946981268974;54.333333333333336;0.00919152982532978;0.8036837486425217;79.33333333333333;214420
backdoor;63;0.01;0.09827741980552673;in_between;1.6465557224610272;76.47058823529412;7.594441268023322;32.35294117647059;214425
normal;63;0.01;in_between;3.8253030716459033;55.0;0.009101332165300846;0.8310117546716841;79.33333333333333;214439
backdoor;64;0.01;0.09924463927745819;in_between;1.6659848143072689;75.29411764705883;7.5427611182717715;32.35294117647059;214443
normal;64;0.01;in_between;3.7167284110508625;55.333333333333336;0.009725085459649563;0.8472886008023761;79.33333333333333;214457
backdoor;65;0.01;0.10002566874027252;in_between;1.6634913234149709;75.29411764705883;7.493254223991843;32.94117647058823;214502
normal;65;0.01;in_between;3.6836754566281646;55.333333333333336;0.010411679744720459;0.8472978528340233;79.33333333333333;214515
backdoor;66;0.01;0.09366658329963684;in_between;1.6866915815016803;75.29411764705883;7.508729912252987;32.94117647058823;214520
normal;66;0.01;in_between;3.6320967994527504;55.666666666666664;0.010464868508279324;0.8194725930690341;79.33333333333333;214534
backdoor;67;0.01;0.08204840868711472;in_between;1.780150623181287;73.52941176470588;7.278026221780216;34.11764705882353;214539
normal;67;0.01;in_between;3.5452570121058185;56.666666666666664;0.008910315111279488;0.8559850690761869;79.33333333333333;214552
backdoor;68;0.01;0.07847043871879578;in_between;1.789898718104643;72.94117647058823;7.237536194745232;34.705882352941174;214557
normal;68;0.01;in_between;3.5312807783738633;56.666666666666664;0.008287484757602215;0.8352525047460874;79.0;214610
backdoor;69;0.01;0.06419318914413452;in_between;1.9139115137212417;71.17647058823529;6.888355389763327;36.470588235294116;214615
normal;69;0.01;in_between;3.5197270050807856;57.666666666666664;0.0060744150541722775;0.8363823640346391;78.33333333333333;214628
backdoor;70;0.01;0.0903947502374649;in_between;1.4027537493144764;82.3529411764706;6.8664196014404295;33.529411764705884;214633
normal;70;0.01;in_between;5.080705678905797;50.333333333333336;0.017257047817111015;0.8656869959830359;78.33333333333333;214647
backdoor;71;0.01;0.1418459266424179;in_between;1.3137304782867432;81.17647058823529;6.781067186243394;35.294117647058826;214652
normal;71;0.01;in_between;5.546993291374625;49.333333333333336;0.014035822823643684;0.8490939923126704;79.0;214705
backdoor;72;0.01;0.0858171284198761;in_between;1.668727104804095;78.82352941176471;6.3939821355483115;38.23529411764706;214710
normal;72;0.01;in_between;5.318428379787947;51.666666666666664;0.018823694437742233;0.8446778686840146;78.0;214723
backdoor;73;0.01;0.1507178246974945;in_between;1.2491545775357416;83.52941176470588;6.497468320061179;35.88235294117647;214728
normal;73;0.01;in_between;6.9144751191729545;48.666666666666664;0.034399062395095825;0.8065782757595904;78.0;214741
backdoor;74;0.01;0.10442480444908142;in_between;1.5668715406866636;76.47058823529412;6.394945997350356;37.64705882352941;214746
normal;74;0.01;in_between;4.693942328811002;51.0;0.01284805592149496;0.9687593764062694;77.66666666666667;214759
backdoor;75;0.01;0.11007856577634811;in_between;1.4498562188709483;80.58823529411765;6.117425447351792;38.8235294117647;214804
normal;75;0.01;in_between;5.094414985431358;51.0;0.013634353876113892;0.9089761511475566;77.66666666666667;214817
backdoor;76;0.01;0.06579134613275528;in_between;1.5156459156204671;80.0;6.254512472713695;42.35294117647059;214822
normal;76;0.01;in_between;4.4657103155594084;53.666666666666664;0.006877042818814516;0.9144026450313474;78.33333333333333;214835
backdoor;77;0.01;0.07177988439798355;in_between;1.6636195379145005;77.6470588235294;6.363047992481905;42.35294117647059;214840
normal;77;0.01;in_between;4.827959528507005;54.0;0.012207827530801296;0.7983016161121971;78.66666666666667;214853
backdoor;78;0.01;0.06571722775697708;in_between;1.6166660861057394;77.6470588235294;6.173619730332319;45.88235294117647;214858
normal;78;0.01;in_between;4.873334786843043;54.333333333333336;0.006331817712634802;0.9508191474277525;79.0;214911
backdoor;79;0.01;0.04890542849898338;in_between;1.851975460613475;74.11764705882354;6.203607233832864;44.705882352941174;214916
normal;79;0.01;in_between;4.088363558221997;56.666666666666664;0.005353868938982487;0.9978358439603623;78.66666666666667;214929
backdoor;80;0.01;0.07660448551177979;in_between;1.5123797553427079;82.3529411764706;5.742770834530101;45.294117647058826;214934
normal;80;0.01;in_between;5.8531409319551315;51.333333333333336;0.02441248670220375;1.0264241216574859;78.0;214948
backdoor;81;0.01;0.0631890594959259;in_between;1.9567194265477799;73.52941176470588;5.800937562830308;47.64705882352941;214953
normal;81;0.01;in_between;4.0233600361018516;57.333333333333336;0.006014685612171888;0.936240538358458;79.66666666666667;215006
backdoor;82;0.01;0.0480823814868927;in_between;2.129079656039967;72.3529411764706;6.119650560266831;47.05882352941177;215011
normal;82;0.01;in_between;3.5946786629509493;59.333333333333336;0.005237753037363291;1.0058606247106339;79.0;215024
backdoor;83;0.01;0.04982320964336395;in_between;1.9673181197222542;74.11764705882354;5.908210754394531;46.470588235294116;215029
normal;83;0.01;in_between;3.9941308491060044;58.666666666666664;0.010656352154910564;1.0267662600675551;78.33333333333333;215042
backdoor;84;0.01;0.08626571297645569;in_between;1.7948972421533922;77.05882352941177;5.7275644863353055;47.64705882352941;215047
normal;84;0.01;in_between;4.691725315036019;56.333333333333336;0.010723319835960865;1.0605690077938683;78.66666666666667;215100
backdoor;85;0.01;0.04690586403012276;in_between;2.2381223117603977;71.17647058823529;5.941431830911076;50.0;215106
normal;85;0.01;in_between;3.2087305066913054;60.666666666666664;0.004579666070640087;0.9733130677540703;80.0;215118
backdoor;86;0.01;0.04813855513930321;in_between;2.0784533851286944;74.11764705882354;5.974608948651482;50.0;215123
normal;86;0.01;in_between;3.7878281944904786;60.666666666666664;0.010000319220125675;0.9497414998212859;79.66666666666667;215136
backdoor;87;0.01;0.08293858170509338;in_between;2.091211024452658;74.70588235294117;6.6342369752771715;45.88235294117647;215141
normal;87;0.01;in_between;3.604763858790005;60.0;0.011182963848114014;0.8591891916591734;80.66666666666667;215154
backdoor;88;0.01;0.13107658922672272;in_between;2.0727288414450253;74.70588235294117;6.293926328771255;47.05882352941177;215159
normal;88;0.01;in_between;3.4702908363961615;60.666666666666664;0.008364380337297916;0.8676923245190119;80.66666666666667;215211
backdoor;89;0.01;0.10628240555524826;in_between;2.1426651674158435;71.76470588235294;5.89281286351821;50.0;215217
normal;89;0.01;in_between;3.170859531418537;62.0;0.004948312416672707;0.9300533103941991;80.66666666666667;215229
backdoor;90;0.01;0.040456801652908325;in_between;2.191815669396344;72.94117647058823;5.939151561961454;48.23529411764706;215234
normal;90;0.01;in_between;2.9202532003546366;63.0;0.005945759825408459;1.0031727508703427;79.33333333333333;215247
backdoor;91;0.01;0.059139594435691833;in_between;2.240372424967149;69.41176470588235;5.501463968613568;53.529411764705884;215252
normal;91;0.01;in_between;2.8691338216884468;62.666666666666664;0.007734150160104036;0.9559486611683451;79.33333333333333;215305
backdoor;92;0.01;0.08065897971391678;in_between;1.936978298075059;79.41176470588235;5.548883056640625;54.11764705882353;215310
normal;92;0.01;in_between;3.5347821961362693;59.666666666666664;0.011227400973439217;1.0065872198342565;79.33333333333333;215322
backdoor;93;0.01;0.07187339663505554;in_between;2.2309584575540877;69.41176470588235;5.700910972146427;52.94117647058823;215328
normal;93;0.01;in_between;2.9992217802078813;62.666666666666664;0.009731218218803406;0.9672881182033689;79.0;215340
backdoor;94;0.01;0.06509099155664444;in_between;2.3953132461099065;67.05882352941177;5.699320759492762;53.529411764705884;215346
normal;94;0.01;in_between;2.6951592028449523;65.0;0.009054792113602161;0.9509984564780158;79.33333333333333;215358
backdoor;95;0.01;0.0638749748468399;in_between;2.452866453282973;66.47058823529412;5.705424521951114;54.11764705882353;215403
normal;95;0.01;in_between;2.58558789595217;64.66666666666667;0.008470488712191582;0.9340297142663743;79.33333333333333;215416
backdoor;96;0.01;0.05804372578859329;in_between;2.54502577641431;66.47058823529412;5.572723635505228;55.294117647058826;215421
normal;96;0.01;in_between;2.4966640261111994;65.66666666666667;0.006038582883775234;0.9553512096404453;78.66666666666667;215434
backdoor;97;0.01;0.04414137452840805;in_between;2.2262541813008925;70.58823529411765;5.198930201810949;56.470588235294116;215439
normal;97;0.01;in_between;2.884336919376777;65.0;0.004742536693811417;1.0835479374726142;77.33333333333333;215451
backdoor;98;0.01;0.03805045410990715;in_between;2.474762658511891;67.6470588235294;5.431531928567326;56.470588235294116;215455
normal;98;0.01;in_between;2.727243169166104;67.66666666666667;0.004596272483468056;1.0182221374908993;79.0;215506
backdoor;99;0.01;0.04752803593873978;in_between;2.424847906477311;67.05882352941177;5.457365036010742;56.470588235294116;215510
normal;99;0.01;in_between;2.7982292603003347;67.33333333333333;0.005898004397749901;1.0659059664606958;78.66666666666667;215520
backdoor;100;0.01;0.04822920635342598;in_between;2.543304880927591;66.47058823529412;5.349837381699506;57.05882352941177;215524
normal;100;0.01;in_between;2.707785350063908;69.0;0.005258387420326471;1.1080038126309606;77.66666666666667;215534
