#merge strategy: sequential
#number of distributed sources: 5
#batch size: 10
#distribution of data: equally distributed subset
#percentage of backdoored nodes: 0.2
#percentage of poisoned data in backdoored nodes: 100
#way backdoor looks like: glasses
#order of time: backdoors first
#attack model: basic
#starttime: 170136
training_type;epoch_number;learn_rate;avg_training_loss;avg_test_loss;test_accuracy;timestamp
backdoor;1;0.01;2.5502212047576904;2.5195350646972656;100.0;170157
normal;1;0.01;2.573660135269165;2.565163098848783;7.6923076923076925;170330
backdoor;2;0.01;2.499624729156494;2.469395319620768;100.0;170357
normal;2;0.01;2.573918342590332;2.565395611983079;7.6923076923076925;170521
backdoor;3;0.01;2.449769973754883;2.417740080091688;100.0;170548
normal;3;0.01;2.57486891746521;2.5658996288592997;7.6923076923076925;170713
backdoor;4;0.01;2.394617795944214;2.360734303792318;100.0;170739
normal;4;0.01;2.577446937561035;2.566691985497108;7.6923076923076925;170904
backdoor;5;0.01;2.3305463790893555;2.295007493760851;100.0;170931
normal;5;0.01;2.5820717811584473;2.567908213688777;7.6923076923076925;171056
backdoor;6;0.01;2.2483348846435547;2.2165525224473743;100.0;171123
normal;6;0.01;2.590566873550415;2.5699773935171275;7.6923076923076925;171247
backdoor;7;0.01;2.1400606632232666;2.1317857106526694;100.0;171314
normal;7;0.01;2.608597755432129;2.5732317704420824;7.6923076923076925;171438
backdoor;8;0.01;2.0124192237854004;2.0844088660346136;100.0;171505
normal;8;0.01;2.633335590362549;2.5755831645085263;7.6923076923076925;171629
backdoor;9;0.01;1.9434051513671875;2.0600560506184897;100.0;171656
normal;9;0.01;2.6414201259613037;2.5769058741056003;7.6923076923076925;171820
backdoor;10;0.01;1.9270219802856445;2.048984103732639;100.0;171846
normal;10;0.01;2.6390767097473145;2.577375191908616;7.6923076923076925;172010
backdoor;11;0.01;1.923462152481079;2.03096686469184;100.0;172037
normal;11;0.01;2.636075258255005;2.5782211743868313;7.6923076923076925;172201
backdoor;12;0.01;1.9033550024032593;2.0085076226128473;100.0;172228
normal;12;0.01;2.632859468460083;2.5794738622812123;7.6923076923076925;172352
backdoor;13;0.01;1.8818402290344238;1.9909528096516926;100.0;172418
normal;13;0.01;2.6341564655303955;2.580445179572472;7.6923076923076925;172542
backdoor;14;0.01;1.8565073013305664;1.9815292358398438;100.0;172609
normal;14;0.01;2.635399580001831;2.580922346848708;7.6923076923076925;172733
backdoor;15;0.01;1.8594238758087158;1.964124043782552;100.0;172800
normal;15;0.01;2.631601333618164;2.5819448691148024;7.6923076923076925;172924
backdoor;16;0.01;1.843155860900879;1.9524991777208116;100.0;172951
normal;16;0.01;2.632781505584717;2.5826388138991137;7.6923076923076925;173115
backdoor;17;0.01;1.848876714706421;1.9374730851915147;100.0;173142
normal;17;0.01;2.6293861865997314;2.583556762108436;7.6923076923076925;173306
backdoor;18;0.01;1.8296458721160889;1.9229119618733723;100.0;173333
normal;18;0.01;2.630004405975342;2.584514544560359;7.6923076923076925;173457
backdoor;19;0.01;1.8086895942687988;1.9040520985921223;100.0;173523
normal;19;0.01;2.6295671463012695;2.5857799236591044;7.6923076923076925;173648
backdoor;20;0.01;1.7853344678878784;1.888419681125217;100.0;173715
normal;20;0.01;2.6308679580688477;2.586724648108849;7.6923076923076925;173839
backdoor;21;0.01;1.7810454368591309;1.8772265116373699;100.0;173906
normal;21;0.01;2.6314637660980225;2.5872972194965067;7.6923076923076925;174031
backdoor;22;0.01;1.765812873840332;1.8673458099365234;100.0;174057
normal;22;0.01;2.632845401763916;2.5878040973956766;7.6923076923076925;174222
backdoor;23;0.01;1.759482741355896;1.8536256154378254;100.0;174248
normal;23;0.01;2.6319944858551025;2.5886292457580566;7.6923076923076925;174413
backdoor;24;0.01;1.7514100074768066;1.8424084981282551;100.0;174439
normal;24;0.01;2.6317310333251953;2.589368453392616;7.6923076923076925;174604
backdoor;25;0.01;1.7431354522705078;1.8300730387369792;100.0;174630
normal;25;0.01;2.6311588287353516;2.590242495903602;7.6923076923076925;174755
backdoor;26;0.01;1.7247257232666016;1.818581051296658;100.0;174822
normal;26;0.01;2.6321306228637695;2.5908229534442606;7.6923076923076925;174947
backdoor;27;0.01;1.7255141735076904;1.8069871266682942;100.0;175014
normal;27;0.01;2.6308555603027344;2.5915552286001353;7.6923076923076925;175139
backdoor;28;0.01;1.7061809301376343;1.7963555653889973;100.0;175206
normal;28;0.01;2.6336283683776855;2.5922762063833384;7.6923076923076925;175330
backdoor;29;0.01;1.695749044418335;1.7821498446994357;100.0;175357
normal;29;0.01;2.6317505836486816;2.5932316413292518;7.6923076923076925;175522
backdoor;30;0.01;1.685104250907898;1.778313742743598;100.0;175548
normal;30;0.01;2.635845899581909;2.5931356870211086;7.6923076923076925;175713
backdoor;31;0.01;1.6844428777694702;1.7694496578640408;100.0;175740
normal;31;0.01;2.633960485458374;2.5936490572415867;7.6923076923076925;175905
backdoor;32;0.01;1.6689571142196655;1.7583479351467557;100.0;175931
normal;32;0.01;2.63358473777771;2.5941822345440206;7.6923076923076925;180057
backdoor;33;0.01;1.6585862636566162;1.7508156034681532;100.0;180124
normal;33;0.01;2.634030342102051;2.594413610605093;7.6923076923076925;180249
backdoor;34;0.01;1.647754192352295;1.742449442545573;100.0;180317
normal;34;0.01;2.635754108428955;2.594712257385254;7.6923076923076925;180442
backdoor;35;0.01;1.63365638256073;1.7340381410386827;100.0;180509
normal;35;0.01;2.6356842517852783;2.5949779657217174;7.6923076923076925;180634
backdoor;36;0.01;1.6401124000549316;1.728311750623915;100.0;180701
normal;36;0.01;2.6338419914245605;2.5947046279907227;7.6923076923076925;180826
backdoor;37;0.01;1.6292027235031128;1.7211596171061199;100.0;180853
normal;37;0.01;2.634608030319214;2.5948635981633115;7.6923076923076925;181018
backdoor;38;0.01;1.622459888458252;1.713277816772461;100.0;181045
normal;38;0.01;2.6347482204437256;2.594929034893329;7.6923076923076925;181211
backdoor;39;0.01;1.6140722036361694;1.7106977038913302;100.0;181238
normal;39;0.01;2.6360995769500732;2.594308779789851;7.6923076923076925;181403
backdoor;40;0.01;1.6037367582321167;1.7051033443874783;100.0;181430
normal;40;0.01;2.6339526176452637;2.59392943749061;7.6923076923076925;181555
backdoor;41;0.01;1.59683358669281;1.6977787017822266;100.0;181621
normal;41;0.01;2.6335885524749756;2.59345949613131;7.6923076923076925;181747
backdoor;42;0.01;1.5914735794067383;1.6951749589708116;100.0;181814
normal;42;0.01;2.634702682495117;2.592610139113206;7.6923076923076925;181939
backdoor;43;0.01;1.586179256439209;1.6925733354356554;100.0;182010
normal;43;0.01;2.6338560581207275;2.591449444110577;7.6923076923076925;182135
backdoor;44;0.01;1.5797332525253296;1.6839065551757812;100.0;182201
normal;44;0.01;2.6308348178863525;2.5906756474421573;7.6923076923076925;182326
backdoor;45;0.01;1.5600847005844116;1.6799790064493816;100.0;182352
normal;45;0.01;2.633418321609497;2.58933111337515;7.6923076923076925;182517
backdoor;46;0.01;1.5567941665649414;1.6792623731825087;100.0;182544
normal;46;0.01;2.633497476577759;2.587927451500526;7.6923076923076925;182708
backdoor;47;0.01;1.5609482526779175;1.67991394466824;100.0;182735
normal;47;0.01;2.631721019744873;2.585860252380371;7.6923076923076925;182859
backdoor;48;0.01;1.5570392608642578;1.6823498407999675;100.0;182926
normal;48;0.01;2.6302506923675537;2.582654512845553;7.6923076923076925;183051
backdoor;49;0.01;1.5499274730682373;1.6855648888481989;100.0;183117
normal;49;0.01;2.6302433013916016;2.5796297513521633;7.6923076923076925;183242
backdoor;50;0.01;1.5517247915267944;1.6852050357394748;100.0;183308
normal;50;0.01;2.626972198486328;2.5762756787813625;7.6923076923076925;183433
backdoor;51;0.01;1.5445321798324585;1.687286588880751;100.0;183500
normal;51;0.01;2.625009775161743;2.572219041677622;7.6923076923076925;183625
backdoor;52;0.01;1.5411567687988281;1.6908530129326715;100.0;183651
normal;52;0.01;2.62298846244812;2.567746015695425;7.6923076923076925;183816
backdoor;53;0.01;1.5385431051254272;1.69649166531033;100.0;183842
normal;53;0.01;2.622159719467163;2.5624249164874735;7.6923076923076925;184007
backdoor;54;0.01;1.532395362854004;1.70518069797092;100.0;184033
normal;54;0.01;2.615107297897339;2.555328992696909;7.6923076923076925;184159
backdoor;55;0.01;1.533697485923767;1.716255611843533;100.0;184230
normal;55;0.01;2.613208055496216;2.546608044550969;7.6923076923076925;184428
backdoor;56;0.01;1.5349135398864746;1.7293051613701715;100.0;184503
normal;56;0.01;2.612844467163086;2.5383290510911207;7.6923076923076925;184645
backdoor;57;0.01;1.5271471738815308;1.7362444135877821;100.0;184717
normal;57;0.01;2.605083465576172;2.527877404139592;7.6923076923076925;184859
backdoor;58;0.01;1.5261211395263672;1.7503265804714627;100.0;184930
normal;58;0.01;2.6031148433685303;2.5161301539494443;7.6923076923076925;185105
backdoor;59;0.01;1.5138967037200928;1.7746077643500433;100.0;185139
normal;59;0.01;2.5955638885498047;2.500459230863131;7.6923076923076925;185320
backdoor;60;0.01;1.5222110748291016;1.799743440416124;100.0;185351
normal;60;0.01;2.5839216709136963;2.4817852607140174;7.6923076923076925;185532
backdoor;61;0.01;1.509294033050537;1.8369566599527996;100.0;185608
normal;61;0.01;2.579059600830078;2.459354180556077;7.6923076923076925;185750
backdoor;62;0.01;1.5219773054122925;1.8774365319146051;100.0;185822
normal;62;0.01;2.565739870071411;2.432546322162335;7.6923076923076925;190004
backdoor;63;0.01;1.51408052444458;1.9316755930582683;100.0;190036
normal;63;0.01;2.5471763610839844;2.402640379392184;7.6923076923076925;190222
backdoor;64;0.01;1.4984015226364136;1.964043723212348;100.0;190253
normal;64;0.01;2.548741340637207;2.3809857735267053;7.6923076923076925;190432
backdoor;65;0.01;1.497862696647644;2.042983161078559;22.22222222222222;190504
normal;65;0.01;2.522181272506714;2.3440038974468527;15.384615384615385;190637
backdoor;66;0.01;1.5144999027252197;2.0928851233588324;11.11111111111111;190707
normal;66;0.01;2.503209352493286;2.3478334500239444;15.384615384615385;190841
backdoor;67;0.01;1.489708662033081;2.06221432156033;0.0;190908
normal;67;0.01;2.4935429096221924;2.356086877676157;23.076923076923077;191040
backdoor;68;0.01;1.3515642881393433;2.04437255859375;0.0;191109
normal;68;0.01;2.494960069656372;2.3431544670691857;23.076923076923077;191238
backdoor;69;0.01;1.3371728658676147;2.0693787468804254;0.0;191307
normal;69;0.01;2.4425160884857178;2.3236125799325795;23.076923076923077;191438
backdoor;70;0.01;1.346923828125;2.0623230404324002;0.0;191508
normal;70;0.01;2.392742156982422;2.3253132746769833;23.076923076923077;191639
backdoor;71;0.01;1.3174996376037598;2.0180464850531683;22.22222222222222;191706
normal;71;0.01;2.344249963760376;2.2591671576866736;23.076923076923077;191837
backdoor;72;0.01;1.3500622510910034;1.9417817857530382;33.333333333333336;191905
normal;72;0.01;2.37593412399292;2.2249798407921424;23.076923076923077;192032
backdoor;73;0.01;1.237607479095459;2.2907736036512585;0.0;192059
normal;73;0.01;2.2970714569091797;2.1260720032912035;23.076923076923077;192225
backdoor;74;0.01;1.4005074501037598;2.6526476542154946;0.0;192253
normal;74;0.01;2.2199044227600098;2.09856444138747;15.384615384615385;192417
backdoor;75;0.01;1.447969913482666;2.952850341796875;0.0;192443
normal;75;0.01;2.1833248138427734;2.059531248532809;15.384615384615385;192606
backdoor;76;0.01;1.488929271697998;2.99641842312283;0.0;192633
normal;76;0.01;2.1578927040100098;1.9619068732628455;15.384615384615385;192756
backdoor;77;0.01;1.4713976383209229;3.247412999471029;0.0;192829
normal;77;0.01;2.0894486904144287;1.9167676338782678;15.384615384615385;193005
backdoor;78;0.01;1.5331225395202637;3.1636004977756076;0.0;193033
normal;78;0.01;2.1042063236236572;1.8580034329341009;23.076923076923077;193202
backdoor;79;0.01;1.4441465139389038;3.055259280734592;0.0;193229
normal;79;0.01;2.1135802268981934;1.7810000639695387;23.076923076923077;193353
backdoor;80;0.01;1.4237899780273438;3.095137702094184;0.0;193420
normal;80;0.01;2.051858425140381;1.8884732173039362;23.076923076923077;193544
backdoor;81;0.01;1.2990800142288208;3.48698001437717;0.0;193611
normal;81;0.01;1.9613661766052246;1.9803889347956731;15.384615384615385;193740
backdoor;82;0.01;1.0642423629760742;3.5931502448187933;0.0;193807
normal;82;0.01;1.9303923845291138;2.08310420696552;15.384615384615385;193931
backdoor;83;0.01;0.9274449348449707;3.5713878207736545;11.11111111111111;193958
normal;83;0.01;1.8960262537002563;2.055669674506554;23.076923076923077;194122
backdoor;84;0.01;0.9454535245895386;4.241937849256727;11.11111111111111;194149
normal;84;0.01;1.8526118993759155;2.0019326576819787;15.384615384615385;194314
backdoor;85;0.01;1.0979821681976318;4.952489640977648;0.0;194340
normal;85;0.01;1.691860556602478;2.1381617326002855;30.76923076923077;194503
backdoor;86;0.01;1.0601354837417603;6.247854444715712;0.0;194530
normal;86;0.01;1.59736967086792;2.8488588333129883;15.384615384615385;194705
backdoor;87;0.01;1.4998444318771362;4.430214352077908;0.0;194734
normal;87;0.01;1.7430802583694458;2.282949007474459;15.384615384615385;194859
backdoor;88;0.01;1.1657819747924805;4.964093526204427;11.11111111111111;194925
normal;88;0.01;1.5551187992095947;2.4927366696871243;23.076923076923077;195048
backdoor;89;0.01;1.0320093631744385;5.041024102105035;0.0;195114
normal;89;0.01;1.7179816961288452;2.4142475494971642;15.384615384615385;195238
backdoor;90;0.01;0.9429459571838379;4.837418450249566;11.11111111111111;195305
normal;90;0.01;1.510493278503418;2.254908194908729;30.76923076923077;195429
backdoor;91;0.01;0.6396036148071289;3.992950015597873;22.22222222222222;195456
normal;91;0.01;1.632578730583191;1.557640130703266;30.76923076923077;195618
backdoor;92;0.01;0.6427826881408691;4.917229546440972;22.22222222222222;195644
normal;92;0.01;1.4231667518615723;1.7957225212684045;38.46153846153846;195806
backdoor;93;0.01;0.6984390020370483;5.549741956922743;11.11111111111111;195832
normal;93;0.01;1.4253458976745605;2.1624038769648624;30.76923076923077;195954
backdoor;94;0.01;0.7629852294921875;5.372396257188585;11.11111111111111;200020
normal;94;0.01;1.37679123878479;1.1199760803809533;61.53846153846154;200142
backdoor;95;0.01;1.0739452838897705;5.5115000406901045;11.11111111111111;200208
normal;95;0.01;1.1915851831436157;1.748128157395583;38.46153846153846;200331
backdoor;96;0.01;0.8045042753219604;7.062848409016927;11.11111111111111;200357
normal;96;0.01;1.2358677387237549;2.7102123407217174;30.76923076923077;200520
backdoor;97;0.01;1.0117547512054443;4.864983452690972;22.22222222222222;200546
normal;97;0.01;1.294783115386963;2.5790945199819713;23.076923076923077;200706
backdoor;98;0.01;0.5998222231864929;7.936371697319879;11.11111111111111;200732
normal;98;0.01;0.998578667640686;2.0568247575026293;30.76923076923077;200852
backdoor;99;0.01;1.086440086364746;7.674858940972222;11.11111111111111;200918
normal;99;0.01;0.8197226524353027;1.7209318234370306;46.15384615384615;201038
backdoor;100;0.01;0.9176074862480164;7.117200215657552;11.11111111111111;201104
normal;100;0.01;1.3043912649154663;1.2986631393432617;69.23076923076923;201224
backdoor;101;0.01;0.7955604791641235;6.507376776801215;22.22222222222222;201250
normal;101;0.01;1.2657254934310913;1.79052734375;53.84615384615385;201410
backdoor;102;0.01;0.5519206523895264;8.394857618543837;0.0;201436
normal;102;0.01;0.8563737273216248;0.9741519047663763;69.23076923076923;201556
backdoor;103;0.01;0.618178129196167;8.062080383300781;0.0;201622
normal;103;0.01;1.052276849746704;0.772945183974046;69.23076923076923;201742
backdoor;104;0.01;1.2465794086456299;8.394529554578993;0.0;201808
normal;104;0.01;0.6934915781021118;0.5845473729647123;84.61538461538461;201928
backdoor;105;0.01;0.9145344495773315;10.20747545030382;0.0;201954
normal;105;0.01;0.6827073097229004;1.302685627570519;61.53846153846154;202115
backdoor;106;0.01;0.8438073992729187;9.910693698459202;22.22222222222222;202141
normal;106;0.01;0.6186068058013916;1.5462504900418794;69.23076923076923;202301
backdoor;107;0.01;0.4795616567134857;10.74251980251736;0.0;202326
normal;107;0.01;0.6260678172111511;1.079052631671612;76.92307692307692;202445
backdoor;108;0.01;0.9080938696861267;9.618498060438368;11.11111111111111;202511
normal;108;0.01;0.5575786232948303;0.634894847869873;84.61538461538461;202631
backdoor;109;0.01;0.7286192178726196;10.720433553059896;0.0;202656
normal;109;0.01;0.5543920993804932;0.5730329293471116;69.23076923076923;202816
backdoor;110;0.01;0.5850573778152466;6.981214735243055;22.22222222222222;202842
normal;110;0.01;1.0210016965866089;1.1631700075589693;76.92307692307692;203001
backdoor;111;0.01;0.5509709715843201;6.006588829888238;22.22222222222222;203026
normal;111;0.01;1.5029171705245972;0.64287779881404;84.61538461538461;203146
backdoor;112;0.01;0.4686824679374695;10.673290676540798;11.11111111111111;203211
normal;112;0.01;0.5751971006393433;0.6985109035785382;84.61538461538461;203331
backdoor;113;0.01;1.1212234497070312;7.869138929578993;11.11111111111111;203356
normal;113;0.01;0.5720521211624146;0.5528453313387357;84.61538461538461;203516
backdoor;114;0.01;0.6493527889251709;10.484976874457466;11.11111111111111;203541
normal;114;0.01;0.38069960474967957;0.850003169133113;92.3076923076923;203700
backdoor;115;0.01;0.8936375379562378;7.65614488389757;11.11111111111111;203726
normal;115;0.01;0.8033115863800049;0.5622463959913987;84.61538461538461;203845
backdoor;116;0.01;0.7858121395111084;3.7791061401367188;11.11111111111111;203911
normal;116;0.01;1.0505077838897705;0.6633966519282415;76.92307692307692;204030
backdoor;117;0.01;0.7585129737854004;9.37101576063368;11.11111111111111;204056
normal;117;0.01;0.42158830165863037;1.0681761961716871;69.23076923076923;204215
backdoor;118;0.01;0.5704666376113892;10.76625230577257;0.0;204241
normal;118;0.01;0.4557088017463684;0.6637326020460862;76.92307692307692;204400
backdoor;119;0.01;1.054510474205017;7.18351067437066;33.333333333333336;204426
normal;119;0.01;0.17501631379127502;0.45617151260375977;92.3076923076923;204545
backdoor;120;0.01;0.25901103019714355;7.3455810546875;33.333333333333336;204611
normal;120;0.01;0.11510926485061646;0.3619329012357272;92.3076923076923;204730
backdoor;121;0.01;0.15968728065490723;4.679007212320964;0.0;204756
normal;121;0.01;1.1655601263046265;6.355107820951021;7.6923076923076925;204915
backdoor;122;0.01;1.396491289138794;2.878487481011285;22.22222222222222;204940
normal;122;0.01;2.1386008262634277;0.8081647799565241;76.92307692307692;205059
backdoor;123;0.01;0.7357909679412842;6.233754052056207;22.22222222222222;205124
normal;123;0.01;0.7448018193244934;0.9191427964430589;92.3076923076923;205243
backdoor;124;0.01;0.9277980327606201;4.917500389946832;33.333333333333336;205308
normal;124;0.01;0.38515135645866394;0.5150750233576848;92.3076923076923;205428
backdoor;125;0.01;0.17757263779640198;6.895735846625434;33.333333333333336;205453
normal;125;0.01;0.2017211616039276;0.9028783578139085;84.61538461538461;205612
backdoor;126;0.01;0.12488327920436859;6.89246326022678;44.44444444444444;205638
normal;126;0.01;0.36626049876213074;0.975625258225661;76.92307692307692;205758
backdoor;127;0.01;0.1965898722410202;4.271878560384114;33.333333333333336;205823
normal;127;0.01;1.20088791847229;0.4454171840961163;84.61538461538461;205941
backdoor;128;0.01;0.2929424047470093;5.650410546196832;33.333333333333336;210007
normal;128;0.01;0.14255639910697937;0.25785024349506086;84.61538461538461;210126
backdoor;129;0.01;0.10103484243154526;5.240828620062934;33.333333333333336;210151
normal;129;0.01;0.4594059884548187;0.6060872811537522;84.61538461538461;210310
backdoor;130;0.01;0.11669467389583588;3.8437169392903647;44.44444444444444;210335
normal;130;0.01;0.8248710036277771;0.35359789774968076;84.61538461538461;210454
backdoor;131;0.01;0.15039288997650146;4.987284342447917;44.44444444444444;210519
normal;131;0.01;0.11953423917293549;0.23529591927161583;92.3076923076923;210638
backdoor;132;0.01;0.2059679627418518;5.479554918077257;33.333333333333336;210703
normal;132;0.01;0.05020906403660774;0.2423557134775015;92.3076923076923;210822
backdoor;133;0.01;0.0888529047369957;6.166330125596788;33.333333333333336;210848
normal;133;0.01;0.050056084990501404;0.23269264514629656;92.3076923076923;211007
backdoor;134;0.01;0.06810352206230164;5.176601409912109;55.55555555555556;211032
normal;134;0.01;0.013664552941918373;0.28990602493286133;92.3076923076923;211151
backdoor;135;0.01;0.0021083196625113487;5.9991739061143665;44.44444444444444;211217
normal;135;0.01;0.016445204615592957;0.2671695122352013;92.3076923076923;211336
backdoor;136;0.01;0.0053674220107495785;6.239317576090495;44.44444444444444;211401
normal;136;0.01;0.005951142869889736;0.3013445780827449;92.3076923076923;211520
backdoor;137;0.01;0.0033334256149828434;6.3451122707790795;44.44444444444444;211546
normal;137;0.01;0.00385174248367548;0.29399629739614636;92.3076923076923;211705
backdoor;138;0.01;0.013316958211362362;6.014898088243273;44.44444444444444;211730
normal;138;0.01;0.00723647978156805;0.31210803985595703;92.3076923076923;211849
backdoor;139;0.01;0.0013291914947330952;5.977772606743707;55.55555555555556;211914
normal;139;0.01;0.007020292803645134;0.2645538036639874;92.3076923076923;212034
backdoor;140;0.01;0.0020910105668008327;6.245973375108507;44.44444444444444;212059
normal;140;0.01;0.0035451396834105253;0.285923591026893;92.3076923076923;212218
backdoor;141;0.01;0.0046558380126953125;6.346549140082465;55.55555555555556;212244
normal;141;0.01;0.0033406061120331287;0.34267403529240537;92.3076923076923;212403
backdoor;142;0.01;0.008266529068350792;6.227478875054254;55.55555555555556;212428
normal;142;0.01;0.002733988454565406;0.3593940001267653;92.3076923076923;212547
backdoor;143;0.01;0.0011940400581806898;6.217940436469184;55.55555555555556;212613
normal;143;0.01;0.0030153298284858465;0.3142927609957181;92.3076923076923;212732
backdoor;144;0.01;0.0009545882930979133;6.515822940402561;55.55555555555556;212757
normal;144;0.01;0.003307499922811985;0.31269344916710484;92.3076923076923;212916
backdoor;145;0.01;0.0013347864151000977;6.584950764973958;55.55555555555556;212942
normal;145;0.01;0.0012186054373160005;0.3212081469022311;92.3076923076923;213101
backdoor;146;0.01;0.002167813014239073;6.711306254069011;55.55555555555556;213126
normal;146;0.01;0.0016429817769676447;0.32110456319955677;92.3076923076923;213245
backdoor;147;0.01;0.0024788063019514084;6.788155025906033;55.55555555555556;213311
normal;147;0.01;0.0020398711785674095;0.32064085740309495;92.3076923076923;213430
backdoor;148;0.01;0.0025696675293147564;6.832589891221788;55.55555555555556;213455
normal;148;0.01;0.0015753388870507479;0.3546497638408954;92.3076923076923;213614
backdoor;149;0.01;0.000750422477722168;6.92272228664822;55.55555555555556;213640
normal;149;0.01;0.0012902271701022983;0.35456268603985125;92.3076923076923;213759
backdoor;150;0.01;0.00012056033301632851;7.033662584092882;55.55555555555556;213825
normal;150;0.01;0.0009717069333419204;0.3770947823157677;92.3076923076923;213944
backdoor;151;0.01;0.000789896585047245;7.365086025661892;55.55555555555556;214010
normal;151;0.01;0.0018972494872286916;0.39005712362436146;92.3076923076923;214129
backdoor;152;0.01;0.000563764595426619;7.441193474663629;55.55555555555556;214155
normal;152;0.01;0.001159231411293149;0.3980867679302509;92.3076923076923;214314
backdoor;153;0.01;0.0004674593801610172;7.529337565104167;55.55555555555556;214339
normal;153;0.01;0.0009994227439165115;0.3967434809758113;92.3076923076923;214458
backdoor;154;0.01;0.0005554596427828074;7.607665167914496;55.55555555555556;214524
normal;154;0.01;0.0010370316449552774;0.39731546548696667;92.3076923076923;214643
backdoor;155;0.01;0.0009610971319489181;8.643261379665798;33.333333333333336;214708
normal;155;0.01;0.008038182742893696;0.4111730135404147;92.3076923076923;214827
backdoor;156;0.01;0.02843325212597847;6.867479960123698;55.55555555555556;214853
normal;156;0.01;0.0016441850457340479;0.29749855628380406;92.3076923076923;215012
backdoor;157;0.01;0.0002734661102294922;7.283352322048611;55.55555555555556;215037
normal;157;0.01;0.0032075459603220224;0.2938421689547025;92.3076923076923;215156
backdoor;158;0.01;0.0007245064480230212;7.377005683051215;55.55555555555556;215222
normal;158;0.01;0.0011289897374808788;0.3331177784846379;92.3076923076923;215341
backdoor;159;0.01;0.0003124634677078575;7.370669894748264;55.55555555555556;215406
normal;159;0.01;0.0007115476182661951;0.32603938762958234;92.3076923076923;215525
backdoor;160;0.01;0.0005477349041029811;7.596702575683594;55.55555555555556;215551
normal;160;0.01;0.0030803647823631763;0.3417977553147536;92.3076923076923;215710
backdoor;161;0.01;0.0003864606551360339;7.675218370225695;55.55555555555556;215735
normal;161;0.01;0.0007102061063051224;0.3441941187931941;92.3076923076923;215854
backdoor;162;0.01;0.0016712190117686987;7.673662821451823;55.55555555555556;215920
normal;162;0.01;0.0012158736353740096;0.36549802926870495;92.3076923076923;220039
backdoor;163;0.01;0.0001732667296892032;7.691663106282552;55.55555555555556;220104
normal;163;0.01;0.0011885297717526555;0.3603936708890475;92.3076923076923;220224
backdoor;164;0.01;0.0007337172864936292;7.6286816067165795;55.55555555555556;220249
normal;164;0.01;0.000690316956024617;0.3529955056997446;92.3076923076923;220408
backdoor;165;0.01;0.00010218621173407882;7.728670756022136;55.55555555555556;220434
normal;165;0.01;0.0008762678480707109;0.35772705078125;92.3076923076923;220553
backdoor;166;0.01;0.0008322000503540039;7.748152838812934;55.55555555555556;220618
normal;166;0.01;0.0009436344844289124;0.36333810366117036;92.3076923076923;220738
backdoor;167;0.01;0.00021397274394985288;7.791761610243055;55.55555555555556;220803
normal;167;0.01;0.0006847766344435513;0.36702075371375453;92.3076923076923;220922
backdoor;168;0.01;8.854865882312879e-05;7.87343512641059;55.55555555555556;220948
normal;168;0.01;0.0006306477589532733;0.3728683911837064;92.3076923076923;221107
backdoor;169;0.01;0.001788926194421947;7.814019944932726;55.55555555555556;221133
normal;169;0.01;0.0014543045544996858;0.3858480453491211;92.3076923076923;221252
backdoor;170;0.01;4.0721897676121444e-05;7.857994927300347;55.55555555555556;221317
normal;170;0.01;0.0004165740101598203;0.38199776869553786;92.3076923076923;221437
backdoor;171;0.01;0.00056401890469715;7.8721508449978295;55.55555555555556;221502
normal;171;0.01;0.00045970248174853623;0.3780678969163161;92.3076923076923;221621
backdoor;172;0.01;9.806951129576191e-05;7.898228115505642;55.55555555555556;221646
normal;172;0.01;0.0003051321255043149;0.3809506342961238;92.3076923076923;221806
backdoor;173;0.01;4.183451528660953e-05;7.9474682278103295;55.55555555555556;221831
normal;173;0.01;0.0009599167970009148;0.3890037536621094;92.3076923076923;221950
backdoor;174;0.01;0.00026092532789334655;8.079872131347656;55.55555555555556;222019
normal;174;0.01;0.0008909868774935603;0.4319953918457031;92.3076923076923;222138
backdoor;175;0.01;0.0003199259517714381;8.093527899848091;55.55555555555556;222204
normal;175;0.01;0.00047996369539760053;0.42894840240478516;92.3076923076923;222323
backdoor;176;0.01;0.0002398570504738018;8.139109293619791;55.55555555555556;222350
normal;176;0.01;0.0005126575706526637;0.4308777589064378;92.3076923076923;222513
backdoor;177;0.01;0.00032460689544677734;8.374335394965279;55.55555555555556;222539
normal;177;0.01;0.001970825716853142;0.4666713567880484;92.3076923076923;222701
backdoor;178;0.01;6.391207716660574e-05;8.414054870605469;55.55555555555556;222726
normal;178;0.01;0.0003568488755263388;0.46730437645545375;92.3076923076923;222845
backdoor;179;0.01;6.774267239961773e-05;8.482949998643663;55.55555555555556;222911
normal;179;0.01;0.0008321070927195251;0.4658308762770433;92.3076923076923;223030
backdoor;180;0.01;8.287430682685226e-05;8.875010172526041;55.55555555555556;223055
normal;180;0.01;0.0006888986681587994;0.47319170144888073;92.3076923076923;223215
backdoor;181;0.01;6.399155245162547e-05;9.044135199652779;55.55555555555556;223240
normal;181;0.01;0.0020512943156063557;0.45305164043719953;92.3076923076923;223359
backdoor;182;0.01;0.00023622512526344508;9.08009507921007;55.55555555555556;223424
normal;182;0.01;0.0002361933293286711;0.4555201897254357;92.3076923076923;223543
backdoor;183;0.01;0.000436377536971122;9.075631035698784;44.44444444444444;223609
normal;183;0.01;0.0008437747019343078;0.4445659930889423;92.3076923076923;223728
backdoor;184;0.01;4.145304410485551e-05;8.887264675564236;55.55555555555556;223754
normal;184;0.01;0.0013666660524904728;0.42215582040640026;92.3076923076923;223913
backdoor;185;0.01;7.721583097008988e-05;8.972197638617622;55.55555555555556;223938
normal;185;0.01;0.0003218353958800435;0.42466530433067906;92.3076923076923;224057
backdoor;186;0.01;0.00022171338787302375;8.628675672743055;44.44444444444444;224123
normal;186;0.01;0.0026105381548404694;0.17161802145150992;92.3076923076923;224242
backdoor;187;0.01;4.973411705577746e-05;8.680284288194445;44.44444444444444;224308
normal;187;0.01;0.0003507181245367974;0.1805590849656325;92.3076923076923;224427
backdoor;188;0.01;0.00014661153545603156;8.870546129014757;44.44444444444444;224453
normal;188;0.01;0.001824148348532617;0.20511935307429388;92.3076923076923;224613
backdoor;189;0.01;6.0749058320652694e-05;8.89480251736111;44.44444444444444;224638
normal;189;0.01;0.0003059652808587998;0.2085094451904297;92.3076923076923;224758
backdoor;190;0.01;0.0009428660268895328;8.889777289496529;44.44444444444444;224823
normal;190;0.01;0.0003625779354479164;0.21834454169640174;92.3076923076923;224943
backdoor;191;0.01;4.752477252623066e-05;8.924853854709202;44.44444444444444;225009
normal;191;0.01;0.0004225091834086925;0.22019525674673227;92.3076923076923;225128
backdoor;192;0.01;7.677078247070312e-05;8.9407958984375;44.44444444444444;225154
normal;192;0.01;0.00039669356192462146;0.22501710745004508;92.3076923076923;225313
backdoor;193;0.01;0.0005149364587850869;8.907246907552084;44.44444444444444;225339
normal;193;0.01;0.0021342639811336994;0.24547488872821516;92.3076923076923;225459
backdoor;194;0.01;3.806750100920908e-05;8.940502590603298;44.44444444444444;225524
normal;194;0.01;0.00028244132408872247;0.2449469933143029;92.3076923076923;225644
backdoor;195;0.01;0.0002053817006526515;9.069159613715279;44.44444444444444;225710
normal;195;0.01;0.001126301707699895;0.2483070080096905;92.3076923076923;225829
backdoor;196;0.01;0.00010043780639534816;9.05937279595269;44.44444444444444;225855
normal;196;0.01;0.0002907589077949524;0.2535248536330003;92.3076923076923;230015
backdoor;197;0.01;0.00024660429335199296;9.03871324327257;44.44444444444444;230040
normal;197;0.01;0.0006042575114406645;0.2580386675321139;92.3076923076923;230200
backdoor;198;0.01;0.00016417504230048507;9.089739481608072;44.44444444444444;230225
normal;198;0.01;0.00041562734986655414;0.2545440380389874;92.3076923076923;230345
backdoor;199;0.01;0.00022946993703953922;9.144699096679688;44.44444444444444;230411
normal;199;0.01;0.000381948339054361;0.2603902083176833;92.3076923076923;230530
backdoor;200;0.01;0.0001288096245843917;9.163170708550346;44.44444444444444;230556
normal;200;0.01;0.00020902235701214522;0.2646053754366361;92.3076923076923;230715
