#merge strategy: sequential
#number of distributed sources: 5
#batch size: 10
#distribution of data: equally distributed subset
#percentage of backdoored nodes: 0.2
#percentage of poisoned data in backdoored nodes: 100
#way backdoor looks like: tattoo
#order of time: backdoors first
#attack model: basic
#starttime: 094038
training_type;epoch_number;learn_rate;avg_training_loss;avg_test_loss;test_accuracy;timestamp
backdoor;1;0.01;2.545823574066162;2.5066682742192197;100.0;094101
normal;1;0.01;2.57507061958313;2.5650801291832557;7.6923076923076925;094237
backdoor;2;0.01;2.4911913871765137;2.4546818366417518;100.0;094309
normal;2;0.01;2.5760610103607178;2.5653727604792667;7.6923076923076925;094446
backdoor;3;0.01;2.4365954399108887;2.3992981910705566;100.0;094516
normal;3;0.01;2.576801300048828;2.565878758063683;7.6923076923076925;094652
backdoor;4;0.01;2.3789803981781006;2.335084181565505;100.0;094720
normal;4;0.01;2.579922676086426;2.5669173827538123;7.6923076923076925;094900
backdoor;5;0.01;2.3071107864379883;2.2606508915240946;100.0;094931
normal;5;0.01;2.588158130645752;2.568549926464374;7.6923076923076925;095110
backdoor;6;0.01;2.2112321853637695;2.176355948814979;100.0;095140
normal;6;0.01;2.600721836090088;2.571216729971079;7.6923076923076925;095329
backdoor;7;0.01;2.0899994373321533;2.1181305371798;100.0;095354
normal;7;0.01;2.622807264328003;2.5736459585336537;7.6923076923076925;095527
backdoor;8;0.01;2.0027763843536377;2.0947536688584547;100.0;095553
normal;8;0.01;2.6391379833221436;2.5748574550335226;7.6923076923076925;095716
backdoor;9;0.01;1.9786572456359863;2.0797030742351827;100.0;095743
normal;9;0.01;2.635714292526245;2.5756846207838793;7.6923076923076925;095907
backdoor;10;0.01;1.967084288597107;2.0642875891465406;100.0;095933
normal;10;0.01;2.6322667598724365;2.5763814632709208;7.6923076923076925;100055
backdoor;11;0.01;1.9579041004180908;2.0539442209097056;100.0;100122
normal;11;0.01;2.6302735805511475;2.5769434708815355;7.6923076923076925;100246
backdoor;12;0.01;1.957733154296875;2.0386116321270285;100.0;100312
normal;12;0.01;2.625457763671875;2.577893477219802;7.6923076923076925;100435
backdoor;13;0.01;1.955493688583374;2.0196264340327335;100.0;100501
normal;13;0.01;2.6209089756011963;2.5790307705218973;7.6923076923076925;100619
backdoor;14;0.01;1.9341238737106323;2.003801492544321;100.0;100644
normal;14;0.01;2.6237335205078125;2.5800354297344503;7.6923076923076925;100803
backdoor;15;0.01;1.9164276123046875;1.9881631411038911;100.0;100827
normal;15;0.01;2.623554229736328;2.580889885242169;7.6923076923076925;100945
backdoor;16;0.01;1.9051412343978882;1.9738010993370643;100.0;101010
normal;16;0.01;2.6237189769744873;2.581778416266808;7.6923076923076925;101129
backdoor;17;0.01;1.9028152227401733;1.9607469485356257;100.0;101153
normal;17;0.01;2.6221351623535156;2.582522098834698;7.6923076923076925;101312
backdoor;18;0.01;1.896358847618103;1.9390843097980206;100.0;101336
normal;18;0.01;2.6201624870300293;2.5839786529541016;7.6923076923076925;101455
backdoor;19;0.01;1.8701972961425781;1.9187358342684233;100.0;101519
normal;19;0.01;2.621596097946167;2.585478892693153;7.6923076923076925;101638
backdoor;20;0.01;1.8556008338928223;1.9037952423095703;100.0;101702
normal;20;0.01;2.622288703918457;2.5865721702575684;7.6923076923076925;101821
backdoor;21;0.01;1.8362077474594116;1.8887278483464167;100.0;101845
normal;21;0.01;2.623427629470825;2.5876512894263635;7.6923076923076925;102004
backdoor;22;0.01;1.8286117315292358;1.871229281792274;100.0;102028
normal;22;0.01;2.6224615573883057;2.5888830698453464;7.6923076923076925;102147
backdoor;23;0.01;1.812821388244629;1.8567436658419096;100.0;102212
normal;23;0.01;2.623575448989868;2.5899911660414476;7.6923076923076925;102331
backdoor;24;0.01;1.8009212017059326;1.8400337879474347;100.0;102355
normal;24;0.01;2.624182939529419;2.5913917468144345;7.6923076923076925;102514
backdoor;25;0.01;1.7824697494506836;1.8293198805588942;100.0;102539
normal;25;0.01;2.6278767585754395;2.5922084221473107;7.6923076923076925;102658
backdoor;26;0.01;1.7729629278182983;1.8127380517812877;100.0;102723
normal;26;0.01;2.624871253967285;2.5936441054710975;7.6923076923076925;102842
backdoor;27;0.01;1.7604262828826904;1.7982485844538763;100.0;102907
normal;27;0.01;2.6254823207855225;2.5948417370135965;7.6923076923076925;103025
backdoor;28;0.01;1.7438697814941406;1.7853874426621656;100.0;103050
normal;28;0.01;2.628211259841919;2.596007823944092;7.6923076923076925;103209
backdoor;29;0.01;1.733141303062439;1.7711241428668683;100.0;103234
normal;29;0.01;2.6275928020477295;2.597217926612267;7.6923076923076925;103403
backdoor;30;0.01;1.7203881740570068;1.7581401604872484;100.0;103429
normal;30;0.01;2.6286144256591797;2.598456309391902;7.6923076923076925;103558
backdoor;31;0.01;1.7086089849472046;1.7464825556828425;100.0;103626
normal;31;0.01;2.629298448562622;2.5993296183072605;7.6923076923076925;103751
backdoor;32;0.01;1.6944186687469482;1.7318989680363581;100.0;103817
normal;32;0.01;2.630039930343628;2.600723853478065;7.6923076923076925;103942
backdoor;33;0.01;1.6843452453613281;1.7227888107299805;100.0;104009
normal;33;0.01;2.6330602169036865;2.601565507742075;7.6923076923076925;104134
backdoor;34;0.01;1.6757816076278687;1.7102201168353741;100.0;104201
normal;34;0.01;2.631385564804077;2.602810126084548;7.6923076923076925;104326
backdoor;35;0.01;1.6638544797897339;1.6972129895136907;100.0;104358
normal;35;0.01;2.632425546646118;2.604045060964731;7.6923076923076925;104539
backdoor;36;0.01;1.64766526222229;1.68764616892888;100.0;104608
normal;36;0.01;2.633925676345825;2.6048849545992336;7.6923076923076925;104731
backdoor;37;0.01;1.6373018026351929;1.6788243513840895;100.0;104757
normal;37;0.01;2.6343624591827393;2.6057061415452223;7.6923076923076925;104919
backdoor;38;0.01;1.6247854232788086;1.666314491858849;100.0;104945
normal;38;0.01;2.634098768234253;2.6067870947030873;7.6923076923076925;105108
backdoor;39;0.01;1.6192271709442139;1.6588853322542632;100.0;105134
normal;39;0.01;2.6369731426239014;2.60740720308744;7.6923076923076925;105258
backdoor;40;0.01;1.6101510524749756;1.6488191531254694;100.0;105326
normal;40;0.01;2.6365084648132324;2.608414649963379;7.6923076923076925;105448
backdoor;41;0.01;1.5992692708969116;1.642411708831787;100.0;105515
normal;41;0.01;2.6386959552764893;2.608878942636343;7.6923076923076925;105641
backdoor;42;0.01;1.5918258428573608;1.6331784908588116;100.0;105708
normal;42;0.01;2.6375033855438232;2.609718469473032;7.6923076923076925;105831
backdoor;43;0.01;1.5829246044158936;1.6250483439518855;100.0;105858
normal;43;0.01;2.6386630535125732;2.6103569911076474;7.6923076923076925;110021
backdoor;44;0.01;1.5781795978546143;1.616155587709867;100.0;110047
normal;44;0.01;2.6378726959228516;2.6109710106482873;7.6923076923076925;110210
backdoor;45;0.01;1.5681118965148926;1.613062491783729;100.0;110236
normal;45;0.01;2.6417248249053955;2.6110272040733924;7.6923076923076925;110359
backdoor;46;0.01;1.561647653579712;1.6034699219923754;100.0;110425
normal;46;0.01;2.63857364654541;2.611723239605243;7.6923076923076925;110549
backdoor;47;0.01;1.5437278747558594;1.5974674224853516;100.0;110617
normal;47;0.01;2.6408658027648926;2.6119136810302734;7.6923076923076925;110749
backdoor;48;0.01;1.5475680828094482;1.5905907704279973;100.0;110819
normal;48;0.01;2.6398513317108154;2.612028415386493;7.6923076923076925;110954
backdoor;49;0.01;1.5409104824066162;1.5848637727590709;100.0;111019
normal;49;0.01;2.6401352882385254;2.61200501368596;7.6923076923076925;111146
backdoor;50;0.01;1.5297549962997437;1.5778167431171124;100.0;111212
normal;50;0.01;2.64027738571167;2.611928646381085;7.6923076923076925;111338
backdoor;51;0.01;1.5192086696624756;1.5735434018648589;100.0;111404
normal;51;0.01;2.642362356185913;2.611877514765813;7.6923076923076925;111528
backdoor;52;0.01;1.5174793004989624;1.5665799654447115;100.0;111552
normal;52;0.01;2.64111065864563;2.611891379723182;7.6923076923076925;111716
backdoor;53;0.01;1.512352705001831;1.56514127437885;100.0;111740
normal;53;0.01;2.641035556793213;2.61088620699369;7.6923076923076925;111904
backdoor;54;0.01;1.4998834133148193;1.560427188873291;100.0;111928
normal;54;0.01;2.640000581741333;2.610073529756986;7.6923076923076925;112051
backdoor;55;0.01;1.4911508560180664;1.5583885999826284;100.0;112115
normal;55;0.01;2.642012119293213;2.608845050518329;7.6923076923076925;112240
backdoor;56;0.01;1.4868557453155518;1.5544678981487567;100.0;112306
normal;56;0.01;2.638218879699707;2.6075735092163086;7.6923076923076925;112429
backdoor;57;0.01;1.4715718030929565;1.5534389202411358;100.0;112454
normal;57;0.01;2.6438724994659424;2.606188627389761;7.6923076923076925;112619
backdoor;58;0.01;1.4767956733703613;1.5512442955603967;100.0;112643
normal;58;0.01;2.6414408683776855;2.6049141517052283;7.6923076923076925;112808
backdoor;59;0.01;1.4687713384628296;1.5518151429983287;100.0;112832
normal;59;0.01;2.6384973526000977;2.6025444177480845;7.6923076923076925;112957
backdoor;60;0.01;1.466104507446289;1.5515933403602014;100.0;113021
normal;60;0.01;2.6395044326782227;2.60016837486854;7.6923076923076925;113145
backdoor;61;0.01;1.4632128477096558;1.552424981043889;100.0;113209
normal;61;0.01;2.6368300914764404;2.5971950384286733;7.6923076923076925;113333
backdoor;62;0.01;1.4538863897323608;1.549070725074181;100.0;113357
normal;62;0.01;2.636885166168213;2.5948332273043118;7.6923076923076925;113521
backdoor;63;0.01;1.4413255453109741;1.5529091174785907;100.0;113546
normal;63;0.01;2.6389682292938232;2.591006645789513;7.6923076923076925;113710
backdoor;64;0.01;1.4283298254013062;1.5538886877206655;100.0;113734
normal;64;0.01;2.634504795074463;2.5870543993436375;7.6923076923076925;113858
backdoor;65;0.01;1.4332765340805054;1.555744354541485;100.0;113923
normal;65;0.01;2.6332075595855713;2.582383082463191;7.6923076923076925;114047
backdoor;66;0.01;1.4148811101913452;1.5625765873835638;100.0;114111
normal;66;0.01;2.635441780090332;2.5772346349862905;7.6923076923076925;114235
backdoor;67;0.01;1.4196094274520874;1.5719972390394945;100.0;114300
normal;67;0.01;2.629958391189575;2.5698689680833082;7.6923076923076925;114423
backdoor;68;0.01;1.4116218090057373;1.5819074924175556;100.0;114447
normal;68;0.01;2.6275699138641357;2.5624715364896336;7.6923076923076925;114617
backdoor;69;0.01;1.4068758487701416;1.5877627592820387;100.0;114642
normal;69;0.01;2.6226015090942383;2.5547825739933896;7.6923076923076925;114820
backdoor;70;0.01;1.4045337438583374;1.5961052087637095;100.0;114846
normal;70;0.01;2.618992567062378;2.544951658982497;7.6923076923076925;115014
backdoor;71;0.01;1.400458574295044;1.6104705883906438;100.0;115040
normal;71;0.01;2.614844560623169;2.5342206221360426;7.6923076923076925;115210
backdoor;72;0.01;1.3920401334762573;1.6283666904156024;100.0;115236
normal;72;0.01;2.6051478385925293;2.518882678105281;7.6923076923076925;115405
backdoor;73;0.01;1.37898850440979;1.6544286287747896;100.0;115432
normal;73;0.01;2.606117010116577;2.5059788410480204;7.6923076923076925;115611
backdoor;74;0.01;1.3813661336898804;1.6755101497356708;100.0;115639
normal;74;0.01;2.5888001918792725;2.4866625712468076;7.6923076923076925;115814
backdoor;75;0.01;1.3813384771347046;1.6826351605928862;100.0;115841
normal;75;0.01;2.581789255142212;2.4657504741962137;7.6923076923076925;120014
backdoor;76;0.01;1.3558018207550049;1.7004756927490234;100.0;120041
normal;76;0.01;2.5770726203918457;2.4483617269075832;7.6923076923076925;120212
backdoor;77;0.01;1.36809241771698;1.7271034167363093;100.0;120239
normal;77;0.01;2.5635223388671875;2.424047616811899;7.6923076923076925;120417
backdoor;78;0.01;1.3514180183410645;1.756977888254019;100.0;120444
normal;78;0.01;2.542884588241577;2.387038304255559;7.6923076923076925;120614
backdoor;79;0.01;1.345301628112793;1.7705080325786884;100.0;120638
normal;79;0.01;2.538306474685669;2.360125871805044;7.6923076923076925;120807
backdoor;80;0.01;1.3467448949813843;1.7605393116290753;100.0;120831
normal;80;0.01;2.5120620727539062;2.314420993511493;7.6923076923076925;120957
backdoor;81;0.01;1.2934589385986328;1.8102152897761419;92.3076923076923;121022
normal;81;0.01;2.5024993419647217;2.253546201265775;15.384615384615385;121148
backdoor;82;0.01;1.2660176753997803;1.8359333185049205;84.61538461538461;121214
normal;82;0.01;2.4847638607025146;2.2130373808053823;30.76923076923077;121339
backdoor;83;0.01;1.298143744468689;1.8453939878023589;69.23076923076923;121404
normal;83;0.01;2.4454283714294434;2.14911072070782;30.76923076923077;121528
backdoor;84;0.01;1.2333824634552002;1.795503249535194;69.23076923076923;121552
normal;84;0.01;2.4295876026153564;2.12336173424354;30.76923076923077;121716
backdoor;85;0.01;1.1537516117095947;1.8359568669245794;61.53846153846154;121740
normal;85;0.01;2.3988797664642334;2.0656261444091797;30.76923076923077;121904
backdoor;86;0.01;1.1464684009552002;1.784729847541222;61.53846153846154;121927
normal;86;0.01;2.333545207977295;1.9915334994976337;38.46153846153846;122050
backdoor;87;0.01;1.035581111907959;1.7457700142493615;61.53846153846154;122114
normal;87;0.01;2.319847583770752;1.9080896377563477;38.46153846153846;122237
backdoor;88;0.01;0.9611558318138123;1.8050231199998121;38.46153846153846;122301
normal;88;0.01;2.2714412212371826;1.81968197455773;46.15384615384615;122423
backdoor;89;0.01;0.9815754890441895;1.893754005432129;38.46153846153846;122447
normal;89;0.01;2.237199068069458;1.6615434793325572;53.84615384615385;122609
backdoor;90;0.01;0.8468770980834961;2.3014527834378757;23.076923076923077;122636
normal;90;0.01;2.2269785404205322;1.5902707760150616;46.15384615384615;122803
backdoor;91;0.01;0.868290901184082;2.9847412109375;15.384615384615385;122828
normal;91;0.01;2.1701488494873047;1.8629081432635968;38.46153846153846;122956
backdoor;92;0.01;0.9482189416885376;2.92029593541072;15.384615384615385;123021
normal;92;0.01;2.0961883068084717;1.7665370060847356;38.46153846153846;123145
backdoor;93;0.01;0.9027084112167358;3.107378886296199;15.384615384615385;123209
normal;93;0.01;2.0286667346954346;1.6956707881047175;46.15384615384615;123334
backdoor;94;0.01;0.7686091661453247;3.379449257483849;15.384615384615385;123400
normal;94;0.01;1.914245843887329;1.7817679185133715;53.84615384615385;123527
backdoor;95;0.01;0.6556264162063599;3.9555114599374623;15.384615384615385;123551
normal;95;0.01;1.844387412071228;1.7551200573260968;53.84615384615385;123719
backdoor;96;0.01;0.7990638613700867;5.05616833613469;15.384615384615385;123742
normal;96;0.01;1.6901373863220215;2.1078085532555213;46.15384615384615;123910
backdoor;97;0.01;0.7533063888549805;4.25648388495812;23.076923076923077;123935
normal;97;0.01;1.664811611175537;1.9325222602257361;53.84615384615385;124059
backdoor;98;0.01;0.960098385810852;4.4591977046086235;7.6923076923076925;124123
normal;98;0.01;1.603366732597351;1.5094986695509691;46.15384615384615;124248
backdoor;99;0.01;1.0805153846740723;2.5969467163085938;30.76923076923077;124315
normal;99;0.01;1.6979693174362183;1.84918579688439;46.15384615384615;124439
backdoor;100;0.01;0.8341046571731567;3.1846948770376353;23.076923076923077;124502
normal;100;0.01;1.8236775398254395;1.2348109025221605;53.84615384615385;124625
backdoor;101;0.01;0.8943313956260681;2.734753682063176;23.076923076923077;124650
normal;101;0.01;1.6461845636367798;1.5338989404531627;53.84615384615385;124814
backdoor;102;0.01;0.8750487565994263;2.323397709773137;38.46153846153846;124838
normal;102;0.01;1.7046271562576294;1.2353064463688777;61.53846153846154;125001
backdoor;103;0.01;1.0612894296646118;3.0550950857309194;23.076923076923077;125025
normal;103;0.01;1.5440722703933716;1.228498018704928;61.53846153846154;125148
backdoor;104;0.01;0.685301661491394;4.978982631976788;7.6923076923076925;125212
normal;104;0.01;1.6696416139602661;1.2207381175114558;53.84615384615385;125333
backdoor;105;0.01;0.9440719485282898;4.994797779963567;7.6923076923076925;125357
normal;105;0.01;1.5081242322921753;1.237001052269569;46.15384615384615;125518
backdoor;106;0.01;0.8311928510665894;5.112892884474534;15.384615384615385;125541
normal;106;0.01;1.3837207555770874;1.406772833604079;46.15384615384615;125702
backdoor;107;0.01;0.6630204916000366;5.492007915790264;15.384615384615385;125726
normal;107;0.01;1.355647325515747;0.9771341910729041;53.84615384615385;125847
backdoor;108;0.01;0.6776835322380066;5.340257351215069;23.076923076923077;125911
normal;108;0.01;1.1488690376281738;1.2725426600529597;53.84615384615385;130031
backdoor;109;0.01;0.5481463074684143;6.720554791964018;7.6923076923076925;130054
normal;109;0.01;1.428995132446289;1.377918316767766;53.84615384615385;130215
backdoor;110;0.01;1.1871533393859863;5.554777365464431;7.6923076923076925;130238
normal;110;0.01;1.4046094417572021;0.9443389085622934;53.84615384615385;130400
backdoor;111;0.01;1.003952980041504;7.377617469200721;7.6923076923076925;130425
normal;111;0.01;1.369246006011963;1.0689398692204402;69.23076923076923;130544
backdoor;112;0.01;1.0730416774749756;8.021445934589092;7.6923076923076925;130608
normal;112;0.01;1.1434170007705688;0.7991738869593694;76.92307692307692;130728
backdoor;113;0.01;0.8928307890892029;6.52694452725924;7.6923076923076925;130752
normal;113;0.01;1.0401394367218018;0.6464549394754263;76.92307692307692;130913
backdoor;114;0.01;0.6950384378433228;9.821880927452675;7.6923076923076925;130937
normal;114;0.01;0.9621465802192688;0.699633891765888;76.92307692307692;131059
backdoor;115;0.01;1.3464326858520508;8.275014290442833;7.6923076923076925;131122
normal;115;0.01;0.9954116940498352;0.5255004075857309;76.92307692307692;131246
backdoor;116;0.01;0.9768549799919128;10.472859896146334;7.6923076923076925;131309
normal;116;0.01;0.9554011821746826;0.376131167778602;84.61538461538461;131430
backdoor;117;0.01;1.2632527351379395;9.4953366793119;7.6923076923076925;131454
normal;117;0.01;0.8187162280082703;0.38762921553391677;84.61538461538461;131615
backdoor;118;0.01;0.9484938979148865;8.230027859027569;7.6923076923076925;131638
normal;118;0.01;0.9138030409812927;0.6490750129406269;76.92307692307692;132619
backdoor;119;0.01;0.722059965133667;11.058285052959736;7.6923076923076925;132642
normal;119;0.01;0.9090571403503418;0.35705735133244443;92.3076923076923;132800
backdoor;120;0.01;1.185791015625;10.023031381460337;7.6923076923076925;132823
normal;120;0.01;0.9399580955505371;0.3538041114807129;84.61538461538461;132940
backdoor;121;0.01;1.1985234022140503;11.404960045447716;7.6923076923076925;133003
normal;121;0.01;0.7809030413627625;0.20130491256713867;84.61538461538461;133121
backdoor;122;0.01;1.435975432395935;12.488709082970253;7.6923076923076925;133144
normal;122;0.01;0.6832340955734253;0.12969493865966797;92.3076923076923;133302
backdoor;123;0.01;1.4517221450805664;12.815907698411207;7.6923076923076925;133325
normal;123;0.01;0.727431058883667;0.20480031233567458;92.3076923076923;133442
backdoor;124;0.01;1.262148380279541;10.233653141902042;7.6923076923076925;133505
normal;124;0.01;0.7886853218078613;0.10513076415428749;100.0;133622
backdoor;125;0.01;1.2736304998397827;11.478924677922176;7.6923076923076925;133644
normal;125;0.01;0.6588972806930542;0.10321503419142503;100.0;133801
backdoor;126;0.01;1.6346142292022705;10.906498542198769;7.6923076923076925;133825
normal;126;0.01;0.5347489714622498;0.09917765397291917;100.0;133945
backdoor;127;0.01;1.3293795585632324;10.712266188401442;7.6923076923076925;134011
normal;127;0.01;0.4948616921901703;0.09397459030151367;100.0;134134
backdoor;128;0.01;1.242682695388794;13.34915513258714;7.6923076923076925;134159
normal;128;0.01;0.3665015995502472;0.061142994807316706;100.0;134323
backdoor;129;0.01;1.6792943477630615;10.994743053729717;7.6923076923076925;134349
normal;129;0.01;0.44837620854377747;0.0740192119891827;100.0;134517
backdoor;130;0.01;1.3884410858154297;10.815893906813402;7.6923076923076925;134544
normal;130;0.01;0.3597082495689392;0.07042701427753155;100.0;134712
backdoor;131;0.01;1.329017162322998;12.455807905930738;7.6923076923076925;134743
normal;131;0.01;0.3395512104034424;0.07651798541729267;100.0;134906
backdoor;132;0.01;1.324354648590088;11.567553593562199;7.6923076923076925;134929
normal;132;0.01;0.3297082483768463;0.08764208280123197;92.3076923076923;135047
backdoor;133;0.01;1.2998236417770386;11.689866286057692;7.6923076923076925;135110
normal;133;0.01;0.3106231689453125;0.07050323486328125;100.0;135230
backdoor;134;0.01;1.1372246742248535;12.146417177640474;7.6923076923076925;135255
normal;134;0.01;0.28039297461509705;0.0464178965641902;100.0;135419
backdoor;135;0.01;1.2278711795806885;11.381844447209286;7.6923076923076925;135444
normal;135;0.01;0.30328133702278137;0.0785536399254432;100.0;135606
backdoor;136;0.01;1.2819139957427979;11.904163360595703;7.6923076923076925;135630
normal;136;0.01;0.25310343503952026;0.10904682599581204;92.3076923076923;135748
backdoor;137;0.01;1.112609624862671;11.910793891319862;7.6923076923076925;135812
normal;137;0.01;0.2709149718284607;0.10078896009005033;92.3076923076923;135930
backdoor;138;0.01;1.263397455215454;12.060278672438402;7.6923076923076925;135954
normal;138;0.01;0.25303465127944946;0.1043699704683744;92.3076923076923;140112
backdoor;139;0.01;1.1072790622711182;12.30631080040565;7.6923076923076925;140135
normal;139;0.01;0.29833918809890747;0.12137277309711163;92.3076923076923;140252
backdoor;140;0.01;1.0997083187103271;11.361851031963642;7.6923076923076925;140315
normal;140;0.01;0.2777809500694275;0.09280578906719501;92.3076923076923;140432
backdoor;141;0.01;1.0076836347579956;11.758272024301382;7.6923076923076925;140455
normal;141;0.01;0.27525457739830017;0.11367896886972281;92.3076923076923;140612
backdoor;142;0.01;1.1022703647613525;11.552970299353966;7.6923076923076925;140635
normal;142;0.01;0.2442869246006012;0.08129398639385517;100.0;140753
backdoor;143;0.01;1.1207125186920166;11.402935321514423;7.6923076923076925;140816
normal;143;0.01;0.24434056878089905;0.10907866404606746;92.3076923076923;140945
backdoor;144;0.01;0.9311906099319458;11.849895477294922;7.6923076923076925;141014
normal;144;0.01;0.2291305661201477;0.14304338968717134;92.3076923076923;141146
backdoor;145;0.01;0.9397892951965332;12.54404566838191;7.6923076923076925;141213
normal;145;0.01;0.2141299843788147;0.1878352348621075;92.3076923076923;141341
backdoor;146;0.01;0.9330897331237793;12.977056063138521;7.6923076923076925;141407
normal;146;0.01;0.22401732206344604;0.14045122953561637;92.3076923076923;141535
backdoor;147;0.01;0.9595489501953125;12.75034684401292;7.6923076923076925;141602
normal;147;0.01;0.2162359356880188;0.12926472150362456;92.3076923076923;141730
backdoor;148;0.01;0.9410889148712158;12.48777594933143;7.6923076923076925;141756
normal;148;0.01;0.20822829008102417;0.13439585612370417;92.3076923076923;141925
backdoor;149;0.01;0.9568917751312256;12.037723834698017;7.6923076923076925;141952
normal;149;0.01;0.250264972448349;0.11761082135714017;92.3076923076923;142124
backdoor;150;0.01;1.0159562826156616;12.6353759765625;7.6923076923076925;142150
normal;150;0.01;0.20698687434196472;0.12888270158034104;92.3076923076923;142320
backdoor;151;0.01;0.9144927859306335;12.530954801119291;7.6923076923076925;142347
normal;151;0.01;0.18501710891723633;0.1636489354647123;92.3076923076923;142515
backdoor;152;0.01;0.9175186157226562;11.86989740224985;7.6923076923076925;142541
normal;152;0.01;0.1932653933763504;0.1401669612297645;92.3076923076923;142712
backdoor;153;0.01;0.9072607755661011;11.975114088792067;7.6923076923076925;142743
normal;153;0.01;0.15681472420692444;0.12499402119563176;100.0;142930
backdoor;154;0.01;0.8141589164733887;12.932891845703125;7.6923076923076925;143004
normal;154;0.01;0.16546623408794403;0.1144251823425293;100.0;143146
backdoor;155;0.01;0.7177943587303162;13.10019038273738;7.6923076923076925;143214
normal;155;0.01;0.17699702084064484;0.0935828502361591;100.0;143344
backdoor;156;0.01;0.7796342372894287;12.961549318753756;7.6923076923076925;143412
normal;156;0.01;0.1836875081062317;0.1353739224947416;92.3076923076923;143542
backdoor;157;0.01;0.7949037551879883;13.068102323091948;7.6923076923076925;143609
normal;157;0.01;0.1847447156906128;0.10332283606896034;100.0;143745
backdoor;158;0.01;0.8857489824295044;12.887700594388521;7.6923076923076925;143813
normal;158;0.01;0.18858098983764648;0.13392204504746658;92.3076923076923;143943
backdoor;159;0.01;0.7406029105186462;14.49336888239934;7.6923076923076925;144006
normal;159;0.01;0.17189648747444153;0.3163619041442871;92.3076923076923;144125
backdoor;160;0.01;0.7374855875968933;13.868407909686749;7.6923076923076925;144149
normal;160;0.01;0.17311473190784454;0.20946858479426458;92.3076923076923;144319
backdoor;161;0.01;0.7449890971183777;13.94981442964994;7.6923076923076925;144347
normal;161;0.01;0.16699270904064178;0.18830248025747445;92.3076923076923;144514
backdoor;162;0.01;0.8037430047988892;13.619466634897085;7.6923076923076925;144541
normal;162;0.01;0.1690770834684372;0.16187356068537787;92.3076923076923;144708
backdoor;163;0.01;0.6845645904541016;14.439586932842548;7.6923076923076925;144734
normal;163;0.01;0.1568962186574936;0.17783711506770208;92.3076923076923;144904
backdoor;164;0.01;0.7942399382591248;13.847853440504808;7.6923076923076925;144933
normal;164;0.01;0.15931087732315063;0.12761530509361854;92.3076923076923;145102
backdoor;165;0.01;0.8211047053337097;13.114421844482422;7.6923076923076925;145128
normal;165;0.01;0.1672677844762802;0.13969571773822492;92.3076923076923;145248
backdoor;166;0.01;0.7010595798492432;13.210039578951323;7.6923076923076925;145312
normal;166;0.01;0.17011360824108124;0.1869529944199782;92.3076923076923;145434
backdoor;167;0.01;0.7454065084457397;12.926967327411358;7.6923076923076925;145459
normal;167;0.01;0.1560201644897461;0.1371901952303373;100.0;145621
backdoor;168;0.01;0.6819195747375488;12.920839162973257;7.6923076923076925;145645
normal;168;0.01;0.12217475473880768;0.19451742905836839;92.3076923076923;145808
backdoor;169;0.01;0.5900009274482727;14.568638141338642;7.6923076923076925;145833
normal;169;0.01;0.13783887028694153;0.1644019346970778;92.3076923076923;145956
backdoor;170;0.01;0.7034659385681152;13.784358391394981;7.6923076923076925;150023
normal;170;0.01;0.17319335043430328;0.1958624399625338;92.3076923076923;150144
backdoor;171;0.01;0.6909770369529724;14.72189683180589;7.6923076923076925;150208
normal;171;0.01;0.14495284855365753;0.1162707989032452;92.3076923076923;150330
backdoor;172;0.01;0.7577170133590698;13.747783660888672;7.6923076923076925;150354
normal;172;0.01;0.20407088100910187;0.13465342154869667;92.3076923076923;150517
backdoor;173;0.01;0.7640339136123657;13.846446697528545;7.6923076923076925;150542
normal;173;0.01;0.14058618247509003;0.1455528552715595;92.3076923076923;150705
backdoor;174;0.01;0.6953997611999512;14.169813009408804;7.6923076923076925;150730
normal;174;0.01;0.1552942544221878;0.14934855241041917;92.3076923076923;150853
backdoor;175;0.01;0.6630911827087402;13.953399658203125;7.6923076923076925;150919
normal;175;0.01;0.13619425892829895;0.15325040083665115;92.3076923076923;151049
backdoor;176;0.01;0.6890892386436462;14.390530512883114;7.6923076923076925;151115
normal;176;0.01;0.17921434342861176;0.16472416657667893;92.3076923076923;151243
backdoor;177;0.01;0.7950258255004883;13.44644986666166;7.6923076923076925;151309
normal;177;0.01;0.16030851006507874;0.1596368276155912;92.3076923076923;151435
backdoor;178;0.01;0.638878345489502;13.23747810950646;7.6923076923076925;151501
normal;178;0.01;0.13089781999588013;0.16518018795893744;92.3076923076923;151630
backdoor;179;0.01;0.6387467980384827;13.8127687894381;7.6923076923076925;151654
normal;179;0.01;0.15006287395954132;0.15819210272568923;92.3076923076923;151816
backdoor;180;0.01;0.6416270732879639;13.434846731332632;7.6923076923076925;151840
normal;180;0.01;0.1387207806110382;0.13558211693396935;100.0;152000
backdoor;181;0.01;0.5067736506462097;14.130117563100962;7.6923076923076925;152024
normal;181;0.01;0.12263976037502289;0.11768209017240085;100.0;152146
backdoor;182;0.01;0.5484538078308105;14.189289973332333;7.6923076923076925;152210
normal;182;0.01;0.12881556153297424;0.13524092160738432;100.0;152331
backdoor;183;0.01;0.5551102161407471;14.76218003493089;7.6923076923076925;152355
normal;183;0.01;0.11287548393011093;0.18411874771118164;92.3076923076923;152516
backdoor;184;0.01;0.5325008630752563;13.975157517653246;7.6923076923076925;152540
normal;184;0.01;0.12416321784257889;0.1966382906987117;92.3076923076923;152701
backdoor;185;0.01;0.6212766170501709;14.71524399977464;7.6923076923076925;152725
normal;185;0.01;0.11349532008171082;0.200989136329064;92.3076923076923;152846
backdoor;186;0.01;0.5224722027778625;16.484695434570312;7.6923076923076925;152910
normal;186;0.01;0.12459887564182281;0.2286540911747859;92.3076923076923;153031
backdoor;187;0.01;0.5926844477653503;15.47986309344952;7.6923076923076925;153055
normal;187;0.01;0.15736746788024902;0.24364484273470366;92.3076923076923;153216
backdoor;188;0.01;0.552506148815155;15.211002643291767;7.6923076923076925;153240
normal;188;0.01;0.10877031087875366;0.14825831926785982;100.0;153401
backdoor;189;0.01;0.49711334705352783;23.71555973933293;7.6923076923076925;153424
normal;189;0.01;0.4757484495639801;6.726693666898287;46.15384615384615;153545
backdoor;190;0.01;1.7726666927337646;9.077039865347055;7.6923076923076925;153609
normal;190;0.01;0.7800533771514893;0.31300594256474423;84.61538461538461;153729
backdoor;191;0.01;0.8446840047836304;11.12613267164964;7.6923076923076925;153753
normal;191;0.01;0.24443171918392181;0.08870744705200195;100.0;153914
backdoor;192;0.01;0.6734509468078613;12.25920427762545;7.6923076923076925;153938
normal;192;0.01;0.16500216722488403;0.061213126549353965;100.0;154059
backdoor;193;0.01;0.707635760307312;11.299998943622295;7.6923076923076925;154122
normal;193;0.01;0.33531659841537476;0.1396763141338642;92.3076923076923;154243
backdoor;194;0.01;1.363292932510376;10.479200803316557;7.6923076923076925;154307
normal;194;0.01;0.17080706357955933;0.06438471720768855;100.0;154428
backdoor;195;0.01;0.6718789339065552;10.850170428936298;7.6923076923076925;154452
normal;195;0.01;0.1457173079252243;0.08681165255033053;100.0;154613
backdoor;196;0.01;0.6845253705978394;11.07656244131235;7.6923076923076925;154636
normal;196;0.01;0.14427360892295837;0.10779986014732948;100.0;154759
backdoor;197;0.01;0.5733968019485474;11.807171161358173;7.6923076923076925;154823
normal;197;0.01;0.11143024265766144;0.10927592791043796;100.0;154944
backdoor;198;0.01;0.5803649425506592;11.780704204852764;7.6923076923076925;155007
normal;198;0.01;0.09910865128040314;0.11806403673612155;100.0;155128
backdoor;199;0.01;0.49347198009490967;12.487738389235277;7.6923076923076925;155152
normal;199;0.01;0.10402832180261612;0.10883551377516526;100.0;155313
backdoor;200;0.01;0.4325436055660248;12.759990985576923;7.6923076923076925;155337
normal;200;0.01;0.103639617562294;0.10783723684457633;100.0;155457
