#merge strategy: sequential
#number of distributed sources: 5
#batch size: 10
#distribution of data: equally distributed subset
#percentage of backdoored nodes: 0.2
#percentage of poisoned data in backdoored nodes: 100
#way backdoor looks like: glasses
#order of time: backdoors last
#attack model: basic
#starttime: 162449
training_type;epoch_number;learn_rate;avg_training_loss;avg_test_loss;test_accuracy;timestamp
backdoor;1;0.01;2.5294222831726074;2.494651582505968;100.0;162633
normal;1;0.01;2.573137044906616;2.565365717961238;7.6923076923076925;162614
backdoor;2;0.01;2.4819393157958984;2.4460154639350042;100.0;162820
normal;2;0.01;2.5732264518737793;2.5656765424288235;7.6923076923076925;162801
backdoor;3;0.01;2.434683322906494;2.396290249294705;100.0;163007
normal;3;0.01;2.5748469829559326;2.5662339283869815;7.6923076923076925;162947
backdoor;4;0.01;2.384767532348633;2.342392815483941;100.0;163153
normal;4;0.01;2.5750088691711426;2.56711431650015;7.6923076923076925;163134
backdoor;5;0.01;2.333796262741089;2.2797758314344616;100.0;163340
normal;5;0.01;2.576385021209717;2.5686261103703427;7.6923076923076925;163321
backdoor;6;0.01;2.276010513305664;2.198187722100152;100.0;163526
normal;6;0.01;2.5783894062042236;2.5712632032541127;7.6923076923076925;163507
backdoor;7;0.01;2.199249744415283;2.0777679019504123;100.0;163713
normal;7;0.01;2.583583116531372;2.576767224531907;7.6923076923076925;163653
backdoor;8;0.01;2.112916946411133;1.9065401289198134;100.0;163902
normal;8;0.01;2.5928494930267334;2.5883393654456506;7.6923076923076925;163840
backdoor;9;0.01;2.0283753871917725;1.7279719246758356;100.0;164048
normal;9;0.01;2.6077239513397217;2.6066447037916918;7.6923076923076925;164028
backdoor;10;0.01;1.9729220867156982;1.6119740804036458;100.0;164233
normal;10;0.01;2.618708848953247;2.6227187376755934;7.6923076923076925;164214
backdoor;11;0.01;1.9547456502914429;1.614717271592882;100.0;164419
normal;11;0.01;2.6287262439727783;2.62258243560791;7.6923076923076925;164400
backdoor;12;0.01;1.9298161268234253;1.5801618364122179;100.0;164605
normal;12;0.01;2.6223251819610596;2.62840828528771;7.6923076923076925;164545
backdoor;13;0.01;1.9171438217163086;1.5926455391777887;100.0;164750
normal;13;0.01;2.625621795654297;2.6267558611356296;7.6923076923076925;164731
backdoor;14;0.01;1.9119623899459839;1.6091558668348525;100.0;164935
normal;14;0.01;2.62432861328125;2.624123133145846;7.6923076923076925;164916
backdoor;15;0.01;1.8944377899169922;1.605177879333496;100.0;165120
normal;15;0.01;2.6235179901123047;2.6247452955979567;7.6923076923076925;165101
backdoor;16;0.01;1.8804028034210205;1.602490743001302;100.0;165305
normal;16;0.01;2.621495008468628;2.625122437110314;7.6923076923076925;165246
backdoor;17;0.01;1.8671023845672607;1.5987985399034288;100.0;165449
normal;17;0.01;2.6225452423095703;2.625661849975586;7.6923076923076925;165430
backdoor;18;0.01;1.8512637615203857;1.5933012432522244;100.0;165634
normal;18;0.01;2.6214077472686768;2.6262485063993015;7.6923076923076925;165615
backdoor;19;0.01;1.837349772453308;1.5896057552761502;100.0;165819
normal;19;0.01;2.622124433517456;2.626604153559758;7.6923076923076925;165800
backdoor;20;0.01;1.8260830640792847;1.5916834937201605;100.0;170004
normal;20;0.01;2.624011754989624;2.626174413240873;7.6923076923076925;165945
backdoor;21;0.01;1.8118385076522827;1.5754108428955078;100.0;170149
normal;21;0.01;2.623183488845825;2.6286972486055813;7.6923076923076925;170130
backdoor;22;0.01;1.799521803855896;1.5673954221937392;100.0;170334
normal;22;0.01;2.6227097511291504;2.6297561938946066;7.6923076923076925;170315
backdoor;23;0.01;1.79302978515625;1.5728365580240886;100.0;170519
normal;23;0.01;2.6252803802490234;2.62847716991718;7.6923076923076925;170500
backdoor;24;0.01;1.7745695114135742;1.5628536012437608;100.0;170704
normal;24;0.01;2.6231324672698975;2.6299528708824744;7.6923076923076925;170645
backdoor;25;0.01;1.7685518264770508;1.5624326070149739;100.0;170849
normal;25;0.01;2.6253716945648193;2.629497234637921;7.6923076923076925;170830
backdoor;26;0.01;1.7568700313568115;1.5595143636067708;100.0;171034
normal;26;0.01;2.624443531036377;2.629637057964618;7.6923076923076925;171015
backdoor;27;0.01;1.7398523092269897;1.543118158976237;100.0;171220
normal;27;0.01;2.6238577365875244;2.6321912912222056;7.6923076923076925;171200
backdoor;28;0.01;1.7286651134490967;1.537025769551595;100.0;171405
normal;28;0.01;2.6266651153564453;2.6329564314622145;7.6923076923076925;171345
backdoor;29;0.01;1.719366431236267;1.5351404613918729;100.0;171550
normal;29;0.01;2.6287553310394287;2.632889380821815;7.6923076923076925;171531
backdoor;30;0.01;1.7145967483520508;1.5328108469645183;100.0;171735
normal;30;0.01;2.627833843231201;2.6328229170579176;7.6923076923076925;171716
backdoor;31;0.01;1.7104699611663818;1.5319170422024198;100.0;171921
normal;31;0.01;2.6282029151916504;2.6324732853816104;7.6923076923076925;171901
backdoor;32;0.01;1.6950538158416748;1.525181982252333;100.0;172106
normal;32;0.01;2.6283233165740967;2.6332528040959287;7.6923076923076925;172047
backdoor;33;0.01;1.686479926109314;1.5146894454956055;100.0;172252
normal;33;0.01;2.627199172973633;2.634786899273212;7.6923076923076925;172232
backdoor;34;0.01;1.6684365272521973;1.5006061130099826;100.0;172437
normal;34;0.01;2.629199504852295;2.6370308215801535;7.6923076923076925;172418
backdoor;35;0.01;1.6647671461105347;1.50384701622857;100.0;172623
normal;35;0.01;2.6317784786224365;2.636024915255033;7.6923076923076925;172603
backdoor;36;0.01;1.6581456661224365;1.4936123953925238;100.0;172808
normal;36;0.01;2.6296510696411133;2.637456307044396;7.6923076923076925;172749
backdoor;37;0.01;1.6449201107025146;1.4835876888699002;100.0;172954
normal;37;0.01;2.630769968032837;2.638850505535419;7.6923076923076925;172935
backdoor;38;0.01;1.6365878582000732;1.4763717651367188;100.0;173140
normal;38;0.01;2.631565809249878;2.6397426311786356;7.6923076923076925;173120
backdoor;39;0.01;1.6298911571502686;1.4747962951660156;100.0;173326
normal;39;0.01;2.6330511569976807;2.6395648075984073;7.6923076923076925;173307
backdoor;40;0.01;1.6212866306304932;1.4685210122002497;100.0;173511
normal;40;0.01;2.633117198944092;2.6403199709378757;7.6923076923076925;173452
backdoor;41;0.01;1.620361566543579;1.468746503194173;100.0;173657
normal;41;0.01;2.632974624633789;2.6396284836989183;7.6923076923076925;173638
backdoor;42;0.01;1.6040265560150146;1.4577409956190321;100.0;173843
normal;42;0.01;2.6321449279785156;2.641198965219351;7.6923076923076925;173824
backdoor;43;0.01;1.5980948209762573;1.4514200422498915;100.0;174029
normal;43;0.01;2.6328513622283936;2.641953028165377;7.6923076923076925;174010
backdoor;44;0.01;1.5915340185165405;1.4477947023179796;100.0;174215
normal;44;0.01;2.63472056388855;2.6419574297391453;7.6923076923076925;174156
backdoor;45;0.01;1.5859029293060303;1.4424188401963975;100.0;174402
normal;45;0.01;2.634338855743408;2.6425316150371847;7.6923076923076925;174342
backdoor;46;0.01;1.5784776210784912;1.432288063897027;100.0;174548
normal;46;0.01;2.6336426734924316;2.6438857592069187;7.6923076923076925;174529
backdoor;47;0.01;1.56761634349823;1.4201077355278864;100.0;174735
normal;47;0.01;2.6330840587615967;2.6457969958965597;7.6923076923076925;174716
backdoor;48;0.01;1.5524280071258545;1.4089366065131292;100.0;174924
normal;48;0.01;2.6345486640930176;2.647255677443284;7.6923076923076925;174904
backdoor;49;0.01;1.5548490285873413;1.4061870574951172;100.0;175110
normal;49;0.01;2.6357579231262207;2.6470419810368466;7.6923076923076925;175051
backdoor;50;0.01;1.5487980842590332;1.4037724600897894;100.0;175257
normal;50;0.01;2.6359193325042725;2.6467745854304385;7.6923076923076925;175238
backdoor;51;0.01;1.542946219444275;1.3995205561319988;100.0;175444
normal;51;0.01;2.6349434852600098;2.6471665455744815;7.6923076923076925;175425
backdoor;52;0.01;1.539663553237915;1.3958778381347656;100.0;175631
normal;52;0.01;2.6357126235961914;2.6470143978412333;7.6923076923076925;175612
backdoor;53;0.01;1.5348081588745117;1.3888287014431424;100.0;175818
normal;53;0.01;2.6349611282348633;2.6476959815392127;7.6923076923076925;175759
backdoor;54;0.01;1.5209760665893555;1.3759461508856878;100.0;180005
normal;54;0.01;2.6333978176116943;2.649581689100999;7.6923076923076925;175946
backdoor;55;0.01;1.516996145248413;1.3699879116482205;100.0;180152
normal;55;0.01;2.6346588134765625;2.649849378145658;7.6923076923076925;180132
backdoor;56;0.01;1.5221047401428223;1.3765654034084744;100.0;180339
normal;56;0.01;2.6349854469299316;2.647050930903508;7.6923076923076925;180320
backdoor;57;0.01;1.5161702632904053;1.365430514017741;100.0;180526
normal;57;0.01;2.6311397552490234;2.648507778461163;7.6923076923076925;180506
backdoor;58;0.01;1.512770652770996;1.3611081441243489;100.0;180713
normal;58;0.01;2.6306605339050293;2.6484218010535607;7.6923076923076925;180653
backdoor;59;0.01;1.5066169500350952;1.3502240710788302;100.0;180904
normal;59;0.01;2.6301586627960205;2.6497846016517053;7.6923076923076925;180841
backdoor;60;0.01;1.4966685771942139;1.3400753868950739;100.0;181052
normal;60;0.01;2.628535509109497;2.6507911682128906;7.6923076923076925;181032
backdoor;61;0.01;1.492734432220459;1.3326531516181097;100.0;181238
normal;61;0.01;2.6311731338500977;2.6512647775503306;7.6923076923076925;181218
backdoor;62;0.01;1.479934573173523;1.3157790501912434;100.0;181424
normal;62;0.01;2.6254544258117676;2.6541624802809496;7.6923076923076925;181405
backdoor;63;0.01;1.4842734336853027;1.318431430392795;100.0;181611
normal;63;0.01;2.626250743865967;2.652302081768329;7.6923076923076925;181552
backdoor;64;0.01;1.4825423955917358;1.3011945088704426;100.0;181757
normal;64;0.01;2.6226673126220703;2.6554490602933445;7.6923076923076925;181738
backdoor;65;0.01;1.4748632907867432;1.2964403364393446;100.0;181944
normal;65;0.01;2.6245338916778564;2.6550478568443885;7.6923076923076925;181924
backdoor;66;0.01;1.468479871749878;1.2760270436604817;100.0;182131
normal;66;0.01;2.6179611682891846;2.6590266594519982;7.6923076923076925;182112
backdoor;67;0.01;1.463585615158081;1.2680256101820204;100.0;182318
normal;67;0.01;2.61834979057312;2.6594536854670596;7.6923076923076925;182258
backdoor;68;0.01;1.4594324827194214;1.2483498255411785;100.0;182504
normal;68;0.01;2.6169967651367188;2.663179397583008;7.6923076923076925;182445
backdoor;69;0.01;1.4681843519210815;1.2419219546847873;100.0;182651
normal;69;0.01;2.6085338592529297;2.6627192130455604;7.6923076923076925;182631
backdoor;70;0.01;1.4706413745880127;1.2411317825317383;100.0;182837
normal;70;0.01;2.6076672077178955;2.659598937401405;7.6923076923076925;182818
backdoor;71;0.01;1.4444787502288818;1.2016975614759657;100.0;183024
normal;71;0.01;2.6019153594970703;2.671097461993878;7.6923076923076925;183005
backdoor;72;0.01;1.453824758529663;1.1956334643893771;100.0;183211
normal;72;0.01;2.601243019104004;2.669739503126878;7.6923076923076925;183151
backdoor;73;0.01;1.4413130283355713;1.1656530168321397;100.0;183357
normal;73;0.01;2.593587636947632;2.680071023794321;7.6923076923076925;183338
backdoor;74;0.01;1.4403374195098877;1.1466846466064453;100.0;183544
normal;74;0.01;2.590120553970337;2.682848563561073;7.6923076923076925;183525
backdoor;75;0.01;1.4299867153167725;1.1098266177707248;100.0;183731
normal;75;0.01;2.5826187133789062;2.69631107036884;7.6923076923076925;183711
backdoor;76;0.01;1.4331023693084717;1.070575926038954;100.0;183920
normal;76;0.01;2.579087257385254;2.713380593519944;7.6923076923076925;183901
backdoor;77;0.01;1.4253857135772705;1.0222783618503146;100.0;184107
normal;77;0.01;2.5736749172210693;2.73559937110314;7.6923076923076925;184048
backdoor;78;0.01;1.3970973491668701;0.9431499905056424;100.0;184254
normal;78;0.01;2.5654449462890625;2.782077275789701;7.6923076923076925;184234
backdoor;79;0.01;1.381791114807129;0.8961800469292535;100.0;184441
normal;79;0.01;2.5618228912353516;2.8145215694720926;7.6923076923076925;184421
backdoor;80;0.01;1.3401954174041748;0.807038837009006;100.0;184631
normal;80;0.01;2.557729959487915;2.8944081526536207;7.6923076923076925;184612
backdoor;81;0.01;1.4086658954620361;0.8258703549702963;100.0;184821
normal;81;0.01;2.5338857173919678;2.861172309288612;7.6923076923076925;184801
backdoor;82;0.01;1.3444269895553589;0.7255645328097873;100.0;185010
normal;82;0.01;2.5152077674865723;2.9947759188138523;7.6923076923076925;184950
backdoor;83;0.01;1.3304461240768433;0.6897450023227267;100.0;185159
normal;83;0.01;2.5049893856048584;3.0521602630615234;7.6923076923076925;185139
backdoor;84;0.01;1.3405053615570068;0.7018500434027778;100.0;185348
normal;84;0.01;2.476306438446045;3.041897553663987;7.6923076923076925;185328
backdoor;85;0.01;1.3658751249313354;0.7446724043952094;88.88888888888889;185537
normal;85;0.01;2.4239792823791504;2.9853148460388184;15.384615384615385;185518
backdoor;86;0.01;1.3666127920150757;0.7616233825683594;88.88888888888889;185726
normal;86;0.01;2.3787741661071777;2.932416035578801;15.384615384615385;185706
backdoor;87;0.01;1.4000308513641357;0.7371902465820312;88.88888888888889;185915
normal;87;0.01;2.3479390144348145;2.883294105529785;15.384615384615385;185855
backdoor;88;0.01;1.4237966537475586;0.7996035681830512;88.88888888888889;190104
normal;88;0.01;2.286837339401245;2.663663754096398;15.384615384615385;190044
backdoor;89;0.01;1.4259898662567139;0.7337578137715658;100.0;190252
normal;89;0.01;2.2206997871398926;2.6222768930288463;15.384615384615385;190232
backdoor;90;0.01;1.3606057167053223;0.6913554403516982;100.0;190441
normal;90;0.01;2.1759650707244873;2.558756241431603;15.384615384615385;190421
backdoor;91;0.01;1.4457758665084839;0.562008433871799;100.0;190628
normal;91;0.01;2.082981586456299;2.720356134267954;15.384615384615385;190609
backdoor;92;0.01;1.3298994302749634;0.3883972962697347;100.0;190816
normal;92;0.01;2.022765636444092;3.1807815845196066;7.6923076923076925;190757
backdoor;93;0.01;1.2424594163894653;0.4294393327501085;100.0;191003
normal;93;0.01;1.9663273096084595;3.2580655904916616;15.384615384615385;190944
backdoor;94;0.01;1.0616154670715332;0.5503163867526584;100.0;191151
normal;94;0.01;1.9288249015808105;3.1643045865572414;23.076923076923077;191131
backdoor;95;0.01;1.061208963394165;0.5737590789794922;88.88888888888889;191338
normal;95;0.01;1.858569860458374;2.799544774568998;15.384615384615385;191318
backdoor;96;0.01;1.0602643489837646;0.6907450887891982;88.88888888888889;191525
normal;96;0.01;1.8130488395690918;2.6895139400775614;23.076923076923077;191505
backdoor;97;0.01;1.3460057973861694;0.686844719780816;88.88888888888889;191711
normal;97;0.01;1.7038642168045044;2.547602470104511;15.384615384615385;191652
backdoor;98;0.01;1.1832616329193115;0.9717428419325087;77.77777777777777;191858
normal;98;0.01;1.584106206893921;2.3262842985299916;23.076923076923077;191839
backdoor;99;0.01;1.0079329013824463;1.0110614564683702;77.77777777777777;192044
normal;99;0.01;1.5141681432724;2.3787062718318057;30.76923076923077;192025
backdoor;100;0.01;0.9724831581115723;1.0295694139268663;77.77777777777777;192231
normal;100;0.01;1.4236047267913818;2.133377478672908;30.76923076923077;192212
backdoor;101;0.01;1.0314384698867798;1.126437611050076;66.66666666666667;192418
normal;101;0.01;1.4985651969909668;1.9567746749291053;38.46153846153846;192358
backdoor;102;0.01;1.0408015251159668;0.9563801023695204;66.66666666666667;192604
normal;102;0.01;1.5762953758239746;1.6619245822613056;46.15384615384615;192544
backdoor;103;0.01;1.1273537874221802;0.5105924076504178;88.88888888888889;192749
normal;103;0.01;1.2011775970458984;2.1047262045053334;46.15384615384615;192730
backdoor;104;0.01;0.839177131652832;0.260388798183865;100.0;192935
normal;104;0.01;1.3115583658218384;3.1327182329618015;23.076923076923077;192916
backdoor;105;0.01;0.5830740332603455;0.18195565541585287;100.0;193120
normal;105;0.01;1.2721569538116455;3.6945409041184645;23.076923076923077;193101
backdoor;106;0.01;0.5388960838317871;0.7030727598402235;66.66666666666667;193305
normal;106;0.01;1.108940601348877;3.5683762843792257;23.076923076923077;193246
backdoor;107;0.01;0.7085892558097839;1.2235378689236112;55.55555555555556;193450
normal;107;0.01;1.934097409248352;2.053206902283889;46.15384615384615;193431
backdoor;108;0.01;0.6462644338607788;1.109890831841363;55.55555555555556;193636
normal;108;0.01;1.3413673639297485;1.962786050943228;46.15384615384615;193616
backdoor;109;0.01;0.9827818870544434;1.1199300554063585;55.55555555555556;193821
normal;109;0.01;1.1317263841629028;1.7902141534365141;46.15384615384615;193802
backdoor;110;0.01;0.8752802610397339;0.544355657365587;77.77777777777777;194007
normal;110;0.01;1.0706682205200195;2.7088173902951755;30.76923076923077;193947
backdoor;111;0.01;0.8178796172142029;0.4826544655693902;88.88888888888889;194151
normal;111;0.01;1.3685177564620972;2.32564115524292;23.076923076923077;194132
backdoor;112;0.01;0.7656477689743042;0.7495712174309624;88.88888888888889;194336
normal;112;0.01;1.0675901174545288;2.0344475966233473;46.15384615384615;194317
backdoor;113;0.01;0.8155152201652527;0.8329682350158691;77.77777777777777;194520
normal;113;0.01;0.9369992613792419;1.7241999552800105;61.53846153846154;194501
backdoor;114;0.01;1.309949517250061;0.9340118832058377;55.55555555555556;194704
normal;114;0.01;1.0043795108795166;1.6025740183316743;53.84615384615385;194645
backdoor;115;0.01;0.8206936717033386;1.4962241914537218;44.44444444444444;194850
normal;115;0.01;1.0240867137908936;1.659451778118427;53.84615384615385;194831
backdoor;116;0.01;1.083065390586853;0.8041801452636719;66.66666666666667;195034
normal;116;0.01;0.7090353965759277;2.8483285170335035;46.15384615384615;195015
backdoor;117;0.01;0.319623202085495;0.5962212350633409;77.77777777777777;195217
normal;117;0.01;0.891255795955658;3.2559768236600437;46.15384615384615;195159
backdoor;118;0.01;0.47320079803466797;1.0840990278455946;66.66666666666667;195402
normal;118;0.01;1.0913779735565186;1.601586048419659;53.84615384615385;195343
backdoor;119;0.01;1.0570048093795776;0.2562784088982476;88.88888888888889;195546
normal;119;0.01;0.7570014595985413;3.029843330383301;23.076923076923077;195527
backdoor;120;0.01;0.7513364553451538;1.028328577677409;66.66666666666667;195729
normal;120;0.01;0.9359583854675293;1.451354136833778;53.84615384615385;195710
backdoor;121;0.01;2.0719542503356934;0.1889378759596083;88.88888888888889;195912
normal;121;0.01;0.6345999240875244;3.2880806556114783;23.076923076923077;195854
backdoor;122;0.01;0.4794580638408661;1.4838422139485676;77.77777777777777;200056
normal;122;0.01;1.1005125045776367;1.5455839450542743;46.15384615384615;200037
backdoor;123;0.01;0.2937673032283783;2.235976537068685;77.77777777777777;200243
normal;123;0.01;0.5963611006736755;1.4648833274841309;53.84615384615385;200224
backdoor;124;0.01;0.7071614265441895;2.2534633212619357;66.66666666666667;200429
normal;124;0.01;0.5378252267837524;1.79929047364455;53.84615384615385;200410
backdoor;125;0.01;0.6015063524246216;3.1672965155707464;66.66666666666667;200613
normal;125;0.01;0.3372906744480133;1.72594114450308;61.53846153846154;200554
backdoor;126;0.01;1.406017780303955;2.0839544932047525;77.77777777777777;200758
normal;126;0.01;0.33335697650909424;1.118534308213454;61.53846153846154;200738
backdoor;127;0.01;0.9299262762069702;2.390499538845486;77.77777777777777;200941
normal;127;0.01;0.3355272710323334;0.7286306894742526;76.92307692307692;200922
backdoor;128;0.01;1.345136046409607;2.581852595011393;77.77777777777777;201125
normal;128;0.01;0.24923060834407806;0.41197314629187953;76.92307692307692;201106
backdoor;129;0.01;0.3796720504760742;3.313253402709961;77.77777777777777;201308
normal;129;0.01;0.19891928136348724;0.3132526691143329;92.3076923076923;201250
backdoor;130;0.01;0.47071513533592224;3.4261305067274304;77.77777777777777;201452
normal;130;0.01;0.1453545093536377;0.45183555896465594;84.61538461538461;201433
backdoor;131;0.01;0.9847267866134644;3.1447135077582464;66.66666666666667;201637
normal;131;0.01;0.16142308712005615;0.28366993023799014;84.61538461538461;201618
backdoor;132;0.01;0.7519962191581726;3.523270501030816;55.55555555555556;201821
normal;132;0.01;0.17474901676177979;0.17484276111309344;84.61538461538461;201802
backdoor;133;0.01;0.39809656143188477;2.3974378373887806;77.77777777777777;202005
normal;133;0.01;0.11388204991817474;0.5812567564157339;84.61538461538461;201946
backdoor;134;0.01;0.5939702391624451;1.7156719631618924;88.88888888888889;202148
normal;134;0.01;0.2680375576019287;0.9720931419959435;69.23076923076923;202129
backdoor;135;0.01;0.34217292070388794;4.402518802218967;66.66666666666667;202332
normal;135;0.01;0.4110945463180542;0.14526733985314003;92.3076923076923;202313
backdoor;136;0.01;1.0378049612045288;2.874345143636068;55.55555555555556;202519
normal;136;0.01;0.19539840519428253;0.3081963429084191;92.3076923076923;202500
backdoor;137;0.01;0.17782193422317505;5.056815253363715;55.55555555555556;202706
normal;137;0.01;0.23420049250125885;0.107024779686561;92.3076923076923;202647
backdoor;138;0.01;0.061098746955394745;6.619992574055989;55.55555555555556;202850
normal;138;0.01;0.09491285681724548;0.06933777148907001;100.0;202831
backdoor;139;0.01;0.08742816746234894;3.8177193535698786;77.77777777777777;203034
normal;139;0.01;0.06618328392505646;0.12973990807166466;92.3076923076923;203015
backdoor;140;0.01;0.2045295089483261;7.264982435438368;55.55555555555556;203218
normal;140;0.01;0.08759529888629913;0.06166619520920973;100.0;203159
backdoor;141;0.01;0.6140941381454468;4.9310425652398004;55.55555555555556;203401
normal;141;0.01;0.06628935784101486;0.0581353627718412;100.0;203342
backdoor;142;0.01;0.05018744617700577;6.885852389865452;44.44444444444444;203545
normal;142;0.01;0.0436093769967556;0.015502562889685998;100.0;203526
backdoor;143;0.01;0.0027727922424674034;7.739796956380208;44.44444444444444;203728
normal;143;0.01;0.019040316343307495;0.009595797612116886;100.0;203709
backdoor;144;0.01;0.00703987292945385;8.303728739420572;44.44444444444444;203913
normal;144;0.01;0.009509822353720665;0.007038116455078125;100.0;203854
backdoor;145;0.01;0.1942494809627533;4.582477145724827;66.66666666666667;204057
normal;145;0.01;0.010991237126290798;0.06359093005840595;100.0;204038
backdoor;146;0.01;0.1511537730693817;2.3839073181152344;88.88888888888889;204241
normal;146;0.01;0.10237816721200943;1.367460324214055;76.92307692307692;204222
backdoor;147;0.01;0.4659271836280823;5.142938401963976;66.66666666666667;204425
normal;147;0.01;0.10255701839923859;0.02667573782113882;100.0;204406
backdoor;148;0.01;0.045322149991989136;6.996033562554254;55.55555555555556;204609
normal;148;0.01;0.042450983077287674;0.008358295147235576;100.0;204550
backdoor;149;0.01;0.0018846512539312243;8.191548665364584;55.55555555555556;204753
normal;149;0.01;0.018711397424340248;0.00383758544921875;100.0;204734
backdoor;150;0.01;0.029172182083129883;8.017589992947048;55.55555555555556;204937
normal;150;0.01;0.014959157444536686;0.002837841327373798;100.0;204918
backdoor;151;0.01;0.0007234255317598581;8.68072509765625;55.55555555555556;205121
normal;151;0.01;0.006482395809143782;0.001612076392540565;100.0;205102
backdoor;152;0.01;0.0018703143578022718;8.780049641927084;55.55555555555556;205305
normal;152;0.01;0.008442377671599388;0.0016298294067382812;100.0;205246
backdoor;153;0.01;0.041834086179733276;6.742602030436198;66.66666666666667;205449
normal;153;0.01;0.007590161170810461;0.027666385357196514;100.0;205431
backdoor;154;0.01;2.828132390975952;2.2964371575249567;66.66666666666667;205633
normal;154;0.01;0.08683154731988907;2.4596721209012546;61.53846153846154;205614
backdoor;155;0.01;0.19497862458229065;4.806575775146484;44.44444444444444;205815
normal;155;0.01;0.6752146482467651;0.1452638919536884;92.3076923076923;205757
backdoor;156;0.01;0.09420566260814667;7.274344550238715;44.44444444444444;205958
normal;156;0.01;0.07725448906421661;0.018496586726262018;100.0;205939
backdoor;157;0.01;0.027379527688026428;8.427174886067709;33.333333333333336;210140
normal;157;0.01;0.029129164293408394;0.0025953146127554085;100.0;210122
backdoor;158;0.01;0.03133116662502289;8.528617011176216;33.333333333333336;210323
normal;158;0.01;0.017728786915540695;0.0012001624474158655;100.0;210304
backdoor;159;0.01;0.029832839965820312;8.655565049913195;44.44444444444444;210505
normal;159;0.01;0.013292335905134678;0.01036211160513071;100.0;210447
backdoor;160;0.01;0.00985419750213623;9.640753004286024;33.333333333333336;210648
normal;160;0.01;0.03057209402322769;0.0014374072735126202;100.0;210629
backdoor;161;0.01;0.02012008987367153;9.04021962483724;55.55555555555556;210831
normal;161;0.01;0.01770302839577198;0.0015120873084435095;100.0;210812
backdoor;162;0.01;0.0022186755668371916;10.316166347927517;44.44444444444444;211013
normal;162;0.01;0.008078615181148052;0.0004952504084660456;100.0;210955
backdoor;163;0.01;0.0037707965821027756;10.057605319552952;55.55555555555556;211156
normal;163;0.01;0.0052786157466471195;0.0006071971012995794;100.0;211137
backdoor;164;0.01;0.0029889901634305716;10.628487481011284;44.44444444444444;211339
normal;164;0.01;0.004283924587070942;0.0004814588106595553;100.0;211320
backdoor;165;0.01;0.00260581960901618;10.938374837239584;44.44444444444444;211521
normal;165;0.01;0.005695896688848734;0.00036709125225360575;100.0;211503
backdoor;166;0.01;0.007999785244464874;11.464554680718315;33.333333333333336;211704
normal;166;0.01;0.0072904471307992935;0.0003315118642953726;100.0;211645
backdoor;167;0.01;0.005511506460607052;11.628308614095053;44.44444444444444;211847
normal;167;0.01;0.00481909466907382;0.0002989402184119591;100.0;211828
backdoor;168;0.01;0.00395787600427866;11.440886603461372;44.44444444444444;212030
normal;168;0.01;0.0022910507395863533;0.0005165246816781851;100.0;212012
backdoor;169;0.01;0.08301109075546265;8.712746514214409;55.55555555555556;212213
normal;169;0.01;0.003883117577061057;0.0927733641404372;92.3076923076923;212155
backdoor;170;0.01;0.0025212448090314865;11.633812798394096;44.44444444444444;212356
normal;170;0.01;0.01916051283478737;0.00016102424034705528;100.0;212337
backdoor;171;0.01;0.013493331149220467;9.28207736545139;44.44444444444444;212539
normal;171;0.01;0.002022477798163891;0.0013796732975886418;100.0;212520
backdoor;172;0.01;0.001217063283547759;10.421000162760416;44.44444444444444;212721
normal;172;0.01;0.0067778462544083595;0.000623923081618089;100.0;212703
backdoor;173;0.01;0.21064826846122742;4.623764885796441;77.77777777777777;212904
normal;173;0.01;0.012584560550749302;0.47870665330153245;84.61538461538461;212845
backdoor;174;0.01;0.0010126432171091437;7.726070827907986;44.44444444444444;213047
normal;174;0.01;0.09091638773679733;0.0014966084406926082;100.0;213028
backdoor;175;0.01;0.008353471755981445;8.365002102322048;44.44444444444444;213232
normal;175;0.01;0.00904783047735691;0.0010503622201772837;100.0;213213
backdoor;176;0.01;0.0054209232330322266;9.2652587890625;44.44444444444444;213416
normal;176;0.01;0.011886341497302055;0.0005845289963942308;100.0;213357
backdoor;177;0.01;0.0013819057494401932;9.377217610677084;44.44444444444444;213559
normal;177;0.01;0.0025977722834795713;0.0004535088172325721;100.0;213540
backdoor;178;0.01;0.012070894241333008;7.576599968804254;55.55555555555556;213742
normal;178;0.01;0.0031747191678732634;0.0017367876493013822;100.0;213723
backdoor;179;0.01;0.0006723403930664062;8.001290215386284;55.55555555555556;213926
normal;179;0.01;0.002374257892370224;0.0009359213022085336;100.0;213907
backdoor;180;0.01;0.0028726260643452406;9.601538764105904;55.55555555555556;214122
normal;180;0.01;0.011269863694906235;0.12941177074725813;92.3076923076923;214100
backdoor;181;0.01;0.9869141578674316;0.14724254608154297;88.88888888888889;214338
normal;181;0.01;1.1980732679367065;3.4445890279916616;7.6923076923076925;214309
backdoor;182;0.01;0.6710081100463867;0.9331830342610677;55.55555555555556;214542
normal;182;0.01;2.2047247886657715;1.3847596828754132;46.15384615384615;214522
backdoor;183;0.01;0.31120961904525757;1.3849640952216253;55.55555555555556;214808
normal;183;0.01;1.606387734413147;0.8394767687870905;69.23076923076923;214742
backdoor;184;0.01;0.3511185050010681;2.507148954603407;66.66666666666667;215007
normal;184;0.01;0.6090213060379028;0.6774989641629733;53.84615384615385;214946
backdoor;185;0.01;0.16497579216957092;3.9011722140842013;66.66666666666667;215157
normal;185;0.01;0.29304203391075134;0.6503886442918044;76.92307692307692;215137
backdoor;186;0.01;0.22633598744869232;3.886447482638889;55.55555555555556;215342
normal;186;0.01;0.3059035837650299;0.6528221277090219;69.23076923076923;215323
backdoor;187;0.01;0.04136520251631737;6.536966959635417;44.44444444444444;215527
normal;187;0.01;0.19135311245918274;0.06816908029409555;100.0;215508
backdoor;188;0.01;0.04360906779766083;7.150443183051215;33.333333333333336;215714
normal;188;0.01;0.04551389813423157;0.03662931002103365;100.0;215655
backdoor;189;0.01;0.034250229597091675;8.315143161349827;33.333333333333336;215859
normal;189;0.01;0.027094323188066483;0.023818236130934495;100.0;215840
backdoor;190;0.01;0.018741322681307793;8.132375929090712;33.333333333333336;220043
normal;190;0.01;0.01265285536646843;0.03645163315993089;100.0;220024
backdoor;191;0.01;0.05734936520457268;8.348169114854601;33.333333333333336;220228
normal;191;0.01;0.021055981516838074;0.007313141456017127;100.0;220209
backdoor;192;0.01;0.16631560027599335;6.534510718451606;44.44444444444444;220413
normal;192;0.01;0.11235672980546951;0.014482571528508114;100.0;220354
backdoor;193;0.01;0.008741832338273525;7.928169250488281;33.333333333333336;220557
normal;193;0.01;0.028079882264137268;0.007757260249211238;100.0;220538
backdoor;194;0.01;0.016992490738630295;8.12037573920356;33.333333333333336;220741
normal;194;0.01;0.019362514838576317;0.02100504361666166;100.0;220722
backdoor;195;0.01;0.0017498652450740337;9.045318603515625;33.333333333333336;220925
normal;195;0.01;0.01146297063678503;0.0073176163893479565;100.0;220906
backdoor;196;0.01;0.009019915014505386;9.593876308865017;33.333333333333336;221110
normal;196;0.01;0.016311364248394966;0.011295025165264424;100.0;221051
backdoor;197;0.01;0.011243661865592003;9.059031168619791;33.333333333333336;221254
normal;197;0.01;0.007169760297983885;0.007384006793682392;100.0;221235
backdoor;198;0.01;0.0003911177336703986;9.624167548285591;33.333333333333336;221439
normal;198;0.01;0.004127816762775183;0.0045073582575871395;100.0;221420
backdoor;199;0.01;0.00024263064551632851;9.86995103624132;33.333333333333336;221623
normal;199;0.01;0.0024743028916418552;0.0038814544677734375;100.0;221604
backdoor;200;0.01;0.0012884140014648438;10.275871276855469;33.333333333333336;221808
normal;200;0.01;0.0032140978146344423;0.0026147548968975362;100.0;221749
