tensor([1., 0., 0., 0., 0., 0., 0., 0., 0., 0., 0., 0., 0., 0., 0.])
tensor([1., 0., 0., 0., 0., 0., 0., 0., 0., 0., 0., 0., 0., 0., 0.])
tensor([1., 0., 0., 0., 0., 0., 0., 0., 0., 0., 0., 0., 0., 0., 0.])
tensor([1.0000, 0.0000, 0.0000, 0.0000, 0.0000, 0.0000, 0.4000, 0.0000, 0.0000,
        0.0000, 0.0000, 0.0000, 0.0000, 0.0000, 0.0000])
tensor([1.0000, 0.0000, 0.2000, 0.0000, 0.1500, 0.0000, 0.8000, 0.2000, 0.0000,
        0.1000, 0.0000, 0.0000, 0.6500, 0.0000, 0.0000])
tensor([0.8000, 0.1000, 0.5500, 0.4000, 0.4000, 0.4500, 0.9000, 0.4000, 0.3000,
        0.3500, 0.7500, 0.0000, 0.8500, 0.0500, 0.2000])
tensor([0.7000, 0.3500, 0.7500, 0.4500, 0.4000, 0.5000, 0.9000, 0.4000, 0.4000,
        0.5000, 0.6000, 0.0500, 0.9000, 0.1000, 0.4000])
tensor([0.6500, 0.4000, 0.7500, 0.5000, 0.4500, 0.5000, 0.9000, 0.4000, 0.6000,
        0.5000, 0.6000, 0.4500, 1.0000, 0.4000, 0.5000])
tensor([0.6000, 0.4500, 0.8000, 0.5500, 0.4500, 0.5000, 0.9000, 0.4500, 0.6000,
        0.5000, 0.6500, 0.6000, 1.0000, 0.5500, 0.5000])
tensor([0.6000, 0.5000, 0.8500, 0.5500, 0.5000, 0.5000, 0.9000, 0.5000, 0.6000,
        0.5000, 0.6500, 0.6500, 1.0000, 0.6000, 0.5000])
tensor([0.6000, 0.5000, 0.8500, 0.5500, 0.5500, 0.5000, 0.9000, 0.6000, 0.7000,
        0.5000, 0.7000, 0.7000, 1.0000, 0.6000, 0.5000])
tensor([0.6000, 0.5000, 0.8500, 0.6000, 0.5500, 0.5000, 0.9000, 0.6000, 0.7000,
        0.5000, 0.7500, 0.7000, 1.0000, 0.6500, 0.5500])
tensor([0.6000, 0.5000, 0.8500, 0.5500, 0.6000, 0.5000, 0.9000, 0.6000, 0.8000,
        0.5000, 0.7500, 0.7500, 1.0000, 0.7000, 0.7000])
tensor([0.6000, 0.5000, 0.8500, 0.5500, 0.6000, 0.5000, 0.9000, 0.6500, 0.8000,
        0.5000, 0.8000, 0.7500, 1.0000, 0.7500, 0.7500])
tensor([0.6000, 0.5000, 0.8500, 0.5500, 0.6000, 0.5000, 0.9000, 0.7000, 0.8500,
        0.5000, 0.8500, 0.7500, 1.0000, 0.7500, 0.7500])
tensor([0.6000, 0.5000, 0.8500, 0.5500, 0.6500, 0.5000, 0.9000, 0.7000, 0.8500,
        0.5000, 0.8500, 0.7500, 1.0000, 0.7500, 0.7500])
tensor([0.6000, 0.5000, 0.8500, 0.5500, 0.6500, 0.5000, 0.9000, 0.7000, 0.8500,
        0.5000, 0.9000, 0.7500, 1.0000, 0.7500, 0.7500])
tensor([0.6000, 0.5000, 0.8000, 0.5500, 0.6500, 0.5000, 0.9000, 0.7500, 0.8500,
        0.5000, 0.9500, 0.7500, 1.0000, 0.7500, 0.7500])
tensor([0.6000, 0.5000, 0.8000, 0.5500, 0.7000, 0.5000, 0.9000, 0.7500, 0.8500,
        0.5000, 0.9500, 0.7500, 1.0000, 0.7500, 0.8000])
tensor([0.6000, 0.5000, 0.7500, 0.5500, 0.7500, 0.5000, 0.9000, 0.7500, 0.8500,
        0.5000, 0.9500, 0.7500, 1.0000, 0.8000, 0.8000])
tensor([0.6000, 0.5500, 0.7500, 0.5500, 0.7500, 0.5000, 0.9000, 0.7500, 0.8500,
        0.5000, 0.9500, 0.7500, 1.0000, 0.8000, 0.8000])
tensor([0.6000, 0.5500, 0.7500, 0.5500, 0.7500, 0.5000, 0.9000, 0.7500, 0.8500,
        0.5000, 0.9500, 0.7500, 1.0000, 0.8000, 0.8000])
tensor([0.6000, 0.6500, 0.7500, 0.5500, 0.7500, 0.5000, 0.9000, 0.8000, 0.8500,
        0.5000, 0.9500, 0.7500, 1.0000, 0.8000, 0.8000])
tensor([0.6000, 0.7000, 0.7500, 0.5500, 0.7500, 0.5000, 0.9000, 0.8000, 0.9000,
        0.5000, 1.0000, 0.7500, 1.0000, 0.8000, 0.8000])
tensor([0.6000, 0.7000, 0.7500, 0.5500, 0.8000, 0.5000, 0.9000, 0.8500, 0.9000,
        0.5000, 1.0000, 0.7500, 1.0000, 0.8000, 0.8000])
tensor([0.6000, 0.7000, 0.7500, 0.5500, 0.8000, 0.5000, 0.9000, 0.8500, 0.9500,
        0.5000, 1.0000, 0.7500, 1.0000, 0.8000, 0.8000])
tensor([0.6000, 0.7000, 0.7500, 0.5500, 0.8000, 0.5000, 0.9000, 0.8500, 0.9500,
        0.5000, 1.0000, 0.7500, 1.0000, 0.8000, 0.8000])
tensor([0.6000, 0.7000, 0.7500, 0.5500, 0.8000, 0.5000, 0.9000, 0.8500, 0.9500,
        0.5000, 1.0000, 0.7500, 1.0000, 0.8000, 0.8000])
tensor([0.6000, 0.7000, 0.7500, 0.5500, 0.8000, 0.5000, 0.9000, 0.8500, 1.0000,
        0.5000, 1.0000, 0.7500, 1.0000, 0.8000, 0.8000])
tensor([0.6000, 0.7500, 0.7500, 0.5500, 0.8000, 0.5000, 0.9000, 0.8500, 1.0000,
        0.5000, 1.0000, 0.7500, 1.0000, 0.8000, 0.8000])
tensor([0.6000, 0.7500, 0.7500, 0.5500, 0.8500, 0.5000, 0.9000, 0.8500, 1.0000,
        0.5000, 1.0000, 0.7500, 1.0000, 0.8000, 0.8000])
tensor([0.6000, 0.7500, 0.7500, 0.5500, 0.8500, 0.5000, 0.9000, 0.8500, 1.0000,
        0.5000, 1.0000, 0.7500, 1.0000, 0.8000, 0.8000])
tensor([0.6000, 0.7500, 0.7500, 0.5500, 0.8000, 0.5000, 0.9000, 0.8500, 1.0000,
        0.5000, 1.0000, 0.7500, 1.0000, 0.8000, 0.8000])
tensor([0.6000, 0.7500, 0.7500, 0.5500, 0.8000, 0.5000, 0.9000, 0.8500, 1.0000,
        0.5000, 1.0000, 0.7500, 1.0000, 0.8000, 0.8000])
tensor([0.6000, 0.8000, 0.7500, 0.5500, 0.7500, 0.5000, 0.9000, 0.8500, 1.0000,
        0.5000, 1.0000, 0.7500, 1.0000, 0.7500, 0.8000])
tensor([0.6000, 0.8000, 0.7500, 0.5500, 0.7500, 0.5000, 0.9000, 0.8500, 1.0000,
        0.5000, 1.0000, 0.7500, 1.0000, 0.7500, 0.8000])
tensor([0.6000, 0.8000, 0.7500, 0.5500, 0.7500, 0.5000, 0.9000, 0.9000, 1.0000,
        0.5000, 1.0000, 0.7500, 1.0000, 0.8000, 0.8000])
tensor([0.6000, 0.8000, 0.7500, 0.5500, 0.7500, 0.5000, 0.9000, 0.9000, 1.0000,
        0.5000, 1.0000, 0.7500, 1.0000, 0.8000, 0.8000])
tensor([0.6000, 0.8000, 0.7500, 0.5500, 0.7500, 0.5000, 0.9000, 0.9000, 1.0000,
        0.5000, 1.0000, 0.7500, 1.0000, 0.8000, 0.8000])
tensor([0.6000, 0.8000, 0.7500, 0.5500, 0.7500, 0.5000, 0.9000, 0.9000, 1.0000,
        0.5000, 1.0000, 0.7500, 1.0000, 0.8000, 0.8500])
tensor([0.6000, 0.8000, 0.7500, 0.5500, 0.7500, 0.5000, 0.9000, 0.9000, 1.0000,
        0.5000, 1.0000, 0.7500, 1.0000, 0.8000, 0.8500])
tensor([0.6000, 0.8000, 0.7500, 0.5500, 0.7500, 0.5000, 0.9000, 0.9000, 1.0000,
        0.5000, 1.0000, 0.7500, 1.0000, 0.8000, 0.8500])
tensor([0.6000, 0.8000, 0.7500, 0.5500, 0.7500, 0.5000, 0.9000, 0.9000, 1.0000,
        0.5000, 1.0000, 0.7500, 1.0000, 0.8000, 0.8500])
tensor([0.6000, 0.8000, 0.7500, 0.5500, 0.7500, 0.5000, 0.9000, 0.9000, 1.0000,
        0.5000, 1.0000, 0.7500, 1.0000, 0.8000, 0.8500])
tensor([0.6000, 0.8000, 0.7500, 0.5500, 0.8000, 0.5000, 0.9000, 0.9000, 1.0000,
        0.5000, 1.0000, 0.7500, 1.0000, 0.8000, 0.8500])
tensor([0.6000, 0.8000, 0.7500, 0.5500, 0.8000, 0.5000, 0.9000, 0.9000, 1.0000,
        0.5000, 1.0000, 0.7500, 1.0000, 0.8000, 0.8500])
tensor([0.6000, 0.8000, 0.7500, 0.5500, 0.8000, 0.5000, 0.9000, 0.9000, 1.0000,
        0.5000, 1.0000, 0.7500, 1.0000, 0.7500, 0.8500])
tensor([0.6000, 0.8000, 0.7500, 0.5500, 0.8500, 0.5000, 0.9000, 0.9000, 1.0000,
        0.5000, 1.0000, 0.7500, 1.0000, 0.7000, 0.8500])
tensor([0.6000, 0.8000, 0.7500, 0.5500, 0.8500, 0.5000, 0.9000, 0.9000, 1.0000,
        0.5000, 1.0000, 0.7500, 1.0000, 0.7000, 0.8500])
tensor([0.6000, 0.8000, 0.7500, 0.5500, 0.8500, 0.5000, 0.9000, 0.9000, 1.0000,
        0.5000, 1.0000, 0.7500, 1.0000, 0.7000, 0.8500])
tensor([0.6000, 0.8000, 0.7500, 0.5500, 0.8500, 0.5000, 0.9000, 0.9000, 1.0000,
        0.5000, 1.0000, 0.7500, 1.0000, 0.7000, 0.8500])
tensor([0.6000, 0.8000, 0.7500, 0.5500, 0.8500, 0.5000, 0.9000, 0.9000, 1.0000,
        0.5000, 1.0000, 0.7500, 1.0000, 0.7000, 0.8500])
tensor([0.6000, 0.8000, 0.7500, 0.5500, 0.8500, 0.5000, 0.9000, 0.9000, 1.0000,
        0.5000, 1.0000, 0.7500, 1.0000, 0.7000, 0.8500])
tensor([0.6000, 0.8000, 0.7500, 0.5500, 0.8500, 0.5000, 0.9000, 0.9000, 1.0000,
        0.5000, 1.0000, 0.7500, 1.0000, 0.7000, 0.8500])
tensor([0.6000, 0.8000, 0.7500, 0.5500, 0.8500, 0.5000, 0.9000, 0.9000, 1.0000,
        0.5000, 1.0000, 0.7500, 1.0000, 0.7000, 0.8500])
tensor([0.6500, 0.8000, 0.7500, 0.5500, 0.8500, 0.5000, 0.9000, 0.9000, 1.0000,
        0.5000, 1.0000, 0.7500, 1.0000, 0.7000, 0.8500])
tensor([0.7000, 0.8000, 0.7500, 0.5500, 0.8500, 0.5000, 0.9000, 0.9000, 1.0000,
        0.5000, 1.0000, 0.8000, 1.0000, 0.7000, 0.8500])
tensor([0.7000, 0.8000, 0.7500, 0.5500, 0.8500, 0.5000, 0.9000, 0.9000, 1.0000,
        0.5000, 1.0000, 0.8000, 1.0000, 0.7000, 0.8500])
tensor([0.7000, 0.8500, 0.7500, 0.5500, 0.8500, 0.5000, 0.9000, 0.9000, 1.0000,
        0.5000, 1.0000, 0.8000, 1.0000, 0.7000, 0.8500])
tensor([0.7000, 0.8500, 0.7500, 0.5500, 0.8500, 0.5000, 0.9000, 0.9000, 1.0000,
        0.5000, 1.0000, 0.8000, 1.0000, 0.7000, 0.8500])
tensor([0.7000, 0.8500, 0.7000, 0.5500, 0.8000, 0.5000, 0.9000, 0.9000, 1.0000,
        0.5000, 1.0000, 0.8000, 1.0000, 0.6500, 0.8500])
tensor([0.7000, 0.8500, 0.7000, 0.5500, 0.8000, 0.5000, 0.9000, 0.9000, 1.0000,
        0.5000, 1.0000, 0.8000, 1.0000, 0.6500, 0.8500])
tensor([0.7000, 0.8500, 0.7000, 0.5500, 0.8000, 0.5000, 0.9000, 0.9000, 1.0000,
        0.5000, 1.0000, 0.8000, 1.0000, 0.6500, 0.8500])
tensor([0.7000, 0.8500, 0.7000, 0.5500, 0.8000, 0.5000, 0.9000, 0.9000, 1.0000,
        0.5000, 1.0000, 0.8000, 1.0000, 0.6500, 0.8500])
tensor([0.7000, 0.8500, 0.7000, 0.5500, 0.8000, 0.5000, 0.9000, 0.9000, 1.0000,
        0.5000, 1.0000, 0.8000, 1.0000, 0.6500, 0.8500])
tensor([0.7000, 0.8500, 0.7000, 0.5500, 0.8000, 0.5000, 0.9000, 0.8500, 1.0000,
        0.5000, 1.0000, 0.8000, 1.0000, 0.6000, 0.8500])
tensor([0.7000, 0.8500, 0.7000, 0.5500, 0.8000, 0.5000, 0.9000, 0.8500, 1.0000,
        0.5000, 1.0000, 0.8000, 1.0000, 0.6000, 0.8500])
tensor([0.7000, 0.8500, 0.7000, 0.5500, 0.8000, 0.5000, 0.9000, 0.8500, 1.0000,
        0.5000, 1.0000, 0.8000, 1.0000, 0.6000, 0.8500])
tensor([0.7000, 0.8500, 0.7500, 0.6000, 0.7500, 0.5000, 0.9000, 0.8500, 1.0000,
        0.5000, 1.0000, 0.8000, 1.0000, 0.6000, 0.8500])
tensor([0.7000, 0.8500, 0.7500, 0.6000, 0.7500, 0.5000, 0.9000, 0.8500, 1.0000,
        0.5000, 1.0000, 0.8000, 1.0000, 0.6000, 0.8500])
tensor([0.7000, 0.8500, 0.7500, 0.6000, 0.7500, 0.5000, 0.9000, 0.8500, 1.0000,
        0.5000, 1.0000, 0.8000, 1.0000, 0.6000, 0.8500])
tensor([0.7000, 0.8500, 0.7500, 0.6000, 0.7500, 0.5000, 0.9000, 0.8500, 1.0000,
        0.5000, 1.0000, 0.8000, 1.0000, 0.6000, 0.8500])
tensor([0.7000, 0.8500, 0.7500, 0.6000, 0.7500, 0.5000, 0.9000, 0.8500, 1.0000,
        0.5000, 1.0000, 0.8000, 1.0000, 0.6000, 0.8500])
tensor([0.7000, 0.8500, 0.7500, 0.6000, 0.7500, 0.5000, 0.9000, 0.8500, 1.0000,
        0.5000, 1.0000, 0.8000, 1.0000, 0.6000, 0.8500])
tensor([0.7000, 0.8500, 0.7500, 0.6000, 0.7500, 0.5000, 0.9000, 0.8500, 1.0000,
        0.5000, 1.0000, 0.8000, 1.0000, 0.6000, 0.8500])
tensor([0.7000, 0.8000, 0.7500, 0.6000, 0.7000, 0.5000, 0.9000, 0.8500, 1.0000,
        0.5000, 1.0000, 0.8000, 1.0000, 0.6000, 0.8500])
tensor([0.7000, 0.8000, 0.7500, 0.6000, 0.7000, 0.5000, 0.9000, 0.9000, 1.0000,
        0.5000, 1.0000, 0.8000, 1.0000, 0.6000, 0.8500])
tensor([0.7000, 0.8000, 0.7500, 0.6000, 0.7000, 0.5000, 0.9000, 0.9000, 1.0000,
        0.5000, 1.0000, 0.8000, 1.0000, 0.6000, 0.8500])
tensor([0.7000, 0.8000, 0.7500, 0.6000, 0.7000, 0.5000, 0.9000, 0.9000, 1.0000,
        0.5000, 1.0000, 0.8000, 1.0000, 0.6000, 0.8500])
tensor([0.7000, 0.8000, 0.7000, 0.6000, 0.7000, 0.5000, 0.9000, 0.9000, 1.0000,
        0.5000, 1.0000, 0.8000, 1.0000, 0.6000, 0.8500])
tensor([0.7000, 0.8000, 0.7000, 0.6000, 0.7000, 0.5000, 0.9000, 0.9000, 1.0000,
        0.5000, 1.0000, 0.8000, 1.0000, 0.6000, 0.8500])
tensor([0.7000, 0.8000, 0.7000, 0.6000, 0.7000, 0.5000, 0.9000, 0.9000, 1.0000,
        0.5000, 1.0000, 0.8000, 1.0000, 0.6000, 0.8500])
tensor([0.7000, 0.8000, 0.7000, 0.6000, 0.7000, 0.5000, 0.9000, 0.9000, 1.0000,
        0.5000, 1.0000, 0.8000, 1.0000, 0.6000, 0.8500])
tensor([0.7000, 0.8000, 0.7000, 0.6000, 0.7000, 0.5000, 0.9000, 0.9000, 1.0000,
        0.5000, 1.0000, 0.8000, 1.0000, 0.6000, 0.8500])
tensor([0.7000, 0.8000, 0.7000, 0.6000, 0.7000, 0.5000, 0.9000, 0.9000, 1.0000,
        0.5000, 1.0000, 0.8000, 1.0000, 0.6000, 0.8500])
tensor([0.7000, 0.8000, 0.6500, 0.6000, 0.7000, 0.5000, 0.9000, 0.9000, 1.0000,
        0.5000, 1.0000, 0.8000, 1.0000, 0.6000, 0.8500])
tensor([0.7000, 0.8000, 0.6500, 0.6000, 0.7000, 0.5000, 0.9000, 0.9000, 1.0000,
        0.5000, 1.0000, 0.8000, 1.0000, 0.6000, 0.8500])
tensor([0.7000, 0.8000, 0.6500, 0.6000, 0.7000, 0.5000, 0.9000, 0.9000, 1.0000,
        0.5000, 1.0000, 0.8000, 1.0000, 0.6000, 0.8500])
tensor([0.7000, 0.8000, 0.6500, 0.6000, 0.7000, 0.5000, 0.9000, 0.9000, 1.0000,
        0.5000, 1.0000, 0.8000, 1.0000, 0.6000, 0.8500])
tensor([0.7000, 0.8000, 0.6500, 0.6000, 0.7000, 0.5000, 0.9000, 0.9000, 0.9500,
        0.5000, 1.0000, 0.8000, 1.0000, 0.6000, 0.8500])
tensor([0.7000, 0.8000, 0.6500, 0.6000, 0.7000, 0.5000, 0.9000, 0.9000, 0.9500,
        0.5000, 1.0000, 0.8000, 1.0000, 0.6000, 0.8500])
tensor([0.7000, 0.8000, 0.6500, 0.6000, 0.7000, 0.5000, 0.9000, 0.9000, 0.9500,
        0.5000, 1.0000, 0.8000, 1.0000, 0.6000, 0.8500])
tensor([0.7000, 0.8000, 0.6500, 0.6000, 0.7000, 0.5000, 0.9000, 0.9000, 0.9500,
        0.5000, 1.0000, 0.8000, 1.0000, 0.6000, 0.8500])
tensor([0.7000, 0.8500, 0.6500, 0.6000, 0.7000, 0.5000, 0.9000, 0.9000, 0.9500,
        0.5000, 1.0000, 0.8000, 1.0000, 0.6000, 0.8500])
tensor([0.7000, 0.8500, 0.6500, 0.6000, 0.7000, 0.5000, 0.9000, 0.9000, 0.9500,
        0.5000, 1.0000, 0.8000, 1.0000, 0.6000, 0.8500])
tensor([0.7000, 0.8500, 0.6500, 0.6500, 0.7000, 0.5000, 0.9000, 0.9000, 0.9500,
        0.5000, 1.0000, 0.8000, 1.0000, 0.6000, 0.8500])
tensor([0.7000, 0.8500, 0.6500, 0.6500, 0.7000, 0.5000, 0.9000, 0.9000, 0.9500,
        0.5000, 1.0000, 0.8000, 1.0000, 0.6000, 0.8500])
tensor([0.7000, 0.8500, 0.6500, 0.6500, 0.7000, 0.5000, 0.9000, 0.9000, 0.9500,
        0.5000, 1.0000, 0.8000, 1.0000, 0.6000, 0.8500])
tensor([0.7000, 0.8500, 0.6500, 0.6500, 0.7000, 0.5000, 0.9000, 0.9000, 0.9500,
        0.5000, 1.0000, 0.8000, 1.0000, 0.6000, 0.8500])
tensor([0.7000, 0.8500, 0.6500, 0.6500, 0.7000, 0.5000, 0.9000, 0.9000, 0.9000,
        0.5000, 1.0000, 0.8000, 1.0000, 0.6000, 0.8500])
