#dataset: yale
#way backdoor looks like: beard
#merge strategy: sequential
#number of benign sources: 9
#number of malicious sources: 1
#batch size: 16
#distribution of data: equally distributed subset
#percentage of poisoned data in backdoored nodes: 100
#order of time backdoors being inserted: backdoors first
#attack model: basic
#starttime: 091703
1;2;3;4;5;6;7;8;9;10
backdoor;1;0.01;0.32937371730804443;in_between;0.0024851031527346507;100.0;5.083592761646617;9.545454545454545;0000
normal;1;0.01;in_between;10.811209993163745;6.666666666666667;2.1510674953460693;1.204916234811147;58.333333333333336;091717
backdoor;2;0.01;0.5950771570205688;in_between;8.709088850247843e-05;100.0;5.1774238586425785;12.727272727272727;0000
normal;2;0.01;in_between;11.55308581394221;6.666666666666667;2.0200743675231934;1.1179417459170025;69.0;091737
backdoor;3;0.01;0.6276335120201111;in_between;6.868480493060567e-05;100.0;6.099209976196289;11.363636363636363;0000
normal;3;0.01;in_between;15.16526002442697;6.666666666666667;1.7357008457183838;1.121370880206426;61.0;091756
backdoor;4;0.01;0.6845278143882751;in_between;5.032635781390127e-05;100.0;5.700384972312234;17.727272727272727;0000
normal;4;0.01;in_between;12.462769098222877;6.666666666666667;1.16897714138031;0.9251104323069255;73.0;091815
backdoor;5;0.01;0.6301815509796143;in_between;0.0022604213333798514;100.0;4.886634341153232;9.545454545454545;0000
normal;5;0.01;in_between;29.00593997359266;7.333333333333333;1.2240540981292725;1.14851744333903;62.666666666666664;091835
backdoor;6;0.01;0.6607237458229065;in_between;0.022376744258640842;99.54545454545455;5.830199883200906;18.636363636363637;0000
normal;6;0.01;in_between;11.88753181476767;7.666666666666667;0.8896099925041199;1.004537521203359;74.0;091855
backdoor;7;0.01;0.4521919786930084;in_between;0.017812393736940893;99.0909090909091;6.779300221529874;20.0;0000
normal;7;0.01;in_between;12.745362359960176;9.666666666666666;0.71548992395401;0.889882116317749;76.33333333333333;091914
backdoor;8;0.01;0.45409446954727173;in_between;0.033990576660091226;99.54545454545455;9.843323551524769;12.272727272727273;0000
normal;8;0.01;in_between;11.699765393858154;12.0;0.3440215289592743;0.5009445901711782;86.33333333333333;091933
backdoor;9;0.01;0.6892722249031067;in_between;6.323426505810465e-07;100.0;10.32668228149414;11.818181818181818;0000
normal;9;0.01;in_between;25.202978363037108;8.0;0.6374079585075378;0.6004150371750195;82.0;091951
backdoor;10;0.01;0.5453975200653076;in_between;0.007360551341374524;99.54545454545455;11.69771034934304;10.454545454545455;0000
normal;10;0.01;in_between;19.15031069437663;10.0;0.5694658756256104;0.5657137875755628;87.33333333333333;092011
backdoor;11;0.01;0.5409416556358337;in_between;0.0014719171218694463;100.0;7.7162362185391515;11.818181818181818;0000
normal;11;0.01;in_between;25.236434427897134;7.666666666666667;0.9027045965194702;1.1678722715377807;62.0;092029
backdoor;12;0.01;0.7361461520195007;in_between;0.03680787059393796;100.0;9.06169828935103;13.636363636363637;0000
normal;12;0.01;in_between;19.64070043394187;8.333333333333334;0.5397363901138306;0.7642860984802247;83.0;092047
backdoor;13;0.01;0.657860517501831;in_between;0.0309960113838315;98.63636363636364;9.591711391102184;11.363636363636363;0000
normal;13;0.01;in_between;12.289595500856716;16.0;0.33758649230003357;0.5748090851306915;86.66666666666667;092105
backdoor;14;0.01;0.5402002334594727;in_between;0.001965751074815423;100.0;8.730736853859641;12.272727272727273;0000
normal;14;0.01;in_between;12.621409724030332;16.333333333333332;0.27059322595596313;0.4861955439050992;88.33333333333333;092124
backdoor;15;0.01;0.349458783864975;in_between;0.0050660359576630235;100.0;8.10166525407271;11.363636363636363;0000
normal;15;0.01;in_between;11.374122579075483;15.0;0.1765194833278656;0.4445611836512883;88.33333333333333;092144
backdoor;16;0.01;0.3220697343349457;in_between;0.0016943675511501251;100.0;7.6996013294566765;11.363636363636363;0000
normal;16;0.01;in_between;12.865712891808943;14.333333333333334;0.15211202204227448;0.4268001691500346;88.33333333333333;092203
backdoor;17;0.01;0.345725417137146;in_between;0.003892015618145127;100.0;7.580524305863814;15.0;0000
normal;17;0.01;in_between;11.05765587654411;16.666666666666668;0.13875454664230347;0.38750785812735555;89.0;092222
backdoor;18;0.01;0.2896343469619751;in_between;0.005254743301669474;100.0;6.749256307428533;16.363636363636363;0000
normal;18;0.01;in_between;10.23733241394138;16.333333333333332;0.10546182841062546;0.3979958486557007;89.33333333333333;092242
backdoor;19;0.01;0.25685104727745056;in_between;0.01861228987056;99.0909090909091;6.965367473255505;17.272727272727273;0000
normal;19;0.01;in_between;8.058616087946188;21.0;0.07664759457111359;0.35851476053396863;90.0;092300
backdoor;20;0.01;0.2563108801841736;in_between;0.0468281334139068;98.63636363636364;6.39500864202326;19.09090909090909;0000
normal;20;0.01;in_between;6.74395563926897;25.666666666666668;0.06850331276655197;0.3577381264170011;90.0;092319
backdoor;21;0.01;0.18022069334983826;in_between;0.08339766187762672;96.36363636363636;6.8369836287064985;20.454545454545453;0000
normal;21;0.01;in_between;6.254447345358785;26.0;0.045283764600753784;0.36771740039189654;89.66666666666667;092338
backdoor;22;0.01;0.17598532140254974;in_between;0.1420002898677591;96.81818181818181;6.2146815213290125;23.636363636363637;0000
normal;22;0.01;in_between;8.12160221905952;23.666666666666668;0.05259575694799423;0.3295911109447479;90.66666666666667;092357
backdoor;23;0.01;0.18701961636543274;in_between;0.13525131780453112;96.81818181818181;5.621828911521218;25.0;0000
normal;23;0.01;in_between;6.713623414573958;27.0;0.04306259751319885;0.3647789974013964;89.66666666666667;092416
backdoor;24;0.01;0.1205395758152008;in_between;0.07259363164187314;97.72727272727273;6.116816121881659;23.636363636363637;0000
normal;24;0.01;in_between;6.932444543363139;24.333333333333332;0.03918536752462387;0.3633089567224185;90.33333333333333;092434
backdoor;25;0.01;0.13838103413581848;in_between;0.041375293728593866;98.63636363636364;5.927035695856268;24.545454545454547;0000
normal;25;0.01;in_between;9.051500978840341;20.333333333333332;0.053086016327142715;0.34430451574424903;89.0;092453
backdoor;26;0.01;0.13916760683059692;in_between;0.10717222359751097;98.18181818181819;5.299619154496626;26.363636363636363;0000
normal;26;0.01;in_between;6.292400664854795;28.0;0.03701116144657135;0.395684938232104;90.0;092511
backdoor;27;0.01;0.1038166806101799;in_between;0.21302638682113453;95.45454545454545;5.394396539167924;26.363636363636363;0000
normal;27;0.01;in_between;4.53667318838338;37.333333333333336;0.024196229875087738;0.39035604904095333;89.33333333333333;092530
backdoor;28;0.01;0.09928914159536362;in_between;0.12331685203720223;95.9090909090909;5.073110164295543;25.90909090909091;0000
normal;28;0.01;in_between;5.521812215186656;29.666666666666668;0.031871501356363297;0.40859865248203275;90.0;092549
backdoor;29;0.01;0.09693200141191483;in_between;0.19215235385874455;95.0;5.162045600197532;26.363636363636363;0000
normal;29;0.01;in_between;4.601233768636981;34.666666666666664;0.01994042471051216;0.41513488739728927;90.0;092609
backdoor;30;0.01;0.1280277669429779;in_between;0.14021204786840827;95.45454545454545;5.044264880093661;29.09090909090909;0000
normal;30;0.01;in_between;4.742840103159348;35.666666666666664;0.024190979078412056;0.43293756633996966;88.66666666666667;092629
backdoor;31;0.01;0.1146569773554802;in_between;0.24004942790012468;92.72727272727273;5.079878876426003;30.0;0000
normal;31;0.01;in_between;3.902468697230021;39.333333333333336;0.019942810758948326;0.4445592288176219;88.0;092648
backdoor;32;0.01;0.11728163808584213;in_between;0.25395732476291333;93.18181818181819;5.108931159973144;28.636363636363637;0000
normal;32;0.01;in_between;3.7796231371164324;40.0;0.01853569597005844;0.44619697163502375;88.33333333333333;092708
backdoor;33;0.01;0.11447637528181076;in_between;0.27500111359086904;92.72727272727273;5.00647611618042;30.454545454545453;0000
normal;33;0.01;in_between;3.5598367007573444;43.0;0.015370008535683155;0.47288660883903505;88.66666666666667;092728
backdoor;34;0.01;0.10221341252326965;in_between;0.32417218190702524;92.27272727272727;4.934290209683505;31.818181818181817;0000
normal;34;0.01;in_between;3.306483951807022;45.0;0.012570507824420929;0.48668811639149984;88.0;092748
backdoor;35;0.01;0.09232856333255768;in_between;0.39284853718497537;90.0;4.885478695956143;32.72727272727273;0000
normal;35;0.01;in_between;3.0262984975179035;47.666666666666664;0.010265445336699486;0.5038757811983426;87.66666666666667;092808
backdoor;36;0.01;0.07355400919914246;in_between;0.439884555068883;89.0909090909091;4.868769194863059;32.27272727272727;0000
normal;36;0.01;in_between;2.8794327926635743;50.333333333333336;0.0092068612575531;0.5157646484176318;88.0;092827
backdoor;37;0.01;0.05565812811255455;in_between;0.4919872615825046;89.0909090909091;5.375420431657271;32.72727272727273;0000
normal;37;0.01;in_between;2.73707839012146;52.0;0.008700127713382244;0.48914290010929107;88.33333333333333;092847
backdoor;38;0.01;0.05735422670841217;in_between;0.6229471194134517;88.18181818181819;4.8441779916936705;35.0;0000
normal;38;0.01;in_between;2.4851700234413148;54.333333333333336;0.008799866773188114;0.5226093996564547;87.33333333333333;092906
backdoor;39;0.01;0.055207040160894394;in_between;0.7705217903310603;86.36363636363636;4.716946775263006;35.90909090909091;0000
normal;39;0.01;in_between;2.2396324992179872;60.666666666666664;0.007513785269111395;0.5186801099280516;88.33333333333333;092924
backdoor;40;0.01;0.03783184662461281;in_between;0.8257189712741159;84.0909090909091;4.6645158160816536;36.81818181818182;0000
normal;40;0.01;in_between;2.029057063659032;62.0;0.006465738173574209;0.5731597826381525;86.66666666666667;092943
backdoor;41;0.01;0.036379143595695496;in_between;0.7979564142498103;85.9090909090909;4.683674621582031;36.81818181818182;0000
normal;41;0.01;in_between;2.2364847632249196;60.0;0.006562378257513046;0.5765397183100383;86.66666666666667;093003
backdoor;42;0.01;0.04649748280644417;in_between;0.6812998377294703;87.72727272727273;4.791817647760564;35.0;0000
normal;42;0.01;in_between;2.8686504499117533;54.333333333333336;0.0086184311658144;0.5676586018751065;88.0;093023
backdoor;43;0.01;0.04152338579297066;in_between;0.7707141499797051;88.63636363636364;4.802451029690829;37.72727272727273;0000
normal;43;0.01;in_between;2.872105390628179;54.0;0.016982849687337875;0.534811583062013;88.33333333333333;093043
backdoor;44;0.01;0.07275623083114624;in_between;0.8458334432406859;86.36363636363636;5.736937037381259;35.0;0000
normal;44;0.01;in_between;3.238984102755785;54.333333333333336;0.015214786864817142;0.5372995243718227;88.33333333333333;093103
backdoor;45;0.01;0.16614586114883423;in_between;0.8217774001034823;86.36363636363636;4.756719103726474;35.90909090909091;0000
normal;45;0.01;in_between;2.7792667572076124;55.333333333333336;0.013514275662600994;0.4997819435596466;89.0;093123
backdoor;46;0.01;0.09317290037870407;in_between;0.9780974734913219;84.0909090909091;4.480584560741078;38.63636363636363;0000
normal;46;0.01;in_between;1.974727631211281;60.333333333333336;0.006006543058902025;0.5101017110298077;89.33333333333333;093143
backdoor;47;0.01;0.03519307076931;in_between;0.9663933645595204;84.0909090909091;5.040566271001643;37.72727272727273;0000
normal;47;0.01;in_between;1.8862280813852945;62.666666666666664;0.0054226224310696125;0.5328734928369522;88.66666666666667;093202
backdoor;48;0.01;0.04068826884031296;in_between;0.808132680979642;86.81818181818181;4.794212740117853;39.54545454545455;0000
normal;48;0.01;in_between;2.2696718909343083;57.666666666666664;0.012124413624405861;0.5062055109689633;88.33333333333333;093222
backdoor;49;0.01;0.05033881589770317;in_between;0.9646692005070773;83.63636363636364;4.493774084611372;40.45454545454545;0000
normal;49;0.01;in_between;2.1496972165505093;59.666666666666664;0.004963505547493696;0.5446691792830824;88.66666666666667;093242
backdoor;50;0.01;0.037243083119392395;in_between;0.9667502395131371;83.63636363636364;4.758800419894132;40.45454545454545;0000
normal;50;0.01;in_between;1.987604253689448;60.666666666666664;0.0067066471092402935;0.5447210981945196;88.33333333333333;093303
backdoor;51;0.01;0.04105747863650322;in_between;0.9998917866836895;86.36363636363636;4.52275671525435;42.27272727272727;0000
normal;51;0.01;in_between;2.1582559510072072;58.666666666666664;0.0077391997911036015;0.5538690177972118;88.0;093322
backdoor;52;0.01;0.03927312791347504;in_between;1.038718096776442;85.9090909090909;4.434469171003862;43.18181818181818;0000
normal;52;0.01;in_between;2.1076297265291215;59.666666666666664;0.008189361542463303;0.5528621081759533;88.0;093341
backdoor;53;0.01;0.030407346785068512;in_between;1.137276309559291;82.27272727272727;4.447630916942249;44.54545454545455;0000
normal;53;0.01;in_between;1.9212909169495105;63.0;0.004224596545100212;0.5685717399045825;87.33333333333333;093400
backdoor;54;0.01;0.03735072910785675;in_between;1.068530573086305;85.9090909090909;4.4522323088212445;45.90909090909091;0000
normal;54;0.01;in_between;2.158585957388083;60.333333333333336;0.008431870490312576;0.5672691419534385;87.33333333333333;093420
backdoor;55;0.01;0.02532353438436985;in_between;1.2161196687004783;81.81818181818181;5.481876529346813;40.90909090909091;0000
normal;55;0.01;in_between;1.754417710006237;64.66666666666667;0.006267187185585499;0.5636308388031709;87.33333333333333;093441
backdoor;56;0.01;0.06128929555416107;in_between;0.6936231716112657;87.27272727272727;4.3813854737715285;45.90909090909091;0000
normal;56;0.01;in_between;3.49982931509614;56.666666666666664;0.013098991475999355;0.5672775235841983;86.33333333333333;093459
backdoor;57;0.01;0.12882979214191437;in_between;0.933354755694216;85.9090909090909;5.944965969432484;38.63636363636363;0000
normal;57;0.01;in_between;2.795397458871206;60.0;0.012013227678835392;0.589889674220855;87.0;093519
backdoor;58;0.01;0.06549600511789322;in_between;0.871779675917192;85.0;4.630958366394043;44.09090909090909;0000
normal;58;0.01;in_between;2.1973089357217153;63.0;0.005288224667310715;0.5211900553603968;88.66666666666667;093539
backdoor;59;0.01;0.058935265988111496;in_between;0.9011836084452542;85.45454545454545;4.73810192454945;43.63636363636363;0000
normal;59;0.01;in_between;2.503595937093099;59.0;0.009242084808647633;0.5652275117409105;87.33333333333333;093559
backdoor;60;0.01;0.03884167969226837;in_between;0.9764882737940008;84.0909090909091;4.4636490735140715;43.18181818181818;0000
normal;60;0.01;in_between;2.1984384765227634;62.666666666666664;0.004957679659128189;0.5826025512907654;87.66666666666667;093617
backdoor;61;0.01;0.05866561830043793;in_between;0.9090620544823733;85.9090909090909;6.101191902160645;37.72727272727273;0000
normal;61;0.01;in_between;2.7055724400281904;58.0;0.011358830146491528;0.6106384812543789;87.33333333333333;093637
backdoor;62;0.01;0.1483105719089508;in_between;1.0018478550694205;85.0;4.609608381444757;43.18181818181818;0000
normal;62;0.01;in_between;2.3512985084454217;59.333333333333336;0.005161014385521412;0.5911909654488167;88.33333333333333;093658
backdoor;63;0.01;0.04713739827275276;in_between;0.9863687106831507;85.45454545454545;7.189058182456277;33.18181818181818;0000
normal;63;0.01;in_between;2.7268765727678934;56.333333333333336;0.013227449730038643;0.5902244883775711;88.0;093717
backdoor;64;0.01;0.11095336824655533;in_between;0.8905484087087892;85.45454545454545;4.764434788443825;41.81818181818182;0000
normal;64;0.01;in_between;2.3024147379398348;61.666666666666664;0.006545158568769693;0.5396789236615102;88.33333333333333;093736
backdoor;65;0.01;0.047370318323373795;in_between;1.045155501907522;83.63636363636364;4.180534102699974;46.36363636363637;0000
normal;65;0.01;in_between;1.915717452764511;62.0;0.007736853789538145;0.5556605652316163;88.0;093754
backdoor;66;0.01;0.02996692806482315;in_between;1.4230155446312645;80.0;4.13891770622947;46.36363636363637;0000
normal;66;0.01;in_between;1.3050415472189585;72.66666666666667;0.003923781681805849;0.5649658847320825;88.33333333333333;093813
backdoor;67;0.01;0.024455895647406578;in_between;1.473141570524736;77.72727272727273;5.600687096335671;40.0;0000
normal;67;0.01;in_between;1.3450952224930128;73.0;0.008083444088697433;0.5831303026294336;88.66666666666667;093832
backdoor;68;0.01;0.07180190831422806;in_between;1.3745601673017849;79.54545454545455;4.166396435824308;45.45454545454545;0000
normal;68;0.01;in_between;1.2865406414866447;71.0;0.004041013307869434;0.5905702726760258;87.0;093852
backdoor;69;0.01;0.0626501515507698;in_between;1.376553346894004;79.54545454545455;5.101954512162642;42.27272727272727;0000
normal;69;0.01;in_between;1.4565436674654484;70.66666666666667;0.006993203889578581;0.6009168605087325;87.66666666666667;093913
backdoor;70;0.01;0.09184728562831879;in_between;1.2559779302640395;78.63636363636364;4.031526912342418;48.18181818181818;0000
normal;70;0.01;in_between;1.293076800207297;72.66666666666667;0.0034692282788455486;0.5948595309195419;87.33333333333333;093933
backdoor;71;0.01;0.0264343973249197;in_between;1.4014261505820536;78.18181818181819;4.679352708296342;44.09090909090909;0000
normal;71;0.01;in_between;1.4000838625927765;71.33333333333333;0.00446437718346715;0.6209104692765202;87.33333333333333;093951
backdoor;72;0.01;0.07613459974527359;in_between;1.3834635257720946;77.72727272727273;3.9712408065795897;50.0;0000
normal;72;0.01;in_between;1.2185507887601852;74.0;0.0038341269828379154;0.6135080501126746;87.66666666666667;094011
backdoor;73;0.01;0.056187842041254044;in_between;1.4316676291552457;75.9090909090909;4.078481821580366;48.63636363636363;0000
normal;73;0.01;in_between;1.298266759365797;74.33333333333333;0.003365113865584135;0.6353612265177071;87.33333333333333;094031
backdoor;74;0.01;0.04958552494645119;in_between;1.5148700800808994;75.0;4.000443666631525;50.45454545454545;0000
normal;74;0.01;in_between;1.2317355289061864;74.33333333333333;0.002771645085886121;0.6165977250908812;87.33333333333333;094051
backdoor;75;0.01;0.06456280499696732;in_between;1.0575009793043137;85.9090909090909;4.757401553067294;41.81818181818182;0000
normal;75;0.01;in_between;2.9461185185114545;53.666666666666664;0.012717313133180141;0.5722593108145521;89.33333333333333;094110
backdoor;76;0.01;0.06808317452669144;in_between;1.153271365233443;79.54545454545455;4.363898693431508;43.63636363636363;0000
normal;76;0.01;in_between;2.510496793240309;64.33333333333333;0.04254099354147911;0.5584395607110734;88.33333333333333;094130
backdoor;77;0.01;0.03256849944591522;in_between;1.5165038694034922;75.0;4.133912884105335;45.45454545454545;0000
normal;77;0.01;in_between;1.053404537141323;75.66666666666667;0.004002641420811415;0.596856271501941;87.0;094150
backdoor;78;0.01;0.03690772131085396;in_between;1.407537455992265;78.63636363636364;4.218307573145086;47.72727272727273;0000
normal;78;0.01;in_between;1.5791924886902173;67.66666666666667;0.012363544665277004;0.5946440800512209;88.33333333333333;094209
backdoor;79;0.01;0.040447622537612915;in_between;1.5735158161683516;76.36363636363636;3.9727708903225984;48.63636363636363;0000
normal;79;0.01;in_between;1.1245684336622557;74.33333333333333;0.006191094405949116;0.5890600689096998;88.66666666666667;094228
backdoor;80;0.01;0.02436908520758152;in_between;1.705364348671653;73.63636363636364;3.978912526910955;50.0;0000
normal;80;0.01;in_between;1.0601054262121519;76.0;0.0035377510357648134;0.5968216988025233;89.0;094247
backdoor;81;0.01;0.022990243509411812;in_between;1.7198653893037277;74.54545454545455;4.5217912760647865;48.63636363636363;0000
normal;81;0.01;in_between;1.0887145116925239;76.0;0.0034335507079958916;0.5783581805881113;88.66666666666667;094306
backdoor;82;0.01;0.12609267234802246;in_between;0.9722670246254314;78.63636363636364;5.537296745993874;42.27272727272727;0000
normal;82;0.01;in_between;2.3529675459861754;69.33333333333333;0.025887977331876755;0.5953935732110404;86.66666666666667;094326
backdoor;83;0.01;0.1022314727306366;in_between;0.6136244886639444;85.0;4.826079646023837;45.0;0000
normal;83;0.01;in_between;2.9240566928188008;64.0;0.024107731878757477;0.590489867143333;86.66666666666667;094345
backdoor;84;0.01;0.08969004452228546;in_between;0.6693974824114279;84.54545454545455;4.260538101196289;47.72727272727273;0000
normal;84;0.01;in_between;3.0658334588011105;62.666666666666664;0.019077951088547707;0.5212743380805478;89.66666666666667;094405
backdoor;85;0.01;0.05102133750915527;in_between;0.976437264139002;81.36363636363636;3.6963522997769442;51.36363636363637;0000
normal;85;0.01;in_between;1.47353732864062;67.33333333333333;0.005357647314667702;0.5660892694505553;89.0;094425
backdoor;86;0.01;0.03264813497662544;in_between;1.3377666213295676;74.0909090909091;3.6435830679806798;52.72727272727273;0000
normal;86;0.01;in_between;1.2124872544407845;73.33333333333333;0.003687013639137149;0.5911657432839275;88.33333333333333;094445
backdoor;87;0.01;0.01514589786529541;in_between;2.1337033098394222;67.27272727272727;3.648695572939786;52.72727272727273;0000
normal;87;0.01;in_between;0.7972024146219094;80.66666666666667;0.002106493804603815;0.6069664597340549;87.66666666666667;094504
backdoor;88;0.01;0.013692030683159828;in_between;2.2610690637068314;65.45454545454545;3.6618141347711735;52.72727272727273;0000
normal;88;0.01;in_between;0.7833743464946746;80.66666666666667;0.0018792952178046107;0.6147220831457525;87.66666666666667;094524
backdoor;89;0.01;0.01256633922457695;in_between;2.346744680404663;64.54545454545455;3.6744792157953436;53.63636363636363;0000
normal;89;0.01;in_between;0.7804813492794832;81.0;0.001721635228022933;0.621790043177704;87.66666666666667;094543
backdoor;90;0.01;0.011723875068128109;in_between;2.4189528034491974;64.54545454545455;3.6854804212396797;54.09090909090909;0000
normal;90;0.01;in_between;0.7773159983257453;82.0;0.0015962442848831415;0.6279908674877758;87.66666666666667;094603
backdoor;91;0.01;0.01105342898517847;in_between;2.4789815122430974;64.54545454545455;3.6989789615977893;54.09090909090909;0000
normal;91;0.01;in_between;0.7764518072704474;82.0;0.0015002959407866001;0.6343521996727213;87.66666666666667;094622
backdoor;92;0.01;0.010511403903365135;in_between;2.531635839288885;64.54545454545455;3.7123874230818315;55.0;0000
normal;92;0.01;in_between;0.7768712751567364;82.0;0.0014200907899066806;0.6406402364497383;87.33333333333333;094640
backdoor;93;0.01;0.009998101741075516;in_between;2.582272598960183;63.63636363636363;3.7252920931035822;55.0;0000
normal;93;0.01;in_between;0.7773084494223197;82.33333333333333;0.0013441520277410746;0.646270552072674;87.33333333333333;094659
backdoor;94;0.01;0.009576532058417797;in_between;2.6272241375663064;63.18181818181818;3.737307886643843;55.0;0000
normal;94;0.01;in_between;0.7776663284003734;82.33333333333333;0.0012810785556212068;0.6518234466171513;87.33333333333333;094718
backdoor;95;0.01;0.009187047369778156;in_between;2.668818302588029;63.18181818181818;3.749532361464067;55.45454545454545;0000
normal;95;0.01;in_between;0.7785989538331827;82.33333333333333;0.0012258046772331;0.6572924511848638;87.33333333333333;094738
backdoor;96;0.01;0.008873209357261658;in_between;2.7075549559159713;62.72727272727273;3.760246016762473;55.45454545454545;0000
normal;96;0.01;in_between;0.7793297573675712;82.66666666666667;0.001177449943497777;0.6624783633307865;87.33333333333333;094759
backdoor;97;0.01;0.008540644310414791;in_between;2.744658409465443;62.27272727272727;3.7716974778608843;55.45454545454545;0000
normal;97;0.01;in_between;0.7806418261428674;83.0;0.0011320940684527159;0.6674361258372664;87.33333333333333;094819
backdoor;98;0.01;0.008272223174571991;in_between;2.777765235033902;61.36363636363637;3.7831606604836203;55.45454545454545;0000
normal;98;0.01;in_between;0.7829865363240242;83.33333333333333;0.0010938430204987526;0.6725422050555547;87.33333333333333;094838
backdoor;99;0.01;0.008023997768759727;in_between;2.80948560888117;61.36363636363637;3.7934457258744674;55.45454545454545;0000
normal;99;0.01;in_between;0.7852141236513853;83.33333333333333;0.0010579858208075166;0.6776017604613056;87.33333333333333;094856
backdoor;100;0.01;0.007788047194480896;in_between;2.839158517664129;61.36363636363637;3.805502900210294;55.0;0000
normal;100;0.01;in_between;0.788420603449146;83.66666666666667;0.0010245644953101873;0.6822679250811537;87.66666666666667;094916
