#dataset: yale
#way backdoor looks like: beard
#merge strategy: aggregation
#learning rate: 0.0001
#number of benign sources: 4
#number of malicious sources: 1
#batch size: 16
#distribution of data: equally distributed subset
#percentage of poisoned data in backdoored nodes: 1.0
#order of time backdoors being inserted: no
#model replacement: True
#starttime: 115106
training_type;epoch_number;learn_rate;avg_training_loss;avg_test_loss;test_accuracy;timestamp
backdoor;1;0.0001;1.3891773493517012;0.4766564434224909;100.0;115138
normal;1;0.0001;3.0026780792645047;3.5773352336883546;6.666666666666667;115138
backdoor;2;0.0001;0.40176108479499817;0.45406375148079614;100.0;115218
normal;2;0.0001;3.697287176336561;3.49377511660258;6.666666666666667;115218
backdoor;3;0.0001;0.35916237391176675;0.34620969078757546;100.0;115255
normal;3;0.0001;3.7034089536893937;3.685191100438436;6.666666666666667;115255
backdoor;4;0.0001;0.29939637794381097;0.28764927062121304;100.0;115334
normal;4;0.0001;3.788436540535518;3.7868714793523153;6.666666666666667;115334
backdoor;5;0.0001;0.2574004495427722;0.2516734936020591;100.0;115413
normal;5;0.0001;3.8746153769038973;3.878353149096171;6.666666666666667;115413
backdoor;6;0.0001;0.2293985549892698;0.22014238942753184;100.0;115448
normal;6;0.0001;3.9577860803831193;3.96229651927948;6.666666666666667;115448
backdoor;7;0.0001;0.18782140633889607;0.1668967534195293;100.0;115523
normal;7;0.0001;4.039742486817496;4.101294683615366;6.666666666666667;115523
backdoor;8;0.0001;0.1548709613936288;0.15053406141021036;100.0;115600
normal;8;0.0001;4.11620907556443;4.18382937113444;6.666666666666667;115600
backdoor;9;0.0001;0.14630056740272612;0.14524666504426437;100.0;115639
normal;9;0.0001;4.13576218627748;4.174394130706787;6.666666666666667;115639
backdoor;10;0.0001;0.1415903784689449;0.1475309285250577;100.0;115720
normal;10;0.0001;4.097796996434529;4.1384573141733805;6.666666666666667;115720
backdoor;11;0.0001;0.1386729230483373;0.1502045149152929;100.0;115802
normal;11;0.0001;4.0767928049677895;4.077443710168203;6.666666666666667;115802
backdoor;12;0.0001;0.13467244732947575;0.1439618170261383;100.0;115842
normal;12;0.0001;4.0068953065645125;4.012879621982575;6.666666666666667;115842
backdoor;13;0.0001;0.12870506835835321;0.13047073483467103;100.0;115919
normal;13;0.0001;3.8833092479478744;3.9374409516652427;6.666666666666667;115919
backdoor;14;0.0001;0.12123186673436846;0.12232755287127062;100.0;115957
normal;14;0.0001;3.7392528539612178;3.819505496819814;6.666666666666667;115957
backdoor;15;0.0001;0.11084743802036558;0.11099032705480402;100.0;120034
normal;15;0.0001;3.6290276674997237;3.721574125289917;6.666666666666667;120034
backdoor;16;0.0001;0.10198338258834112;0.10562921383164146;100.0;120112
normal;16;0.0001;3.523359267484574;3.6007591342926024;6.666666666666667;120112
backdoor;17;0.0001;0.09689988284593537;0.10402221300385216;100.0;120150
normal;17;0.0001;3.3964960149356296;3.4690815114974978;6.666666666666667;120150
backdoor;18;0.0001;0.0919208743032955;0.09670161008834839;100.0;120230
normal;18;0.0001;3.2637413371176947;3.388884171644847;7.666666666666667;120230
backdoor;19;0.0001;0.08569572298299699;0.09486017227172852;100.0;120308
normal;19;0.0001;3.1503030969983055;3.293979172706604;8.666666666666666;120308
backdoor;20;0.0001;0.08028631799277805;0.09538966038010337;100.0;120341
normal;20;0.0001;3.0943476869946434;3.2190931018193565;10.666666666666666;120341
backdoor;21;0.0001;0.07612668421296846;0.09662353856997057;100.0;120415
normal;21;0.0001;3.0957541238693964;3.191418169339498;10.666666666666666;120415
backdoor;22;0.0001;0.073756225052334;0.09290760186585513;100.0;120451
normal;22;0.0001;3.1056392930802845;3.247599685986837;11.0;120451
backdoor;23;0.0001;0.07023093636546816;0.09440577165646986;100.0;120532
normal;23;0.0001;3.1475454597246078;3.3124590158462524;10.666666666666666;120532
backdoor;24;0.0001;0.06806249490806035;0.096600219336423;100.0;120612
normal;24;0.0001;3.2029326671645757;3.3690093692143757;11.333333333333334;120612
backdoor;25;0.0001;0.06629169891987528;0.1006461728702892;100.0;120651
normal;25;0.0001;3.2589838050660633;3.399432037671407;11.333333333333334;120651
backdoor;26;0.0001;0.06515790539838019;0.10316955934871327;100.0;120728
normal;26;0.0001;3.296493113040924;3.4112248261769613;10.666666666666666;120728
backdoor;27;0.0001;0.06383303180336952;0.10713868601755662;100.0;120807
normal;27;0.0001;3.3137173766181585;3.392907179196676;10.333333333333334;120807
backdoor;28;0.0001;0.06502289653179191;0.10696674693714489;100.0;120845
normal;28;0.0001;3.3124041841143654;3.456473337809245;12.0;120845
backdoor;29;0.0001;0.06452735114310469;0.10482999628240412;100.0;120922
normal;29;0.0001;3.2715175605955578;3.482129766146342;12.333333333333334;120922
backdoor;30;0.0001;0.06502516620925494;0.09704768251289021;100.0;120959
normal;30;0.0001;3.2514357084319707;3.5202755896250406;12.333333333333334;120959
backdoor;31;0.0001;0.06245982460677624;0.08568309355865825;100.0;121036
normal;31;0.0001;3.225218858037676;3.498783729871114;12.0;121036
backdoor;32;0.0001;0.059960804790967985;0.08461885113607753;100.0;121107
normal;32;0.0001;3.1654641997246515;3.442997490564982;12.0;121107
backdoor;33;0.0001;0.0578699086216234;0.0827921455556696;100.0;121142
normal;33;0.0001;3.1553124217759994;3.4523045190175377;12.0;121142
backdoor;34;0.0001;0.05658206804877236;0.08458673493428663;100.0;121220
normal;34;0.0001;3.172948732262566;3.4791467436154684;13.0;121220
backdoor;35;0.0001;0.05595015521560397;0.09005735543641177;100.0;121301
normal;35;0.0001;3.1900236975579035;3.506357367038727;13.333333333333334;121301
backdoor;36;0.0001;0.05574079656175205;0.0965467165816914;100.0;121339
normal;36;0.0001;3.212749441464742;3.5607821615537008;14.0;121339
backdoor;37;0.0001;0.05572103921856199;0.1030004238540476;99.54545454545455;121412
normal;37;0.0001;3.232878781500317;3.61087203502655;14.0;121412
backdoor;38;0.0001;0.055528846702405384;0.11430516351353039;99.54545454545455;121447
normal;38;0.0001;3.238635080201285;3.5586413208643597;15.666666666666666;121447
backdoor;39;0.0001;0.055072268116332236;0.12419746978716417;99.0909090909091;121521
normal;39;0.0001;3.209908581915356;3.4594425026575726;15.666666666666666;121521
backdoor;40;0.0001;0.05456529531095709;0.12393663390116258;99.54545454545455;121603
normal;40;0.0001;3.1605345138481686;3.4401570574442544;15.666666666666666;121603
backdoor;41;0.0001;0.05379799850994632;0.11992166204886003;99.54545454545455;121640
normal;41;0.0001;3.115060472772235;3.4174212980270386;16.0;121640
backdoor;42;0.0001;0.052771578853329025;0.11503703187812458;99.0909090909091;121719
normal;42;0.0001;3.0868501918656484;3.4411779562632243;15.666666666666666;121719
backdoor;43;0.0001;0.051770285658893134;0.12099805934862658;97.72727272727273;121758
normal;43;0.0001;3.073681177127929;3.470543926556905;16.333333333333332;121758
backdoor;44;0.0001;0.051208547626932464;0.12142008380456404;97.72727272727273;121828
normal;44;0.0001;3.046474971941539;3.4637568887074788;17.0;121828
backdoor;45;0.0001;0.049987293868547396;0.10848872526125475;97.72727272727273;121902
normal;45;0.0001;3.0211081093265895;3.566755712827047;16.0;121902
backdoor;46;0.0001;0.04934302273960341;0.10824126885695891;97.72727272727273;121941
normal;46;0.0001;3.0053164746080125;3.599640180269877;16.0;121941
backdoor;47;0.0001;0.04888616174104668;0.10496330505067653;98.63636363636364;122021
normal;47;0.0001;2.9743900426796506;3.614536245663961;16.333333333333332;122021
backdoor;48;0.0001;0.04812542987721307;0.09687926227396185;98.63636363636364;122059
normal;48;0.0001;2.9597429491224743;3.6950545517603555;15.666666666666666;122059
backdoor;49;0.0001;0.047754866824973194;0.09260275540026751;98.18181818181819;122137
normal;49;0.0001;2.934903376159214;3.7445266087849935;15.333333333333334;122137
backdoor;50;0.0001;0.04723292686754749;0.08761430518193679;98.18181818181819;122214
normal;50;0.0001;2.916856552873339;3.7991076040267946;14.666666666666666;122214
backdoor;51;0.0001;0.04681983811869508;0.0819497135552493;98.18181818181819;122252
normal;51;0.0001;2.9097147030489787;3.887255031267802;15.0;122252
backdoor;52;0.0001;0.046476248429999464;0.07706123292446136;98.18181818181819;122330
normal;52;0.0001;2.918679436047872;3.9722369432449343;14.333333333333334;122330
backdoor;53;0.0001;0.04629843673180966;0.07188689803535288;98.18181818181819;122407
normal;53;0.0001;2.9335429526510692;3.998451689084371;14.333333333333334;122407
backdoor;54;0.0001;0.045743667298839205;0.06611732515421781;98.63636363636364;122442
normal;54;0.0001;2.946902749084291;4.036982760429383;14.333333333333334;122442
backdoor;55;0.0001;0.04551750244129272;0.06430914903228933;98.63636363636364;122519
normal;55;0.0001;2.9366303157238733;4.0530749718348185;14.0;122519
backdoor;56;0.0001;0.04520445361378647;0.061763674156232316;99.0909090909091;122554
normal;56;0.0001;2.93996215008554;4.067870594660441;14.0;122554
backdoor;57;0.0001;0.04511083006149247;0.05915930298241702;99.0909090909091;122629
normal;57;0.0001;2.9509722831703367;4.093491446177165;13.666666666666666;122629
backdoor;58;0.0001;0.04499771055721101;0.05807436569170518;99.0909090909091;122706
normal;58;0.0001;2.9586562514305115;4.124577107429505;14.0;122706
backdoor;59;0.0001;0.04499293038887637;0.0569401661103422;99.54545454545455;122744
normal;59;0.0001;2.9828886602606093;4.162965299288432;14.0;122744
backdoor;60;0.0001;0.045073487130658965;0.05677880861542441;99.54545454545455;122819
normal;60;0.0001;3.0075919528802237;4.1953542518615725;14.0;122819
backdoor;61;0.0001;0.04514280999345439;0.057552240788936615;99.0909090909091;122857
normal;61;0.0001;3.03626016775767;4.209122433662414;13.666666666666666;122857
backdoor;62;0.0001;0.04527056119626477;0.05846890062093735;99.0909090909091;122933
normal;62;0.0001;3.0656729624384926;4.219886430104574;13.666666666666666;122933
backdoor;63;0.0001;0.04529295489192009;0.05931888114322315;99.0909090909091;123009
normal;63;0.0001;3.1050801333926974;4.217537150382996;13.333333333333334;123009
backdoor;64;0.0001;0.045524311296287034;0.059744118831374426;99.0909090909091;123047
normal;64;0.0001;3.1389098309335255;4.226755152543386;13.333333333333334;123047
backdoor;65;0.0001;0.0453716175009807;0.06029635735533454;99.0909090909091;123126
normal;65;0.0001;3.200760767573402;4.215783907572429;13.0;123126
backdoor;66;0.0001;0.04561849914136387;0.05855884999036789;99.0909090909091;123203
normal;66;0.0001;3.2321931435948326;4.236121652126312;13.0;123203
backdoor;67;0.0001;0.04508382494428328;0.059241759506138886;99.0909090909091;123243
normal;67;0.0001;3.2501611567678905;4.221144392490387;12.666666666666666;123243
backdoor;68;0.0001;0.044781386674869625;0.06098738962953741;99.0909090909091;123315
normal;68;0.0001;3.2237962895915624;4.173443435827891;13.333333333333334;123315
backdoor;69;0.0001;0.04427312039548442;0.06288214014335113;99.0909090909091;123346
normal;69;0.0001;3.1972023319630396;4.117075935204824;13.666666666666666;123346
backdoor;70;0.0001;0.04397220838637579;0.0621379093690352;99.0909090909091;123423
normal;70;0.0001;3.175305033013934;4.099536341826121;13.666666666666666;123423
backdoor;71;0.0001;0.04356386787479832;0.06288720274513418;99.0909090909091;123505
normal;71;0.0001;3.1580052248069217;4.060352964401245;13.666666666666666;123505
backdoor;72;0.0001;0.04331958089910802;0.06277524368329482;99.0909090909091;123544
normal;72;0.0001;3.1432847394829704;4.031120663483938;13.0;123544
backdoor;73;0.0001;0.04309063209664254;0.06295806616544723;99.0909090909091;123622
normal;73;0.0001;3.1304544636181424;3.996791711648305;13.0;123622
backdoor;74;0.0001;0.04292813058765162;0.06264151239937002;99.0909090909091;123659
normal;74;0.0001;3.116587975195476;3.963448406855265;13.333333333333334;123659
backdoor;75;0.0001;0.0427083723424446;0.06298757872798226;99.0909090909091;123734
normal;75;0.0001;3.101848156679244;3.9020224030812583;13.333333333333334;123734
backdoor;76;0.0001;0.0425001343800908;0.06163261600516059;99.0909090909091;123810
normal;76;0.0001;3.0819386754717146;3.848236258824666;14.0;123810
backdoor;77;0.0001;0.042087865727288384;0.06013496612960642;99.0909090909091;123846
normal;77;0.0001;3.055027568624133;3.742338225046794;14.666666666666666;123846
backdoor;78;0.0001;0.04186015385424807;0.06176650358194655;99.0909090909091;123924
normal;78;0.0001;3.0284777056603205;3.6634387588500976;15.0;123924
backdoor;79;0.0001;0.0415311407830034;0.061478557911786164;99.0909090909091;124000
normal;79;0.0001;2.9920468670981273;3.6323302300771076;15.0;124000
backdoor;80;0.0001;0.040931145882322675;0.06274410567500374;99.0909090909091;124038
normal;80;0.0001;2.9570968874863217;3.584728800455729;16.333333333333332;124038
backdoor;81;0.0001;0.04057742056569883;0.061944223127581854;99.0909090909091;124113
normal;81;0.0001;2.9294545465991613;3.574470918973287;16.0;124113
backdoor;82;0.0001;0.04023342898913792;0.06326508115638386;99.0909090909091;124148
normal;82;0.0001;2.9005283940406072;3.5422947136561076;16.333333333333332;124148
backdoor;83;0.0001;0.04002181405112857;0.06288090727545999;98.63636363636364;124228
normal;83;0.0001;2.8789081374804177;3.5320320749282836;16.333333333333332;124228
backdoor;84;0.0001;0.03977329612133049;0.06381517228755083;98.63636363636364;124306
normal;84;0.0001;2.8529179763226282;3.5076768000920615;17.0;124306
backdoor;85;0.0001;0.039529506028408094;0.0647234854373065;98.63636363636364;124338
normal;85;0.0001;2.828902917248862;3.4851232051849363;17.0;124338
backdoor;86;0.0001;0.039277320727705956;0.06645740189335562;98.18181818181819;124414
normal;86;0.0001;2.8043085237344108;3.4536047188440957;17.333333333333332;124414
backdoor;87;0.0001;0.03908690943249634;0.06568735499273647;97.72727272727273;124452
normal;87;0.0001;2.783117163748968;3.45332183043162;17.333333333333332;124452
backdoor;88;0.0001;0.03874921257651988;0.06703262938694521;97.72727272727273;124531
normal;88;0.0001;2.7602752333595637;3.4254334131876627;17.666666666666668;124531
backdoor;89;0.0001;0.038485715875313395;0.06819069012999535;97.72727272727273;124608
normal;89;0.0001;2.7375340461730957;3.4094478686650596;17.666666666666668;124608
backdoor;90;0.0001;0.03817672681595598;0.07072938043962826;97.72727272727273;124644
normal;90;0.0001;2.7187047884577797;3.3820818440119425;17.666666666666668;124644
backdoor;91;0.0001;0.03797358948559988;0.07191591750491749;97.72727272727273;124720
normal;91;0.0001;2.6986201802889505;3.3752868429819745;17.666666666666668;124720
backdoor;92;0.0001;0.03773640615067312;0.07382421913472088;97.72727272727273;124756
normal;92;0.0001;2.6809703821227666;3.35607425292333;18.0;124756
backdoor;93;0.0001;0.03760606795549393;0.07563890814781189;97.72727272727273;124833
normal;93;0.0001;2.668868601322174;3.3366026385625203;18.0;124833
backdoor;94;0.0001;0.03747816880544027;0.07758281176740472;97.72727272727273;124908
normal;94;0.0001;2.6601256671405973;3.315423274040222;18.0;124908
backdoor;95;0.0001;0.03735985229944899;0.0811981395564296;97.72727272727273;124948
normal;95;0.0001;2.6506716240020025;3.270507443745931;18.333333333333332;124948
backdoor;96;0.0001;0.037675694739889534;0.09052682302214883;97.72727272727273;125026
normal;96;0.0001;2.6428927168959664;3.086240472793579;19.666666666666668;125026
backdoor;97;0.0001;0.03841017938352057;0.08605191219936717;98.18181818181819;125104
normal;97;0.0001;2.86777471502622;3.081446134249369;22.666666666666668;125104
backdoor;98;0.0001;0.04249467308233891;0.06896903013641184;99.0909090909091;125140
normal;98;0.0001;3.1238629803771065;3.3842229008674622;19.333333333333332;125140
backdoor;99;0.0001;0.041986617259681225;0.11357568150216883;96.36363636363636;125217
normal;99;0.0001;2.836299764258521;3.051189119021098;22.666666666666668;125217
backdoor;100;0.0001;0.04173221304968354;0.03907659521157091;99.0909090909091;125254
normal;100;0.0001;3.334982300088519;4.207271449168523;15.333333333333334;125254
