#dataset: trafficsign
#way backdoor looks like: green_squares
#merge strategy: sequential
#number of benign sources: 19
#number of malicious sources: 1
#batch size: 64
#distribution of data: equally distributed subset
#percentage of poisoned data in backdoored nodes: 100
#order of time backdoors being inserted: last
#attack model: basic
#starttime: 193202
training_type;epoch_number;learn_rate;avg_training_loss;avg_test_loss;test_accuracy;timestamp
backdoor;1;0.01;1.0239731073379517;0.12178000289137218;100.0;193520
normal;1;0.01;2.039673328399658;5.5783593407313825;5.4676658340271995;193510
backdoor;2;0.01;0.8273612260818481;0.05817342967584899;100.0;193900
normal;2;0.01;1.255914330482483;7.9189361384737635;5.4676658340271995;193850
backdoor;3;0.01;1.0826102495193481;0.02414325717138708;100.0;194230
normal;3;0.01;0.6940683126449585;7.629714472539352;5.4676658340271995;194221
backdoor;4;0.01;1.177970051765442;0.01816663270919084;100.0;194559
normal;4;0.01;0.4581539034843445;6.433114908141392;5.4676658340271995;194550
backdoor;5;0.01;1.24201238155365;0.016587037470087287;100.0;194928
normal;5;0.01;0.3211463689804077;5.963312700502481;5.5231751318345825;194918
backdoor;6;0.01;1.27099609375;0.016576255663149957;99.9722453510963;195257
normal;6;0.01;0.24037225544452667;5.930855917386336;5.5231751318345825;195247
backdoor;7;0.01;1.2919862270355225;0.01792914000896325;99.88898140438523;195626
normal;7;0.01;0.20547117292881012;5.670899678734055;5.828476269775187;195616
backdoor;8;0.01;1.321804404258728;0.020851711999772822;99.72245351096309;195955
normal;8;0.01;0.17904798686504364;5.543068285329438;5.995004163197335;195945
backdoor;9;0.01;1.3086905479431152;0.019432006454983917;99.639189564252;200323
normal;9;0.01;0.1629294902086258;5.494447178693032;6.30030530113794;200314
backdoor;10;0.01;1.2822191715240479;0.017242158073213342;99.75020815986677;200652
normal;10;0.01;0.14992795884609222;5.410030402965862;6.244796003330558;200643
backdoor;11;0.01;1.258863925933838;0.021032084049949076;99.6669442131557;201021
normal;11;0.01;0.14189539849758148;5.006060421151475;6.550097141271163;201011
backdoor;12;0.01;1.2179384231567383;0.020686690236772394;99.6946988620594;201349
normal;12;0.01;0.1295163482427597;4.859187707601696;6.716625034693311;201339
backdoor;13;0.01;1.1920368671417236;0.020281393634366835;99.6946988620594;201717
normal;13;0.01;0.12002801150083542;4.843156014960192;6.883152928115459;201708
backdoor;14;0.01;1.201109528541565;0.016451907993219078;99.72245351096309;202045
normal;14;0.01;0.11341691762208939;4.896617128178498;6.605606439078546;202036
backdoor;15;0.01;1.1483932733535767;0.015427987181713126;99.75020815986677;202413
normal;15;0.01;0.10583972930908203;4.79844816650729;6.6888703857896195;202404
backdoor;16;0.01;1.1086441278457642;0.015834457519775153;99.72245351096309;202742
normal;16;0.01;0.10424227267503738;4.731174977807482;7.021926172633917;202732
backdoor;17;0.01;1.094234585762024;0.019754848546107345;99.6669442131557;203110
normal;17;0.01;0.09957337379455566;4.038580733720268;7.937829586455732;203100
backdoor;18;0.01;1.0505194664001465;0.020226821327794478;99.61143491534833;203438
normal;18;0.01;0.09173998981714249;3.832216694658452;8.603941160144323;203429
backdoor;19;0.01;1.0028142929077148;0.02017600099696247;99.58368026644463;203806
normal;19;0.01;0.08565427362918854;3.6451238817720157;9.103524840410769;203756
backdoor;20;0.01;0.9171791672706604;0.016172599918388663;99.6669442131557;204134
normal;20;0.01;0.08016062527894974;3.668644034120976;9.242298084929226;204124
backdoor;21;0.01;0.8481324315071106;0.016309683414478793;99.61143491534833;204501
normal;21;0.01;0.07965242862701416;3.4107336312462118;11.296142103802387;204452
backdoor;22;0.01;0.8144959807395935;0.018097568783176147;99.47266167082986;204829
normal;22;0.01;0.07492787390947342;3.0966448652196923;15.40383014154871;204819
backdoor;23;0.01;0.7512107491493225;0.016961867140574124;99.639189564252;205156
normal;23;0.01;0.06979788094758987;2.802332568245772;17.873993893977243;205147
backdoor;24;0.01;0.700163722038269;0.01799751101596605;99.47266167082986;205524
normal;24;0.01;0.06615987420082092;2.6422518780757422;20.982514571190674;205514
backdoor;25;0.01;0.6178169846534729;0.023155633519043244;99.3616430752151;205851
normal;25;0.01;0.06439511477947235;2.2643329777131633;27.17180127671385;205842
backdoor;26;0.01;0.6001365184783936;0.0251719277572001;99.16736053288926;210219
normal;26;0.01;0.05787846818566322;1.9783656149730398;34.082708853733;210209
backdoor;27;0.01;0.49212658405303955;0.027738941738480464;99.08409658617819;210546
normal;27;0.01;0.055237650871276855;1.8236708040011862;39.18956425201221;210536
backdoor;28;0.01;0.4973720908164978;0.023793608694777507;99.25062447960033;210913
normal;28;0.01;0.052918873727321625;1.6289178458412852;46.960865945045796;210903
backdoor;29;0.01;0.43460598587989807;0.021055210729106124;99.30613377740771;211240
normal;29;0.01;0.04959755390882492;1.6792704819895734;46.6278101582015;211231
backdoor;30;0.01;0.39623427391052246;0.025912856598913247;99.13960588398557;211607
normal;30;0.01;0.05014593526721001;1.3327041371132793;57.72966971967804;211558
backdoor;31;0.01;0.34766891598701477;0.027121177663621893;99.13960588398557;211934
normal;31;0.01;0.046340689063072205;1.0385546478262684;66.94421315570358;211925
backdoor;32;0.01;0.25663018226623535;0.03446562054845985;98.94532334165973;212302
normal;32;0.01;0.04357905685901642;0.9103897481126948;71.16291978906467;212252
backdoor;33;0.01;0.2612724006175995;0.023284090083535706;99.30613377740771;212629
normal;33;0.01;0.04026145488023758;1.0088945206563869;67.72134332500694;212619
backdoor;34;0.01;0.23963399231433868;0.014751864252294604;99.52817096863724;212956
normal;34;0.01;0.03692849352955818;0.9107887899208955;69.88620593949487;212946
backdoor;35;0.01;0.26587414741516113;0.009759401435119055;99.6669442131557;213324
normal;35;0.01;0.03414251655340195;1.0059703946601606;72.13433250069387;213314
backdoor;36;0.01;0.20852895081043243;0.019684350888941167;99.3893977241188;213651
normal;36;0.01;0.03402908891439438;0.6155031535959545;80.51623646960866;213642
backdoor;37;0.01;0.158949077129364;0.01554423359802117;99.50041631973356;214019
normal;37;0.01;0.030250517651438713;0.6053318650837313;81.45989453233416;214009
backdoor;38;0.01;0.17564882338047028;0.024533123812062338;99.16736053288926;214346
normal;38;0.01;0.028622636571526527;0.4903147203861724;84.73494310296975;214336
backdoor;39;0.01;0.14743180572986603;0.010753090839589786;99.58368026644463;214713
normal;39;0.01;0.026189429685473442;0.6781258778504421;79.37829586455732;214704
backdoor;40;0.01;0.1902795135974884;0.019045179491533604;99.3338884263114;215040
normal;40;0.01;0.02576884999871254;0.45050560285771785;86.511240632806;215031
backdoor;41;0.01;0.11873696744441986;0.012643192029204595;99.50041631973356;215407
normal;41;0.01;0.024513237178325653;0.4476647705745439;86.70552317513183;215358
backdoor;42;0.01;0.13550961017608643;0.01387674832635547;99.47266167082986;215734
normal;42;0.01;0.023056214675307274;0.31716241386038974;91.14626699972246;215725
backdoor;43;0.01;0.1299431174993515;0.0141861801298396;99.58368026644463;220101
normal;43;0.01;0.02142496220767498;0.2884903005757267;92.03441576464057;220052
backdoor;44;0.01;0.09837868064641953;0.016715379857312095;99.47266167082986;220429
normal;44;0.01;0.02106616646051407;0.30491248669804316;91.6180960310852;220419
backdoor;45;0.01;0.14063206315040588;0.011649859577192894;99.55592561754094;220756
normal;45;0.01;0.01865057274699211;0.33303434542986937;91.03524840410769;220747
backdoor;46;0.01;0.07834351807832718;0.008944679660574013;99.72245351096309;221123
normal;46;0.01;0.018428947776556015;0.3450890904519414;90.06383569247849;221114
backdoor;47;0.01;0.11712131649255753;0.010764440440742951;99.6669442131557;221450
normal;47;0.01;0.0192395206540823;0.2631272700861564;93.75520399666944;221441
backdoor;48;0.01;0.11812514811754227;0.014234622743040307;99.50041631973356;221817
normal;48;0.01;0.017933523282408714;0.22618002455051892;94.64335276158756;221808
backdoor;49;0.01;0.07545878738164902;0.023379134576154516;99.27837912850403;222145
normal;49;0.01;0.01998411864042282;0.18615624955006185;95.7812933666389;222135
backdoor;50;0.01;0.06255847215652466;0.02720132793726005;99.0563419372745;222512
normal;50;0.01;0.017291676253080368;0.17671146813925856;95.97557590896476;222503
backdoor;51;0.01;0.05890088900923729;0.019135586291744743;99.47266167082986;222840
normal;51;0.01;0.014073927886784077;0.17776611868251768;95.97557590896476;222830
backdoor;52;0.01;0.08671408146619797;0.011717438701992105;99.639189564252;223207
normal;52;0.01;0.013282532803714275;0.2137727503931807;94.92089925062447;223158
backdoor;53;0.01;0.053222984075546265;0.016758989851965035;99.61143491534833;223535
normal;53;0.01;0.012844661250710487;0.18796093499299854;95.8368026644463;223525
backdoor;54;0.01;0.058802396059036255;0.01862026079226011;99.44490702192617;223902
normal;54;0.01;0.013124050572514534;0.1732116845906062;96.28087704690536;223852
backdoor;55;0.01;0.056109149008989334;0.0153299356394434;99.61143491534833;224229
normal;55;0.01;0.011347654275596142;0.18026539018104185;96.03108520677213;224220
backdoor;56;0.01;0.05823616310954094;0.014798782732058022;99.52817096863724;224556
normal;56;0.01;0.012429565191268921;0.16903806028847823;96.28087704690536;224547
backdoor;57;0.01;0.043231330811977386;0.007703710810390569;99.80571745767416;224923
normal;57;0.01;0.011586417444050312;0.23887671185323936;94.11601443241743;224914
backdoor;58;0.01;0.04021652415394783;0.015062191803440605;99.55592561754094;225250
normal;58;0.01;0.01289554126560688;0.15387624230669036;96.50291423813489;225241
backdoor;59;0.01;0.0529731810092926;0.013610228325118287;99.47266167082986;225618
normal;59;0.01;0.010244098491966724;0.14725470303963895;96.55842353594227;225608
backdoor;60;0.01;0.03148949518799782;0.016802915058527875;99.47266167082986;225945
normal;60;0.01;0.009057873860001564;0.16364324049284368;96.19761310019429;225936
backdoor;61;0.01;0.04056162014603615;0.01403094734756679;99.639189564252;230313
normal;61;0.01;0.011123263277113438;0.15490699969924823;96.4474049403275;230303
backdoor;62;0.01;0.030868204310536385;0.015094355574304243;99.639189564252;230640
normal;62;0.01;0.008794433437287807;0.15256697743461095;96.50291423813489;230631
backdoor;63;0.01;0.052532605826854706;0.012918594337053115;99.61143491534833;231007
normal;63;0.01;0.00873328186571598;0.18651910246120595;95.61476547321676;230958
backdoor;64;0.01;0.0228683240711689;0.024827135347706857;99.27837912850403;231335
normal;64;0.01;0.010531052015721798;0.1365818834801308;97.03025256730503;231325
backdoor;65;0.01;0.04783618077635765;0.017006051447223322;99.55592561754094;231702
normal;65;0.01;0.00934512633830309;0.15897589608356916;96.55842353594227;231653
backdoor;66;0.01;0.05421846732497215;0.011543232818592071;99.6669442131557;232030
normal;66;0.01;0.009285965003073215;0.18427322323317996;95.89231196225367;232020
backdoor;67;0.01;0.028445085510611534;0.004838544829087049;99.91673605328893;232357
normal;67;0.01;0.0087134949862957;0.1875462809212086;95.8090480155426;232348
backdoor;68;0.01;0.0438854917883873;0.018905141062918872;99.52817096863724;232725
normal;68;0.01;0.009010287001729012;0.1338612153786776;97.16902581182347;232715
backdoor;69;0.01;0.040566153824329376;0.023920075108236592;99.3338884263114;233052
normal;69;0.01;0.007412070408463478;0.15245272230425172;96.4474049403275;233043
backdoor;70;0.01;0.027601486071944237;0.023217078324899675;99.47266167082986;233420
normal;70;0.01;0.006499769631773233;0.13157934180237021;97.19678046072717;233410
backdoor;71;0.01;0.0315122976899147;0.007983118210213087;99.83347210657786;233747
normal;71;0.01;0.00829523615539074;0.1422967307115516;96.94698862059396;233738
backdoor;72;0.01;0.035230591893196106;0.014413246051525256;99.55592561754094;234115
normal;72;0.01;0.0075056059285998344;0.12941252022993016;97.1412711629198;234106
backdoor;73;0.01;0.0210203155875206;0.014033350329738981;99.52817096863724;234443
normal;73;0.01;0.007444125600159168;0.13147332943680476;97.22453510963086;234433
backdoor;74;0.01;0.02200447767972946;0.023614849789578903;99.3616430752151;234810
normal;74;0.01;0.006293873302638531;0.12929323106479956;97.16902581182347;234801
backdoor;75;0.01;0.03483016416430473;0.013523821376008244;99.58368026644463;235137
normal;75;0.01;0.006938704289495945;0.13530846213073555;97.1412711629198;235128
backdoor;76;0.01;0.01509073469787836;0.03215677709276618;99.13960588398557;235504
normal;76;0.01;0.005630649626255035;0.10641382856626116;97.58534554537886;235455
backdoor;77;0.01;0.02451195754110813;0.01706458377455163;99.58368026644463;235831
normal;77;0.01;0.004994336515665054;0.1219449199694373;97.55759089647516;235822
backdoor;78;0.01;0.024525070562958717;0.012259888676818915;99.6946988620594;000159
normal;78;0.01;0.005064144264906645;0.12896025818955492;97.30779905634193;000149
backdoor;79;0.01;0.03768878057599068;0.019230050920338786;99.50041631973356;000526
normal;79;0.01;0.004428105894476175;0.11015039770072985;97.55759089647516;000516
backdoor;80;0.01;0.02342301793396473;0.04274618361545989;98.91756869275603;000853
normal;80;0.01;0.005396557506173849;0.10436223693052714;97.83513738551207;000843
backdoor;81;0.01;0.027030877768993378;0.012268620256610328;99.75020815986677;001220
normal;81;0.01;0.005582913756370544;0.13286750085208313;97.33555370524563;001211
backdoor;82;0.01;0.019762994721531868;0.019965977066735363;99.47266167082986;001547
normal;82;0.01;0.005854959599673748;0.11300120057675375;97.751873438801;001538
backdoor;83;0.01;0.0076314182952046394;0.03623946882287512;99.0008326394671;001914
normal;83;0.01;0.004959409590810537;0.11256428075214857;97.50208159866777;001905
backdoor;84;0.01;0.023592008277773857;0.01206580013752487;99.75020815986677;002242
normal;84;0.01;0.005527025554329157;0.12715630489847407;97.4465723008604;002232
backdoor;85;0.01;0.023385683074593544;0.013243268974343091;99.6946988620594;002609
normal;85;0.01;0.004231978673487902;0.1170377700663007;97.66860949208993;002600
backdoor;86;0.01;0.026790425181388855;0.012456078553925642;99.6669442131557;002937
normal;86;0.01;0.0049413833767175674;0.10726419780243114;97.83513738551207;002927
backdoor;87;0.01;0.02324764057993889;0.007803069213486138;99.77796280877047;003305
normal;87;0.01;0.005347379483282566;0.12002376373844335;97.55759089647516;003256
backdoor;88;0.01;0.02355959452688694;0.02809562984347816;99.3616430752151;003633
normal;88;0.01;0.00538361631333828;0.10068072116410338;97.86289203441576;003623
backdoor;89;0.01;0.027048293501138687;0.005210662088055719;99.86122675548154;004000
normal;89;0.01;0.004053875803947449;0.1514106057664416;96.83597002497919;003951
backdoor;90;0.01;0.026521185413002968;0.012556706179075755;99.72245351096309;004327
normal;90;0.01;0.004348696209490299;0.11313357582033076;97.751873438801;004318
backdoor;91;0.01;0.018450874835252762;0.007099531328038093;99.83347210657786;004655
normal;91;0.01;0.003928180783987045;0.11960758679152743;97.391063003053;004645
backdoor;92;0.01;0.03519710898399353;0.01477505939698504;99.639189564252;005022
normal;92;0.01;0.0049553378485143185;0.10752536390015868;97.80738273660839;005013
backdoor;93;0.01;0.02526147849857807;0.009652967064947534;99.80571745767416;005352
normal;93;0.01;0.0037205142434686422;0.10953832101795269;97.69636414099362;005342
backdoor;94;0.01;0.013334862887859344;0.018015915947931855;99.55592561754094;005718
normal;94;0.01;0.0035746709909290075;0.09099401288787384;98.0849292256453;005708
backdoor;95;0.01;0.01574520766735077;0.020821074212493008;99.52817096863724;010044
normal;95;0.01;0.0038995451759546995;0.09490369484773309;98.0294199278379;010035
backdoor;96;0.01;0.006692431401461363;0.016326211460854206;99.58368026644463;010410
normal;96;0.01;0.0037678058724850416;0.09699583159377212;98.19594782126006;010400
backdoor;97;0.01;0.01621950976550579;0.04411970757563444;98.94532334165973;010735
normal;97;0.01;0.00379966595210135;0.08887258836257803;98.14043852345267;010726
backdoor;98;0.01;0.019478322938084602;0.008991246944110937;99.77796280877047;011102
normal;98;0.01;0.004070086870342493;0.1361149012611555;97.28004440743824;011052
backdoor;99;0.01;0.012001519091427326;0.022553049908748145;99.55592561754094;011427
normal;99;0.01;0.0033379746600985527;0.10766844367717901;97.97391063003053;011418
backdoor;100;0.01;0.01801917888224125;0.016242102059908867;99.61143491534833;011753
normal;100;0.01;0.0033999162260442972;0.10088187572778132;98.11268387454899;011744
