#dataset: trafficsign
#way backdoor looks like: green_squares
#merge strategy: sequential
#number of benign sources: 9
#number of malicious sources: 1
#batch size: 64
#distribution of data: equally distributed subset
#percentage of poisoned data in backdoored nodes: NONE
#order of time backdoors being inserted: NONE
#attack model: basic
#starttime: 141715
training_type;epoch_number;learn_rate;avg_training_loss;avg_test_loss;test_accuracy;timestamp
backdoor;1;0.01;0.554468035697937;0.03390150488585093;100.0;142039
normal;1;0.01;2.0397696495056152;8.143428903072039;5.4676658340271995;142019
backdoor;2;0.01;0.4119498133659363;0.013217605356010189;100.0;142416
normal;2;0.01;1.3228271007537842;9.704260377515787;5.4676658340271995;142356
backdoor;3;0.01;0.5618419051170349;0.009431648951891294;100.0;142752
normal;3;0.01;0.7358322739601135;8.812323432762094;5.4676658340271995;142732
backdoor;4;0.01;0.6007264852523804;0.00844809834028809;100.0;143127
normal;4;0.01;0.48742637038230896;7.592807692420043;5.4676658340271995;143108
backdoor;5;0.01;0.629146933555603;0.007533938558568003;100.0;143503
normal;5;0.01;0.3326878249645233;7.387517198537692;5.4676658340271995;143443
backdoor;6;0.01;0.629711925983429;0.007801429389751341;100.0;143838
normal;6;0.01;0.2690102756023407;7.247696988334217;5.4676658340271995;143818
backdoor;7;0.01;0.6526817679405212;0.008144659644947627;100.0;144213
normal;7;0.01;0.23275746405124664;6.9140851021085945;5.4676658340271995;144153
backdoor;8;0.01;0.6182824373245239;0.008037956083586836;99.94449070219262;144548
normal;8;0.01;0.2027619332075119;6.831394331387569;5.5231751318345825;144529
backdoor;9;0.01;0.6342484354972839;0.008612484254238674;99.94449070219262;144924
normal;9;0.01;0.18387265503406525;6.516546820614786;5.550929780738274;144904
backdoor;10;0.01;0.6456421613693237;0.00857643411494016;99.94449070219262;145300
normal;10;0.01;0.16777850687503815;6.147571946159543;5.550929780738274;145239
backdoor;11;0.01;0.6325318217277527;0.0073347673633803005;99.94449070219262;145635
normal;11;0.01;0.15375636518001556;6.154731635637571;5.578684429641965;145615
backdoor;12;0.01;0.6339288353919983;0.0076710194098041215;99.94449070219262;150010
normal;12;0.01;0.14290395379066467;5.905012204725623;5.606439078545656;145950
backdoor;13;0.01;0.6061499714851379;0.007607149232417767;99.94449070219262;150345
normal;13;0.01;0.13385312259197235;5.672082616963876;5.689703025256731;150325
backdoor;14;0.01;0.5995790362358093;0.008038445141155075;99.94449070219262;150737
normal;14;0.01;0.12427128106355667;5.436772722483628;5.772966971967804;150717
backdoor;15;0.01;0.5895929336547852;0.006490368150611975;99.94449070219262;151115
normal;15;0.01;0.11970888823270798;5.54266525229815;5.800721620871496;151055
backdoor;16;0.01;0.5645573735237122;0.006393597074459939;99.94449070219262;151450
normal;16;0.01;0.11507989466190338;5.1943148603379035;5.856230918678879;151430
backdoor;17;0.01;0.5508424639701843;0.00674933342993582;99.94449070219262;151824
normal;17;0.01;0.1094086542725563;4.827748492412846;6.07826810990841;151804
backdoor;18;0.01;0.5194811224937439;0.0061118341504813045;99.94449070219262;152159
normal;18;0.01;0.09940945357084274;4.766987136183366;6.328059950041632;152139
backdoor;19;0.01;0.498670756816864;0.005976234979761076;99.94449070219262;152533
normal;19;0.01;0.09781123697757721;4.4615542487280875;6.938662225922842;152514
backdoor;20;0.01;0.4755038022994995;0.005375402841877007;99.94449070219262;152908
normal;20;0.01;0.09064910560846329;4.188417050591482;6.966416874826534;152848
backdoor;21;0.01;0.4260241985321045;0.004454583060760191;99.91673605328893;153242
normal;21;0.01;0.08521918207406998;4.069265826460767;7.854565639744657;153223
backdoor;22;0.01;0.4154001772403717;0.0045575839364194876;99.91673605328893;153617
normal;22;0.01;0.08111543953418732;3.59138538678909;9.769636414099361;153557
backdoor;23;0.01;0.37199538946151733;0.0037798714453772964;99.9722453510963;153951
normal;23;0.01;0.07629629969596863;3.460432680874294;12.98917568692756;153931
backdoor;24;0.01;0.35805782675743103;0.003476641235241494;99.94449070219262;154325
normal;24;0.01;0.07306032627820969;3.2167897633091544;15.292811545933944;154306
backdoor;25;0.01;0.3278014063835144;0.004118517976171962;99.88898140438523;154659
normal;25;0.01;0.06793048232793808;2.8905468683058095;21.45434360255343;154640
backdoor;26;0.01;0.291933536529541;0.004070494096245348;99.88898140438523;155034
normal;26;0.01;0.06599541753530502;2.6157206876734347;24.895920066611158;155014
backdoor;27;0.01;0.2521685063838959;0.0024476038852617155;99.94449070219262;155408
normal;27;0.01;0.06186377629637718;2.504316741240304;28.58728837080211;155349
backdoor;28;0.01;0.23161476850509644;0.002097480872799264;99.9722453510963;155742
normal;28;0.01;0.0580923818051815;2.3926906030425554;33.583125173466556;155723
backdoor;29;0.01;0.21633554995059967;0.001578675110088658;100.0;160116
normal;29;0.01;0.05498243123292923;2.123220095691658;37.49653066888704;160056
backdoor;30;0.01;0.18165910243988037;0.0008924541080348712;100.0;160451
normal;30;0.01;0.05071314424276352;2.1534790199279965;38.190396891479324;160432
backdoor;31;0.01;0.18436871469020844;0.0005604183104769835;100.0;160825
normal;31;0.01;0.04783777520060539;1.8832075034859874;42.65889536497363;160806
backdoor;32;0.01;0.16229845583438873;0.0013328740136386492;99.94449070219262;161159
normal;32;0.01;0.04669029265642166;1.8428329299611166;46.87760199833472;161139
backdoor;33;0.01;0.14300401508808136;0.000785702363988787;100.0;161533
normal;33;0.01;0.044329289346933365;1.679651653097879;51.34610047182903;161514
backdoor;34;0.01;0.11222102493047714;0.0009298326670922092;99.9722453510963;161906
normal;34;0.01;0.04075552150607109;1.5525940986148044;52.92811545933944;161847
backdoor;35;0.01;0.10175905376672745;0.001586193905605419;99.94449070219262;162241
normal;35;0.01;0.04077127203345299;1.1923335918057074;63.25284485151263;162221
backdoor;36;0.01;0.09507980942726135;0.0010719500959714802;99.94449070219262;162615
normal;36;0.01;0.03463364392518997;0.9472552467144812;69.85845129059118;162555
backdoor;37;0.01;0.08370551466941833;0.0010262331642445722;99.9722453510963;163004
normal;37;0.01;0.031723495572805405;0.8725678746898969;71.96780460727172;162942
backdoor;38;0.01;0.08610919117927551;0.00036843298452579224;100.0;163409
normal;38;0.01;0.03151577338576317;0.8040610025702766;74.18817651956702;163346
backdoor;39;0.01;0.06789112091064453;0.0005007901987815336;100.0;163825
normal;39;0.01;0.02965228259563446;0.8275211673501859;74.24368581737441;163805
backdoor;40;0.01;0.08042512089014053;0.00044397215978846295;100.0;164204
normal;40;0.01;0.027028888463974;0.6530703493651667;80.59950041631973;164144
backdoor;41;0.01;0.06515736132860184;0.0002886923509136097;100.0;164539
normal;41;0.01;0.026399346068501472;0.6826870741093619;79.26727726894255;164519
backdoor;42;0.01;0.05166325345635414;0.00048234935472220514;99.9722453510963;164914
normal;42;0.01;0.023617016151547432;0.7503172237340225;77.79628087704691;164854
backdoor;43;0.01;0.06142539158463478;0.00013668002507264196;100.0;165248
normal;43;0.01;0.024297019466757774;0.9215424343066814;72.85595337218984;165229
backdoor;44;0.01;0.0498276986181736;0.00037591628270261263;99.9722453510963;165623
normal;44;0.01;0.02257891558110714;0.6019278282742682;82.40355259505968;165604
backdoor;45;0.01;0.0536634624004364;0.0007462704701421693;99.9722453510963;165957
normal;45;0.01;0.021314047276973724;0.4016129644197323;88.89814043852346;165938
backdoor;46;0.01;0.0445854477584362;0.0009385409434042912;99.9722453510963;170331
normal;46;0.01;0.018629800528287888;0.5110005922357043;85.98390230363586;170312
backdoor;47;0.01;0.04902873560786247;0.0005348075520631065;99.9722453510963;170705
normal;47;0.01;0.019923418760299683;0.46806324948925065;86.76103247293922;170645
backdoor;48;0.01;0.046072158962488174;0.0007638562267277951;99.9722453510963;171038
normal;48;0.01;0.018847836181521416;0.48730340587606435;86.42797668609492;171019
backdoor;49;0.01;0.04903225228190422;0.001196503012490819;99.94449070219262;171412
normal;49;0.01;0.018864812329411507;0.34330822373558145;89.84179850124896;171352
backdoor;50;0.01;0.033216692507267;0.0013723120783522783;99.94449070219262;171745
normal;50;0.01;0.017750965431332588;0.28377781610273173;92.83930058284763;171726
backdoor;51;0.01;0.034166883677244186;0.0011095473727698517;99.94449070219262;172120
normal;51;0.01;0.01587619073688984;0.3030717270658177;92.2842076047738;172101
backdoor;52;0.01;0.04429344832897186;0.0010381511555216843;99.94449070219262;172454
normal;52;0.01;0.014689561910927296;0.40925378879506885;88.50957535387177;172434
backdoor;53;0.01;0.04210412874817848;0.0017446870052861632;99.94449070219262;172827
normal;53;0.01;0.013626369647681713;0.2966447483614819;92.894809880655;172808
backdoor;54;0.01;0.04325566068291664;0.000466306402502939;99.94449070219262;173201
normal;54;0.01;0.01407899335026741;0.3645114464260888;90.25811823480433;173141
backdoor;55;0.01;0.03619061037898064;0.0026252205527968497;99.94449070219262;173535
normal;55;0.01;0.013653063215315342;0.26335448167893477;92.72828198723286;173515
backdoor;56;0.01;0.03805159032344818;0.00079366262000837;99.9722453510963;173909
normal;56;0.01;0.01210634596645832;0.26028473735633173;94.00499583680266;173849
backdoor;57;0.01;0.02986503392457962;0.00017042366537340948;100.0;174243
normal;57;0.01;0.013057883828878403;0.4101814301066719;88.78712184290869;174223
backdoor;58;0.01;0.035697706043720245;0.0004053123925962611;99.9722453510963;174620
normal;58;0.01;0.013352886773645878;0.29568786479898734;91.9511518179295;174558
backdoor;59;0.01;0.031330909579992294;0.0006823313872971018;99.94449070219262;174955
normal;59;0.01;0.010832121595740318;0.2534858243865104;94.5045795170691;174935
backdoor;60;0.01;0.034061238169670105;0.001736224861988863;99.9722453510963;175330
normal;60;0.01;0.01200461108237505;0.3088691337324902;91.03524840410769;175311
backdoor;61;0.01;0.03237554430961609;0.0021896240323147327;99.94449070219262;175704
normal;61;0.01;0.010840186849236488;0.21729044139174816;94.25478767693589;175645
backdoor;62;0.01;0.03133298084139824;0.0020494970590332353;99.91673605328893;180038
normal;62;0.01;0.009291592054069042;0.21917256299246546;93.8939772411879;180019
backdoor;63;0.01;0.02613280899822712;0.0016693842851055018;99.9722453510963;180413
normal;63;0.01;0.009282952174544334;0.2079549306606067;95.00416319733556;180353
backdoor;64;0.01;0.03550417721271515;0.0019380365333943133;99.9722453510963;180747
normal;64;0.01;0.009603661485016346;0.28546863498826375;92.45073549819595;180728
backdoor;65;0.01;0.02260594815015793;0.0023233296174068542;99.94449070219262;181121
normal;65;0.01;0.008992720395326614;0.18583665962858048;95.92006661115737;181102
backdoor;66;0.01;0.02542223036289215;0.002503231282202116;99.91673605328893;181453
normal;66;0.01;0.010197044350206852;0.16677540331289778;96.08659450457952;181434
backdoor;67;0.01;0.026143481954932213;0.0004226642934626801;99.9722453510963;181825
normal;67;0.01;0.008163133636116982;0.20112717638214594;95.61476547321676;181806
backdoor;68;0.01;0.025510108098387718;0.0007922826428305512;99.9722453510963;182157
normal;68;0.01;0.008795928210020065;0.31099737384812787;92.14543436025534;182138
backdoor;69;0.01;0.02699672430753708;0.0011991219758237346;99.9722453510963;182530
normal;69;0.01;0.009952811524271965;0.20088094650697177;95.33721898417986;182510
backdoor;70;0.01;0.020931005477905273;0.000806434430122793;99.9722453510963;182901
normal;70;0.01;0.007517501246184111;0.17278413920666658;96.53066888703857;182842
backdoor;71;0.01;0.023178718984127045;0.0004158675645245859;99.9722453510963;183234
normal;71;0.01;0.009298878721892834;0.18447680939831587;95.42048293089093;183214
backdoor;72;0.01;0.023044290021061897;0.0014815783883797328;99.9722453510963;183606
normal;72;0.01;0.009365029633045197;0.1525075383183842;96.8082153760755;183546
backdoor;73;0.01;0.02198585495352745;0.002203677831790036;99.9722453510963;183937
normal;73;0.01;0.007686258293688297;0.15643779669217614;96.4751595892312;183918
backdoor;74;0.01;0.03094487637281418;0.0011013792294693762;99.9722453510963;184309
normal;74;0.01;0.008626745082437992;0.18125178275540443;95.33721898417986;184250
backdoor;75;0.01;0.025837859138846397;0.0015074888329798147;99.9722453510963;184641
normal;75;0.01;0.007597713265568018;0.17057454162190688;96.1421038023869;184622
backdoor;76;0.01;0.020421914756298065;0.004482885685912227;99.88898140438523;185013
normal;76;0.01;0.007225595414638519;0.12276516054098319;97.33555370524563;184954
backdoor;77;0.01;0.018995031714439392;0.002139528812509572;99.94449070219262;185346
normal;77;0.01;0.005816164892166853;0.14450746619239782;96.89147932278657;185327
backdoor;78;0.01;0.02019229717552662;0.0011968402821992963;99.9722453510963;185718
normal;78;0.01;0.006679445039480925;0.17786463683271017;95.8368026644463;185659
backdoor;79;0.01;0.028148699551820755;0.0004226851279041452;99.9722453510963;190050
normal;79;0.01;0.007375447079539299;0.1894002546880176;95.55925617540939;190031
backdoor;80;0.01;0.024396851658821106;0.0005446009303571776;99.9722453510963;190423
normal;80;0.01;0.006840466056019068;0.13819977222495153;97.1135165140161;190404
backdoor;81;0.01;0.016986537724733353;0.001729332202613891;99.9722453510963;190755
normal;81;0.01;0.0055985539220273495;0.12319392936161787;97.52983624757147;190736
backdoor;82;0.01;0.01835961826145649;0.0015831681993776466;99.94449070219262;191127
normal;82;0.01;0.006320532876998186;0.1315852677149547;97.28004440743824;191108
backdoor;83;0.01;0.019645990803837776;0.001493127493593228;99.9722453510963;191459
normal;83;0.01;0.0051355441100895405;0.170261989397694;95.75353871773522;191439
backdoor;84;0.01;0.024112120270729065;0.0019475311565026708;99.94449070219262;191831
normal;84;0.01;0.006569582037627697;0.155885552734484;96.25312239800166;191812
backdoor;85;0.01;0.023718520998954773;0.0015031999008832488;99.94449070219262;192204
normal;85;0.01;0.0052441200241446495;0.14171426189383413;97.28004440743824;192144
backdoor;86;0.01;0.011836658231914043;0.0014207420491343925;99.91673605328893;192537
normal;86;0.01;0.00495711388066411;0.13696037295577898;97.25228975853456;192517
backdoor;87;0.01;0.014480610378086567;0.002362689409747832;99.91673605328893;192911
normal;87;0.01;0.004771931562572718;0.13960187893364473;96.83597002497919;192851
backdoor;88;0.01;0.026337100192904472;0.004670844262719158;99.88898140438523;193244
normal;88;0.01;0.004529229830950499;0.13224781410351466;97.28004440743824;193224
backdoor;89;0.01;0.023950031027197838;0.00019495041391789117;99.9722453510963;193616
normal;89;0.01;0.005417526233941317;0.2620988320884955;94.75437135720233;193557
backdoor;90;0.01;0.020690571516752243;0.0007636070123796943;99.9722453510963;193948
normal;90;0.01;0.005432953592389822;0.1511017946705401;96.8082153760755;193929
backdoor;91;0.01;0.020498599857091904;0.0013352234213744073;99.9722453510963;194321
normal;91;0.01;0.0043150740675628185;0.17348008704367296;95.64252012212046;194302
backdoor;92;0.01;0.017990201711654663;0.0020186292983983356;99.94449070219262;194653
normal;92;0.01;0.004708851221948862;0.1336832732116358;97.05800721620872;194634
backdoor;93;0.01;0.016583971679210663;0.0010867605241947336;99.94449070219262;195025
normal;93;0.01;0.005466402042657137;0.1294074814041982;97.30779905634193;195005
backdoor;94;0.01;0.02215675637125969;0.0016687001302777707;99.9722453510963;195358
normal;94;0.01;0.004636832047253847;0.15303149777499062;96.91923397169026;195339
backdoor;95;0.01;0.02154390513896942;0.0011624865546735746;99.9722453510963;195730
normal;95;0.01;0.003288345644250512;0.13705980149411154;97.28004440743824;195711
backdoor;96;0.01;0.021542830392718315;0.0019150775281088698;99.9722453510963;200102
normal;96;0.01;0.003836975898593664;0.15333608125398893;96.33638634471274;200043
backdoor;97;0.01;0.022664619609713554;0.0010225378730343846;99.9722453510963;200436
normal;97;0.01;0.0038075949996709824;0.13650994665019656;97.00249791840133;200417
backdoor;98;0.01;0.017758915200829506;0.0001869809373031628;100.0;200808
normal;98;0.01;0.003858037292957306;0.1657055888729247;96.64168748265334;200748
backdoor;99;0.01;0.014353620819747448;0.004174405176644073;99.88898140438523;201140
normal;99;0.01;0.004536897875368595;0.12412097539354154;97.25228975853456;201121
backdoor;100;0.01;0.02160959132015705;0.0013114117115993436;99.9722453510963;201513
normal;100;0.01;0.0029869324062019587;0.14190144050780937;96.69719678046073;201453
